count      fraction               similarity             nclusters  T_pella8--0 T_pyra1--0 T_pyra2--0 T_pella7--0 T_pella6--0 T_pella5--0 T_pyra3--0 T_pella9--0 T_pyra4--0 T_pella8--1 T_pyra1--1 T_pyra2--1 T_pella7--1 T_pella6--1 T_pella5--1 T_pyra3--1 T_pella9--1 T_pyra4--1 
134        0.015042658284687921   8729.954248366066      10         3    8    9    5    6    7    10   4    1    3    8    9    5    6    7    10   4    2    
418        0.04692411315671307    8622.973856209268      10         3    7    8    4    5    6    10   1    9    3    7    8    4    5    6    10   2    9    
1078       0.12101481814099686    8217.300653594892      9          1    6    7    3    4    5    9    2    8    1    6    7    3    4    5    9    2    8    
50         0.005612932195779075   7107.431372549165      11         5    8    9    6    7    1    11   2    10   5    8    9    6    7    3    11   4    10   
3          3.367759317467445E-4   7060.934640523035      12         7    1    2    9    10   3    12   8    11   7    4    5    9    10   6    12   8    11   
17         0.0019083969465648854  7041.790849673387      14         11   13   14   12   1    2    3    4    5    11   13   14   12   6    7    8    9    10   
41         0.004602604400538841   7036.0718954249905     11         5    9    1    6    7    8    11   2    10   5    9    3    6    7    8    11   4    10   
57         0.0063987427031881455  7008.967320261501      13         9    12   13   10   1    11   2    3    4    9    12   13   10   5    11   6    7    8    
286        0.03210597215985631    6968.457516339989      11         5    9    10   7    1    8    2    6    11   5    9    10   7    3    8    4    6    11   
17         0.0019083969465648854  6907.379084967464      15         13   1    15   2    3    14   4    5    6    13   7    15   8    9    14   10   11   12   
42         0.004714863044454423   6642.921568627612      12         7    10   11   8    9    1    2    3    12   7    10   11   8    9    4    5    6    12   
47         0.0052761562640323304  6606.601307189707      11         5    9    1    7    2    8    10   6    11   5    9    3    7    4    8    10   6    11   
8          8.98069151324652E-4    6606.333333333493      14         1    12   13   2    11   3    4    5    14   6    12   13   7    11   8    9    10   14   
96         0.010776829815895825   6568.437908496886      11         5    8    9    1    2    7    10   6    11   5    8    9    3    4    7    10   6    11   
16         0.001796138302649304   6448.52941176489       14         11   1    13   2    3    12   4    5    14   11   6    13   7    8    12   9    10   14   
44         0.004939380332285586   6445.300653594876      12         7    10   1    8    2    9    11   3    12   7    10   4    8    5    9    11   6    12   
16         0.001796138302649304   6365.0000000000855     12         7    1    10   9    2    3    11   8    12   7    4    10   9    5    6    11   8    12   
11         0.0012348450830713966  6359.843137255064      14         11   1    13   2    3    12   14   4    5    11   6    13   7    8    12   14   9    10   
5          5.612932195779075E-4   6358.856209150495      14         11   1    2    3    12   13   4    5    14   11   6    7    8    12   13   9    10   14   
24         0.002694207453973956   6347.784313725651      11         5    8    9    1    7    2    10   6    11   5    8    9    3    7    4    10   6    11   
10         0.001122586439155815   6343.718954248466      15         13   15   1    14   2    3    4    5    6    13   15   7    14   8    9    10   11   12   
61         0.0068477772788504716  6340.215686274605      11         5    8    9    1    6    7    10   2    11   5    8    9    3    6    7    10   4    11   
248        0.02784014369106421    6291.163398692955      11         5    8    9    6    1    7    10   2    11   5    8    9    6    3    7    10   4    11   
12         0.001347103726986978   6255.901960784482      14         1    13   2    11   3    12   4    5    14   6    13   7    11   8    12   9    10   14   
62         0.006960035922766053   6029.921568627551      13         9    11   12   1    2    10   3    4    13   9    11   12   5    6    10   7    8    13   
49         0.0055006735518634935  5966.980392156989      11         1    8    9    6    2    7    10   5    11   3    8    9    6    4    7    10   5    11   
481        0.0539964077233947     5940.0718954248805     10         3    7    8    5    1    6    9    4    10   3    7    8    5    2    6    9    4    10   
63         0.007072294566681635   5441.901960784424      11         5    9    10   7    1    8    11   6    2    5    9    10   7    3    8    11   6    4    
170        0.019083969465648856   5379.477124183086      12         7    10   11   8    1    9    2    3    12   7    10   11   8    4    9    5    6    12   
22         0.002469690166142793   5365.2810457517435     12         7    10   11   1    2    9    12   8    3    7    10   11   4    5    9    12   8    6    
68         0.007633587786259542   5196.732026143875      12         7    11   12   9    1    10   2    8    3    7    11   12   9    4    10   5    8    6    
60         0.00673551863493489    5133.581699346502      12         7    10   11   1    2    9    3    8    12   7    10   11   4    5    9    6    8    12   
35         0.003929052537045352   5068.601307189637      12         7    11   1    8    9    10   2    3    12   7    11   4    8    9    10   5    6    12   
14         0.001571621014818141   5026.993464052368      13         9    1    12   10   11   2    3    4    13   9    5    12   10   11   6    7    8    13   
57         0.0063987427031881455  5019.450980392247      11         5    1    9    7    2    8    10   6    11   5    3    9    7    4    8    10   6    11   
1          1.122586439155815E-4   4985.562091503365      12         1    11   2    8    9    10   12   7    3    4    11   5    8    9    10   12   7    6    
187        0.02099236641221374    4981.235294117719      11         5    9    10   6    7    8    1    2    11   5    9    10   6    7    8    3    4    11   
32         0.003592276605298608   4766.82352941185       14         11   13   14   1    2    12   3    4    5    11   13   14   6    7    12   8    9    10   
62         0.006960035922766053   4742.764705882431      12         7    9    10   1    2    8    11   3    12   7    9    10   4    5    8    11   6    12   
3          3.367759317467445E-4   4700.8366013072955     16         1    2    16   3    15   4    5    6    7    8    9    16   10   15   11   12   13   14   
72         0.008082622361921869   4692.692810457563      11         5    9    10   1    7    8    2    6    11   5    9    10   3    7    8    4    6    11   
88         0.009878760664571173   4615.915032679807      11         5    8    9    7    1    2    10   6    11   5    8    9    7    3    4    10   6    11   
1          1.122586439155815E-4   4583.594771241927      13         1    12   2    10   3    11   13   9    4    5    12   6    10   7    11   13   9    8    
64         0.007184553210597216   4532.215686274566      11         5    1    10   7    8    9    2    6    11   5    3    10   7    8    9    4    6    11   
3          3.367759317467445E-4   4506.777777777834      14         11   13   1    2    3    4    5    12   14   11   13   6    7    8    9    10   12   14   
435        0.04883251010327795    4464.098039215762      10         3    8    9    5    6    7    1    4    10   3    8    9    5    6    7    2    4    10   
4          4.49034575662326E-4    4444.150326797453      13         9    12   1    2    11   3    4    10   13   9    12   5    6    11   7    8    10   13   
11         0.0012348450830713966  4441.960784313778      14         11   14   1    12   2    13   3    4    5    11   14   6    12   7    13   8    9    10   
79         0.008868432869330938   4016.4052287582435     10         3    8    1    5    6    7    9    4    10   3    8    2    5    6    7    9    4    10   
12         0.001347103726986978   3928.6470588235766     12         7    11   1    9    2    10   12   8    3    7    11   4    9    5    10   12   8    6    
9          0.0010103277952402336  3911.3398692811193     13         9    11   12   1    2    3    13   10   4    9    11   12   5    6    7    13   10   8    
4          4.49034575662326E-4    3910.2679738562806     13         1    11   2    3    4    10   12   9    13   5    11   6    7    8    10   12   9    13   
46         0.005163897620116749   3907.0326797385933     12         7    11   1    9    2    10   3    8    12   7    11   4    9    5    10   6    8    12   
7          7.858105074090704E-4   3905.3660130719372     14         11   1    13   2    3    4    5    12   14   11   6    13   7    8    9    10   12   14   
2          2.24517287831163E-4    3892.712418300695      14         1    12   13   2    11   3    14   4    5    6    12   13   7    11   8    14   9    10   
17         0.0019083969465648854  3856.535947712484      13         9    12   13   1    2    11   3    10   4    9    12   13   5    6    11   7    10   8    
71         0.007970363718006286   3850.2679738562606     11         5    9    10   7    8    1    2    6    11   5    9    10   7    8    3    4    6    11   
51         0.0057251908396946565  3773.8692810458115     11         5    10   1    7    8    9    2    6    11   5    10   3    7    8    9    4    6    11   
15         0.0016838796587337224  3724.5686274510444     13         9    1    11   2    3    10   12   4    13   9    5    11   6    7    10   12   8    13   
10         0.001122586439155815   3692.640522875853      16         15   1    2    3    4    5    6    7    16   15   8    9    10   11   12   13   14   16   
18         0.002020655590480467   3689.6993464053085     15         13   1    14   2    3    4    5    6    15   13   7    14   8    9    10   11   12   15   
5          5.612932195779075E-4   3687.3202614379557     14         11   1    2    3    4    13   5    12   14   11   6    7    8    9    13   10   12   14   
19         0.0021329142343960487  3676.189542483722      12         7    1    10   2    8    9    11   3    12   7    4    10   5    8    9    11   6    12   
136        0.015267175572519083   3662.3398692811093     10         3    7    8    1    5    6    9    4    10   3    7    8    2    5    6    9    4    10   
47         0.0052761562640323304  3533.2287581700016     13         1    11   12   9    2    10   3    4    13   5    11   12   9    6    10   7    8    13   
59         0.0066232599910193085  3476.875816993512      12         7    10   11   9    1    2    3    8    12   7    10   11   9    4    5    6    8    12   
6          6.73551863493489E-4    3463.76470588241       16         1    16   2    15   3    4    5    6    7    8    16   9    15   10   11   12   13   14   
4          4.49034575662326E-4    3460.9019607843625     16         1    15   16   2    3    4    5    6    7    8    15   16   9    10   11   12   13   14   
10         0.001122586439155815   3404.9215686275043     12         1    9    10   8    2    3    11   7    12   4    9    10   8    5    6    11   7    12   
6          6.73551863493489E-4    3397.94117647065       13         9    12   1    2    3    11   13   10   4    9    12   5    6    7    11   13   10   8    
34         0.003816793893129771   3392.124183006588      12         7    1    11   8    9    10   2    3    12   7    4    11   8    9    10   5    6    12   
12         0.001347103726986978   3387.8888888889273     15         13   1    2    14   3    15   4    5    6    13   7    8    14   9    15   10   11   12   
23         0.0025819488100583747  3352.424836601347      14         11   12   13   1    2    3    4    5    14   11   12   13   6    7    8    9    10   14   
17         0.0019083969465648854  3328.934640522927      13         9    10   11   1    2    3    12   4    13   9    10   11   5    6    7    12   8    13   
49         0.0055006735518634935  3317.568627451021      12         7    10   11   8    1    9    12   2    3    7    10   11   8    4    9    12   5    6    
4          4.49034575662326E-4    3254.660130719001      14         11   14   1    12   13   2    3    4    5    11   14   6    12   13   7    8    9    10   
59         0.0066232599910193085  3246.1372549020166     12         7    1    10   8    2    9    11   3    12   7    4    10   8    5    9    11   6    12   
9          0.0010103277952402336  3243.699346405275      13         9    11   1    2    3    4    12   10   13   9    11   5    6    7    8    12   10   13   
6          6.73551863493489E-4    3241.7777777777965     17         1    2    3    17   4    5    6    7    8    9    10   11   17   12   13   14   15   16   
7          7.858105074090704E-4   3229.9803921568964     17         1    2    17   3    4    5    6    7    8    9    10   17   11   12   13   14   15   16   
70         0.007858105074090705   3185.7647058823895     10         1    7    8    4    5    6    9    3    10   2    7    8    4    5    6    9    3    10   
32         0.003592276605298608   3117.490196078465      12         1    9    10   7    2    8    11   3    12   4    9    10   7    5    8    11   6    12   
11         0.0012348450830713966  3076.5882352941476     12         7    11   1    8    9    10   12   2    3    7    11   4    8    9    10   12   5    6    
8          8.98069151324652E-4    3072.5620915033087     13         1    2    12   9    10   11   3    4    13   5    6    12   9    10   11   7    8    13   
12         0.001347103726986978   3062.222222222273      13         1    12   13   10   2    11   3    9    4    5    12   13   10   6    11   7    9    8    
54         0.006061966771441401   3056.921568627482      12         7    10   11   1    8    9    2    3    12   7    10   11   4    8    9    5    6    12   
55         0.0061742254153569825  2999.8823529412102     12         7    9    10   8    1    2    11   3    12   7    9    10   8    4    5    11   6    12   
5          5.612932195779075E-4   2991.9150326797735     14         1    13   14   2    11   12   3    4    5    6    13   14   7    11   12   8    9    10   
15         0.0016838796587337224  2931.803921568674      11         1    9    10   6    7    8    11   5    2    3    9    10   6    7    8    11   5    4    
6          6.73551863493489E-4    2923.8758169934913     16         1    2    3    15   4    5    16   6    7    8    9    10   15   11   12   16   13   14   
60         0.00673551863493489    2922.2679738562497     11         5    9    10   6    7    8    11   1    2    5    9    10   6    7    8    11   3    4    
14         0.001571621014818141   2857.4444444444734     15         1    14   15   13   2    3    4    5    6    7    14   15   13   8    9    10   11   12   
13         0.0014593623709025594  2845.954248366052      13         1    12   13   9    10   11   2    3    4    5    12   13   9    10   11   6    7    8    
2          2.24517287831163E-4    2828.549019607873      13         1    2    3    10   4    11   12   9    13   5    6    7    10   8    11   12   9    13   
15         0.0016838796587337224  2825.89542483664       13         9    11   1    2    3    10   12   4    13   9    11   5    6    7    10   12   8    13   
55         0.0061742254153569825  2822.9869281046163     13         9    1    12   10   2    11   3    4    13   9    5    12   10   6    11   7    8    13   
3          3.367759317467445E-4   2820.0588235294435     16         1    16   2    3    4    15   5    6    7    8    16   9    10   11   15   12   13   14   
15         0.0016838796587337224  2760.660130718985      12         7    1    2    9    10   11   3    8    12   7    4    5    9    10   11   6    8    12   
49         0.0055006735518634935  2750.00000000003       11         5    1    9    6    7    8    10   2    11   5    3    9    6    7    8    10   4    11   
1          1.122586439155815E-4   2748.666666666701      14         1    13   2    11   12   3    14   4    5    6    13   7    11   12   8    14   9    10   
16         0.001796138302649304   2699.496732026175      13         9    1    11   10   2    3    12   4    13   9    5    11   10   6    7    12   8    13   
38         0.004265828468792097   2684.843137254933      13         9    12   1    10   2    11   3    4    13   9    12   5    10   6    11   7    8    13   
10         0.001122586439155815   2642.6601307189862     13         9    11   1    10   2    3    12   4    13   9    11   5    10   6    7    12   8    13   
32         0.003592276605298608   2630.0588235294417     12         7    11   12   8    9    10   1    2    3    7    11   12   8    9    10   4    5    6    
9          0.0010103277952402336  2628.9411764706083     14         11   12   1    2    3    4    13   5    14   11   12   6    7    8    9    13   10   14   
9          0.0010103277952402336  2588.3986928104728     15         13   15   1    2    3    14   4    5    6    13   15   7    8    9    14   10   11   12   
7          7.858105074090704E-4   2577.2352941176728     12         7    1    2    8    9    10   11   3    12   7    4    5    8    9    10   11   6    12   
55         0.0061742254153569825  2576.477124183033      12         7    1    11   9    2    10   3    8    12   7    4    11   9    5    10   6    8    12   
6          6.73551863493489E-4    2575.503267973872      15         13   14   1    2    3    4    15   5    6    13   14   7    8    9    10   15   11   12   
2          2.24517287831163E-4    2569.0915032680027     14         1    2    13   3    11   12   4    5    14   6    7    13   8    11   12   9    10   14   
3          3.367759317467445E-4   2564.379084967337      14         1    2    3    12   4    13   14   11   5    6    7    8    12   9    13   14   11   10   
54         0.006061966771441401   2521.2287581699666     13         9    11   12   10   1    2    3    4    13   9    11   12   10   5    6    7    8    13   
15         0.0016838796587337224  2465.444444444461      12         7    10   11   1    9    2    3    8    12   7    10   11   4    9    5    6    8    12   
1          1.122586439155815E-4   2453.0718954248514     14         11   13   1    2    12   3    14   4    5    11   13   6    7    12   8    14   9    10   
5          5.612932195779075E-4   2443.6732026143973     15         1    14   15   2    3    4    5    13   6    7    14   15   8    9    10   11   13   12   
3          3.367759317467445E-4   2438.470588235308      12         7    10   1    2    9    3    11   8    12   7    10   4    5    9    6    11   8    12   
3          3.367759317467445E-4   2436.176470588254      14         11   1    13   12   2    3    14   4    5    11   6    13   12   7    8    14   9    10   
10         0.001122586439155815   2434.333333333353      15         13   1    15   14   2    3    4    5    6    13   7    15   14   8    9    10   11   12   
5          5.612932195779075E-4   2421.862745098052      15         13   1    2    3    4    14   5    6    15   13   7    8    9    10   14   11   12   15   
10         0.001122586439155815   2414.3464052287814     14         11   13   14   1    12   2    3    4    5    11   13   14   6    12   7    8    9    10   
12         0.001347103726986978   2411.1699346405385     12         1    10   11   8    9    2    3    7    12   4    10   11   8    9    5    6    7    12   
5          5.612932195779075E-4   2408.0522875817046     18         1    2    3    4    5    6    7    8    9    10   11   12   13   14   15   16   17   18   
7          7.858105074090704E-4   2390.1176470588416     13         9    11   1    2    10   3    12   4    13   9    11   5    6    10   7    12   8    13   
10         0.001122586439155815   2388.4967320261685     13         9    1    12   2    11   3    4    10   13   9    5    12   6    11   7    8    10   13   
1          1.122586439155815E-4   2382.346405228771      15         1    15   2    14   3    4    5    13   6    7    15   8    14   9    10   11   13   12   
10         0.001122586439155815   2371.111111111121      15         13   1    2    3    4    15   5    14   6    13   7    8    9    10   15   11   14   12   
4          4.49034575662326E-4    2357.1045751634174     14         1    12   13   2    3    4    14   11   5    6    12   13   7    8    9    14   11   10   
14         0.001571621014818141   2357.07843137257       13         1    11   12   9    2    10   13   3    4    5    11   12   9    6    10   13   7    8    
7          7.858105074090704E-4   2356.9150326797358     17         17   1    2    3    4    5    6    7    8    17   9    10   11   12   13   14   15   16   
57         0.0063987427031881455  2348.516339869303      11         5    10   11   7    8    9    1    6    2    5    10   11   7    8    9    3    6    4    
92         0.010327795240233499   2293.640522875834      10         3    1    8    5    6    7    9    4    10   3    2    8    5    6    7    9    4    10   
24         0.002694207453973956   2199.4379084967513     11         5    1    9    2    7    8    10   6    11   5    3    9    4    7    8    10   6    11   
2          2.24517287831163E-4    2174.470588235309      13         1    2    11   9    10   3    12   4    13   5    6    11   9    10   7    12   8    13   
6          6.73551863493489E-4    2172.4575163398804     13         9    1    13   10   11   12   2    3    4    9    5    13   10   11   12   6    7    8    
5          5.612932195779075E-4   2162.294117647072      13         1    10   11   2    9    3    12   4    13   5    10   11   6    9    7    12   8    13   
5          5.612932195779075E-4   2161.88235294118       15         1    2    3    4    5    13   14   6    15   7    8    9    10   11   13   14   12   15   
7          7.858105074090704E-4   2155.673202614387      15         1    2    3    13   4    14   5    6    15   7    8    9    13   10   14   11   12   15   
38         0.004265828468792097   2154.098039215701      11         1    8    9    5    6    7    10   2    11   3    8    9    5    6    7    10   4    11   
8          8.98069151324652E-4    2112.0980392156985     12         7    10   11   1    8    9    12   2    3    7    10   11   4    8    9    12   5    6    
30         0.003367759317467445   2109.79738562093       12         1    10   11   7    8    9    2    3    12   4    10   11   7    8    9    5    6    12   
9          0.0010103277952402336  2069.2745098039336     17         1    2    3    4    5    17   6    7    8    9    10   11   12   13   17   14   15   16   
10         0.001122586439155815   2065.9607843137305     15         1    14   15   2    3    13   4    5    6    7    14   15   8    9    13   10   11   12   
1          1.122586439155815E-4   2060.1241830065424     14         1    13   2    3    11   12   14   4    5    6    13   7    8    11   12   14   9    10   
8          8.98069151324652E-4    2058.4901960784473     12         1    2    11   8    9    10   3    7    12   4    5    11   8    9    10   6    7    12   
1          1.122586439155815E-4   2056.8366013072095     14         1    2    13   3    12   4    5    11   14   6    7    13   8    12   9    10   11   14   
19         0.0021329142343960487  2050.2091503268043     15         1    13   14   2    3    4    5    6    15   7    13   14   8    9    10   11   12   15   
7          7.858105074090704E-4   2025.9673202614506     16         15   16   1    2    3    4    5    6    7    15   16   8    9    10   11   12   13   14   
16         0.001796138302649304   2021.8562091503377     14         1    13   14   11   2    12   3    4    5    6    13   14   11   7    12   8    9    10   
2          2.24517287831163E-4    2018.666666666676      14         1    14   2    11   12   13   3    4    5    6    14   7    11   12   13   8    9    10   
3          3.367759317467445E-4   2005.477124183013      14         1    2    14   12   3    13   4    11   5    6    7    14   12   8    13   9    11   10   
5          5.612932195779075E-4   2000.7516339869392     14         11   1    2    13   3    14   4    12   5    11   6    7    13   8    14   9    12   10   
18         0.002020655590480467   1998.8169934640623     13         9    11   12   10   1    2    13   3    4    9    11   12   10   5    6    13   7    8    
12         0.001347103726986978   1978.496732026154      12         7    1    12   8    9    10   11   2    3    7    4    12   8    9    10   11   5    6    
114        0.012797485406376291   1973.7777777777912     10         3    7    10   5    6    1    8    4    9    3    7    10   5    6    2    8    4    9    
11         0.0012348450830713966  1856.2483660130817     13         1    11   12   9    10   2    3    4    13   5    11   12   9    10   6    7    8    13   
3          3.367759317467445E-4   1855.026143790859      15         1    13   2    3    4    5    14   6    15   7    13   8    9    10   11   14   12   15   
7          7.858105074090704E-4   1846.058823529421      15         1    2    14   3    4    13   5    6    15   7    8    14   9    10   13   11   12   15   
10         0.001122586439155815   1838.0653594771345     11         1    8    9    6    7    2    10   5    11   3    8    9    6    7    4    10   5    11   
1          1.122586439155815E-4   1824.352941176475      13         1    2    12   3    10   11   13   9    4    5    6    12   7    10   11   13   9    8    
15         0.0016838796587337224  1821.104575163406      12         7    10   1    2    3    9    11   8    12   7    10   4    5    6    9    11   8    12   
4          4.49034575662326E-4    1821.0326797385644     16         15   1    2    3    16   4    5    6    7    15   8    9    10   16   11   12   13   14   
3          3.367759317467445E-4   1819.8169934640562     14         11   14   1    2    12   13   3    4    5    11   14   6    7    12   13   8    9    10   
48         0.005388414907947912   1806.1045751634117     11         1    9    10   6    7    8    2    5    11   3    9    10   6    7    8    4    5    11   
3          3.367759317467445E-4   1802.490196078437      15         1    2    3    4    13   14   5    6    15   7    8    9    10   13   14   11   12   15   
14         0.001571621014818141   1753.9803921568644     11         5    9    10   1    7    8    11   6    2    5    9    10   3    7    8    11   6    4    
1          1.122586439155815E-4   1753.4509803921624     15         1    2    14   13   3    4    15   5    6    7    8    14   13   9    10   15   11   12   
21         0.0023574315222272117  1743.764705882366      12         7    9    10   1    2    3    11   8    12   7    9    10   4    5    6    11   8    12   
19         0.0021329142343960487  1721.0915032679807     12         7    11   12   1    9    10   2    8    3    7    11   12   4    9    10   5    8    6    
2          2.24517287831163E-4    1699.7254901960837     16         1    16   2    3    4    5    6    15   7    8    16   9    10   11   12   13   15   14   
11         0.0012348450830713966  1699.3202614379122     12         1    9    10   2    7    8    11   3    12   4    9    10   5    7    8    11   6    12   
20         0.00224517287831163    1693.2352941176543     13         9    11   12   1    2    3    4    10   13   9    11   12   5    6    7    8    10   13   
18         0.002020655590480467   1668.6470588235318     13         9    13   1    10   11   12   2    3    4    9    13   5    10   11   12   6    7    8    
6          6.73551863493489E-4    1651.7058823529483     16         15   1    2    16   3    4    5    6    7    15   8    9    16   10   11   12   13   14   
9          0.0010103277952402336  1647.078431372553      15         1    14   2    3    4    13   5    6    15   7    14   8    9    10   13   11   12   15   
6          6.73551863493489E-4    1639.1437908496775     14         1    13   14   12   2    3    4    11   5    6    13   14   12   7    8    9    11   10   
7          7.858105074090704E-4   1630.1372549019657     12         7    10   1    2    8    9    11   3    12   7    10   4    5    8    9    11   6    12   
19         0.0021329142343960487  1629.4248366013155     13         9    1    12   2    3    11   4    10   13   9    5    12   6    7    11   8    10   13   
36         0.004041311180960934   1611.1633986928198     12         1    10   11   8    2    9    3    7    12   4    10   11   8    5    9    6    7    12   
12         0.001347103726986978   1572.8627450980448     12         7    1    10   8    9    2    11   3    12   7    4    10   8    9    5    11   6    12   
14         0.001571621014818141   1558.4705882353003     14         11   1    2    12   3    13   4    5    14   11   6    7    12   8    13   9    10   14   
4          4.49034575662326E-4    1557.7320261437935     15         1    14   2    13   3    4    15   5    6    7    14   8    13   9    10   15   11   12   
16         0.001796138302649304   1544.6732026143814     13         9    12   1    11   2    3    4    10   13   9    12   5    11   6    7    8    10   13   
7          7.858105074090704E-4   1528.307189542489      13         1    12   2    10   3    11   4    9    13   5    12   6    10   7    11   8    9    13   
11         0.0012348450830713966  1520.9673202614435     12         7    10   1    9    2    3    11   8    12   7    10   4    9    5    6    11   8    12   
11         0.0012348450830713966  1509.7254901960825     11         5    1    10   7    8    9    11   6    2    5    3    10   7    8    9    11   6    4    
5          5.612932195779075E-4   1497.457516339872      12         7    10   11   1    9    2    12   8    3    7    10   11   4    9    5    12   8    6    
13         0.0014593623709025594  1494.1960784313735     12         7    11   12   9    10   1    2    8    3    7    11   12   9    10   4    5    8    6    
3          3.367759317467445E-4   1480.764705882358      16         15   1    2    3    4    16   5    6    7    15   8    9    10   11   16   12   13   14   
4          4.49034575662326E-4    1478.4183006535984     14         1    2    13   12   3    4    14   11   5    6    7    13   12   8    9    14   11   10   
8          8.98069151324652E-4    1474.2026143790854     13         9    12   1    2    10   11   3    4    13   9    12   5    6    10   11   7    8    13   
5          5.612932195779075E-4   1466.61437908497       14         11   12   13   1    2    3    14   4    5    11   12   13   6    7    8    14   9    10   
10         0.001122586439155815   1462.7777777777806     12         1    2    10   7    8    9    11   3    12   4    5    10   7    8    9    11   6    12   
16         0.001796138302649304   1452.1633986928166     12         7    9    10   1    8    2    11   3    12   7    9    10   4    8    5    11   6    12   
14         0.001571621014818141   1437.2222222222263     13         9    13   1    11   2    12   3    10   4    9    13   5    11   6    12   7    10   8    
5          5.612932195779075E-4   1421.1437908496723     12         1    10   2    3    8    9    11   7    12   4    10   5    6    8    9    11   7    12   
2          2.24517287831163E-4    1417.3594771241821     16         1    2    3    4    5    16   6    15   7    8    9    10   11   12   16   13   15   14   
4          4.49034575662326E-4    1416.2679738562115     13         9    1    13   2    11   12   3    10   4    9    5    13   6    11   12   7    10   8    
10         0.001122586439155815   1412.2875816993476     16         1    15   2    3    4    5    6    7    16   8    15   9    10   11   12   13   14   16   
8          8.98069151324652E-4    1402.3725490196107     13         9    12   13   10   11   1    2    3    4    9    12   13   10   11   5    6    7    8    
6          6.73551863493489E-4    1396.9150326797408     14         1    2    12   11   3    4    13   5    14   6    7    12   11   8    9    13   10   14   
12         0.001347103726986978   1389.078431372551      12         1    10   11   2    8    9    3    7    12   4    10   11   5    8    9    6    7    12   
1          1.122586439155815E-4   1387.437908496733      12         1    10   11   8    9    2    12   7    3    4    10   11   8    9    5    12   7    6    
19         0.0021329142343960487  1378.202614379088      12         7    1    11   2    9    10   3    8    12   7    4    11   5    9    10   6    8    12   
10         0.001122586439155815   1360.8104575163438     12         1    2    10   8    3    9    11   7    12   4    5    10   8    6    9    11   7    12   
9          0.0010103277952402336  1345.1633986928125     12         1    10   12   7    8    9    11   2    3    4    10   12   7    8    9    11   5    6    
2          2.24517287831163E-4    1344.8104575163381     16         1    16   2    3    15   4    5    6    7    8    16   9    10   15   11   12   13   14   
14         0.001571621014818141   1339.3006535947748     13         1    10   11   9    2    3    12   4    13   5    10   11   9    6    7    12   8    13   
15         0.0016838796587337224  1323.607843137255      11         1    2    9    6    7    8    10   5    11   3    4    9    6    7    8    10   5    11   
1          1.122586439155815E-4   1323.3660130718936     13         1    2    11   3    10   4    12   9    13   5    6    11   7    10   8    12   9    13   
5          5.612932195779075E-4   1309.3267973856225     13         9    1    2    3    4    11   12   10   13   9    5    6    7    8    11   12   10   13   
4          4.49034575662326E-4    1304.392156862745      13         1    2    12   10   11   3    4    9    13   5    6    12   10   11   7    8    9    13   
8          8.98069151324652E-4    1301.2679738562117     15         1    2    15   13   3    14   4    5    6    7    8    15   13   9    14   10   11   12   
4          4.49034575662326E-4    1292.4901960784323     14         11   1    13   2    3    4    14   12   5    11   6    13   7    8    9    14   12   10   
16         0.001796138302649304   1291.5163398692848     13         9    1    12   11   2    3    4    10   13   9    5    12   11   6    7    8    10   13   
5          5.612932195779075E-4   1272.4771241830067     14         1    12   2    11   3    4    13   5    14   6    12   7    11   8    9    13   10   14   
13         0.0014593623709025594  1268.8104575163395     13         1    10   11   2    3    9    12   4    13   5    10   11   6    7    9    12   8    13   
10         0.001122586439155815   1255.307189542486      16         15   1    16   2    3    4    5    6    7    15   8    16   9    10   11   12   13   14   
1          1.122586439155815E-4   1255.2483660130752     15         1    14   2    3    4    5    6    13   15   7    14   8    9    10   11   12   13   15   
13         0.0014593623709025594  1244.2483660130713     11         5    1    2    7    8    9    10   6    11   5    3    4    7    8    9    10   6    11   
13         0.0014593623709025594  1230.6601307189542     11         5    9    1    2    7    8    10   6    11   5    9    3    4    7    8    10   6    11   
7          7.858105074090704E-4   1219.5163398692825     17         1    2    3    4    5    6    7    8    17   9    10   11   12   13   14   15   16   17   
17         0.0019083969465648854  1214.5620915032684     14         1    12   13   11   2    3    4    5    14   6    12   13   11   7    8    9    10   14   
11         0.0012348450830713966  1196.555555555556      15         13   14   1    2    3    4    5    6    15   13   14   7    8    9    10   11   12   15   
12         0.001347103726986978   1186.0588235294108     12         1    9    10   2    3    8    11   7    12   4    9    10   5    6    8    11   7    12   
4          4.49034575662326E-4    1172.6405228758174     13         9    13   1    11   12   2    3    10   4    9    13   5    11   12   6    7    10   8    
8          8.98069151324652E-4    1169.3202614379068     13         9    12   1    10   11   2    3    4    13   9    12   5    10   11   6    7    8    13   
22         0.002469690166142793   1161.11111111111       11         1    8    9    2    6    7    10   5    11   3    8    9    4    6    7    10   5    11   
16         0.001796138302649304   1143.5882352941198     14         11   1    13   12   2    3    4    5    14   11   6    13   12   7    8    9    10   14   
12         0.001347103726986978   1126.0915032679727     13         9    1    2    10   3    11   12   4    13   9    5    6    10   7    11   12   8    13   
6          6.73551863493489E-4    1111.8888888888869     12         1    9    10   2    8    3    11   7    12   4    9    10   5    8    6    11   7    12   
6          6.73551863493489E-4    1108.098039215685      14         11   14   1    2    3    13   4    12   5    11   14   6    7    8    13   9    12   10   
4          4.49034575662326E-4    1100.4052287581665     13         9    1    2    3    10   11   12   4    13   9    5    6    7    10   11   12   8    13   
3          3.367759317467445E-4   1097.7058823529399     14         11   1    2    12   13   14   3    4    5    11   6    7    12   13   14   8    9    10   
6          6.73551863493489E-4    1094.954248366011      14         1    2    3    11   4    12   13   5    14   6    7    8    11   9    12   13   10   14   
3          3.367759317467445E-4   1088.7058823529387     15         13   1    2    3    4    5    14   6    15   13   7    8    9    10   11   14   12   15   
14         0.001571621014818141   1087.0849673202595     14         11   13   1    12   2    3    4    5    14   11   13   6    12   7    8    9    10   14   
18         0.002020655590480467   1074.1699346405212     12         7    1    10   2    3    9    11   8    12   7    4    10   5    6    9    11   8    12   
22         0.002469690166142793   1057.130718954247      13         9    12   13   11   1    2    3    10   4    9    12   13   11   5    6    7    10   8    
4          4.49034575662326E-4    1034.0196078431354     13         9    1    2    11   3    12   13   10   4    9    5    6    11   7    12   13   10   8    
9          0.0010103277952402336  1031.2875816993455     13         9    1    2    11   3    12   4    10   13   9    5    6    11   7    12   8    10   13   
6          6.73551863493489E-4    1020.6143790849654     13         1    12   2    9    10   11   3    4    13   5    12   6    9    10   11   7    8    13   
2          2.24517287831163E-4    1015.307189542482      16         1    2    3    4    5    6    7    15   16   8    9    10   11   12   13   14   15   16   
7          7.858105074090704E-4   1012.5620915032642     14         11   13   1    2    3    12   14   4    5    11   13   6    7    8    12   14   9    10   
9          0.0010103277952402336  1007.0261437908449     12         1    11   12   8    9    10   2    7    3    4    11   12   8    9    10   5    7    6    
8          8.98069151324652E-4    999.1111111111131      16         1    2    16   3    4    15   5    6    7    8    9    16   10   11   15   12   13   14   
7          7.858105074090704E-4   989.6209150326772      15         13   1    2    14   15   3    4    5    6    13   7    8    14   15   9    10   11   12   
2          2.24517287831163E-4    984.0522875816978      14         1    2    12   3    4    11   13   5    14   6    7    12   8    9    11   13   10   14   
10         0.001122586439155815   982.8758169934612      14         11   1    14   2    3    13   4    12   5    11   6    14   7    8    13   9    12   10   
8          8.98069151324652E-4    970.5947712418312      11         5    9    1    7    8    2    10   6    11   5    9    3    7    8    4    10   6    11   
3          3.367759317467445E-4   964.4705882352947      14         11   1    14   12   13   2    3    4    5    11   6    14   12   13   7    8    9    10   
6          6.73551863493489E-4    960.7516339869262      15         1    13   14   2    3    4    15   5    6    7    13   14   8    9    10   15   11   12   
18         0.002020655590480467   955.3267973856188      13         9    11   12   1    2    10   13   3    4    9    11   12   5    6    10   13   7    8    
13         0.0014593623709025594  938.6078431372529      12         7    1    12   9    10   11   2    8    3    7    4    12   9    10   11   5    8    6    
17         0.0019083969465648854  926.4705882352922      14         11   1    14   12   2    13   3    4    5    11   6    14   12   7    13   8    9    10   
1          1.122586439155815E-4   908.2287581699325      15         1    2    15   3    13   14   4    5    6    7    8    15   9    13   14   10   11   12   
9          0.0010103277952402336  908.0457516339842      14         11   1    13   2    12   3    4    5    14   11   6    13   7    12   8    9    10   14   
4          4.49034575662326E-4    898.4575163398666      15         13   15   1    2    3    4    5    14   6    13   15   7    8    9    10   11   14   12   
12         0.001347103726986978   895.7647058823503      15         13   1    2    14   3    4    5    6    15   13   7    8    14   9    10   11   12   15   
1          1.122586439155815E-4   883.6601307189516      14         1    2    14   12   13   3    4    11   5    6    7    14   12   13   8    9    11   10   
3          3.367759317467445E-4   883.0718954248338      13         1    2    12   3    10   11   4    9    13   5    6    12   7    10   11   8    9    13   
15         0.0016838796587337224  879.7581699346377      13         9    1    12   10   2    11   13   3    4    9    5    12   10   6    11   13   7    8    
22         0.002469690166142793   864.9084967320241      14         11   13   1    2    3    12   4    5    14   11   13   6    7    8    12   9    10   14   
12         0.001347103726986978   842.8562091503251      12         7    11   1    2    9    10   3    8    12   7    11   4    5    9    10   6    8    12   
22         0.002469690166142793   832.5294117647064      14         1    12   13   2    3    11   4    5    14   6    12   13   7    8    11   9    10   14   
4          4.49034575662326E-4    809.6013071895418      14         11   1    2    3    4    12   13   5    14   11   6    7    8    9    12   13   10   14   
17         0.0019083969465648854  806.4444444444426      12         7    10   11   9    1    2    12   8    3    7    10   11   9    4    5    12   8    6    
1          1.122586439155815E-4   805.9019607843122      14         1    13   2    11   3    12   14   4    5    6    13   7    11   8    12   14   9    10   
6          6.73551863493489E-4    788.3594771241815      12         7    12   1    9    10   11   2    8    3    7    12   4    9    10   11   5    8    6    
5          5.612932195779075E-4   782.8562091503271      12         7    1    11   2    9    10   12   8    3    7    4    11   5    9    10   12   8    6    
4          4.49034575662326E-4    778.2091503267956      16         15   1    2    3    4    5    6    16   7    15   8    9    10   11   12   13   16   14   
19         0.0021329142343960487  776.0653594771221      14         1    2    13   11   3    12   4    5    14   6    7    13   11   8    12   9    10   14   
6          6.73551863493489E-4    755.3267973856189      14         11   1    14   2    12   13   3    4    5    11   6    14   7    12   13   8    9    10   
12         0.001347103726986978   749.1111111111095      13         9    12   1    10   2    11   13   3    4    9    12   5    10   6    11   13   7    8    
12         0.001347103726986978   738.7843137254897      11         5    9    10   7    8    1    11   6    2    5    9    10   7    8    3    11   6    4    
5          5.612932195779075E-4   728.6405228758147      15         1    2    14   13   3    4    5    6    15   7    8    14   13   9    10   11   12   15   
6          6.73551863493489E-4    722.1764705882333      14         11   1    2    12   3    4    13   5    14   11   6    7    12   8    9    13   10   14   
15         0.0016838796587337224  716.777777777776       13         9    1    13   11   2    12   3    10   4    9    5    13   11   6    12   7    10   8    
4          4.49034575662326E-4    701.3398692810443      14         1    12   2    3    4    11   13   5    14   6    12   7    8    9    11   13   10   14   
13         0.0014593623709025594  699.5163398692799      13         1    11   12   10   2    3    4    9    13   5    11   12   10   6    7    8    9    13   
13         0.0014593623709025594  685.1568627450965      12         7    1    11   9    2    10   12   8    3    7    4    11   9    5    10   12   8    6    
14         0.001571621014818141   673.1176470588213      13         1    2    11   9    3    10   12   4    13   5    6    11   9    7    10   12   8    13   
3          3.367759317467445E-4   658.5555555555536      13         9    1    2    11   12   13   3    10   4    9    5    6    11   12   13   7    10   8    
5          5.612932195779075E-4   657.5424836601293      13         1    11   12   2    10   3    4    9    13   5    11   12   6    10   7    8    9    13   
7          7.858105074090704E-4   651.6535947712398      13         9    1    13   11   12   2    3    10   4    9    5    13   11   12   6    7    10   8    
14         0.001571621014818141   644.7843137254899      12         7    11   1    9    10   2    3    8    12   7    11   4    9    10   5    6    8    12   
10         0.001122586439155815   630.4836601307167      15         13   14   15   1    2    3    4    5    6    13   14   15   7    8    9    10   11   12   
10         0.001122586439155815   621.46405228758        13         1    11   12   2    9    10   3    4    13   5    11   12   6    9    10   7    8    13   
8          8.98069151324652E-4    611.2026143790844      14         11   13   14   1    2    3    4    12   5    11   13   14   6    7    8    9    12   10   
1          1.122586439155815E-4   604.1045751633987      14         11   1    2    3    13   4    5    12   14   11   6    7    8    13   9    10   12   14   
3          3.367759317467445E-4   602.4836601307171      13         1    13   2    10   11   12   3    9    4    5    13   6    10   11   12   7    9    8    
12         0.001347103726986978   600.1503267973843      11         1    9    2    6    7    8    11   5    10   3    9    4    6    7    8    11   5    10   
5          5.612932195779075E-4   588.4771241830049      15         13   1    15   2    3    4    5    14   6    13   7    15   8    9    10   11   14   12   
6          6.73551863493489E-4    584.2549019607834      16         1    2    3    15   4    5    6    7    16   8    9    10   15   11   12   13   14   16   
5          5.612932195779075E-4   577.307189542483       15         13   1    15   2    14   3    4    5    6    13   7    15   8    14   9    10   11   12   
4          4.49034575662326E-4    572.8300653594766      13         9    1    12   11   2    3    13   10   4    9    5    12   11   6    7    13   10   8    
12         0.001347103726986978   569.0915032679734      12         1    10   2    8    3    9    11   7    12   4    10   5    8    6    9    11   7    12   
8          8.98069151324652E-4    556.5294117647048      13         9    12   1    2    3    11   4    10   13   9    12   5    6    7    11   8    10   13   
2          2.24517287831163E-4    549.823529411764       14         1    2    14   3    4    12   13   11   5    6    7    14   8    9    12   13   11   10   
6          6.73551863493489E-4    547.235294117646       13         1    11   13   2    3    10   12   9    4    5    11   13   6    7    10   12   9    8    
4          4.49034575662326E-4    542.9084967320257      15         1    2    15   3    4    5    6    13   14   7    8    15   9    10   11   12   13   14   
4          4.49034575662326E-4    537.8758169934631      13         9    1    12   10   11   2    13   3    4    9    5    12   10   11   6    13   7    8    
9          0.0010103277952402336  533.6274509803915      12         7    1    2    9    3    10   11   8    12   7    4    5    9    6    10   11   8    12   
1          1.122586439155815E-4   525.5098039215677      17         1    2    3    4    5    6    17   7    8    9    10   11   12   13   14   17   15   16   
7          7.858105074090704E-4   524.1830065359468      14         1    2    13   11   3    12   14   4    5    6    7    13   11   8    12   14   9    10   
2          2.24517287831163E-4    517.6666666666661      14         11   1    2    12   13   3    4    5    14   11   6    7    12   13   8    9    10   14   
8          8.98069151324652E-4    516.0849673202607      14         1    2    13   3    4    12   5    11   14   6    7    13   8    9    12   10   11   14   
17         0.0019083969465648854  507.62091503267897     13         9    1    12   2    10   11   3    4    13   9    5    12   6    10   11   7    8    13   
2          2.24517287831163E-4    491.81045751633934     13         1    11   12   2    10   3    13   9    4    5    11   12   6    10   7    13   9    8    
3          3.367759317467445E-4   489.09150326797305     14         1    13   2    3    4    12   5    11   14   6    13   7    8    9    12   10   11   14   
9          0.0010103277952402336  486.2026143790842      13         1    11   12   2    3    10   4    9    13   5    11   12   6    7    10   8    9    13   
4          4.49034575662326E-4    477.29411764705793     14         11   14   1    2    13   3    4    12   5    11   14   6    7    13   8    9    12   10   
2          2.24517287831163E-4    474.35294117647004     16         1    2    3    16   4    5    6    15   7    8    9    10   16   11   12   13   15   14   
2          2.24517287831163E-4    472.0522875816986      15         1    14   15   2    13   3    4    5    6    7    14   15   8    13   9    10   11   12   
7          7.858105074090704E-4   469.83006535947663     12         1    10   2    7    8    9    11   3    12   4    10   5    7    8    9    11   6    12   
3          3.367759317467445E-4   463.03921568627356     14         1    2    14   3    12   13   4    11   5    6    7    14   8    12   13   9    11   10   
4          4.49034575662326E-4    459.47712418300574     14         1    13   14   2    3    12   4    11   5    6    13   14   7    8    12   9    11   10   
2          2.24517287831163E-4    456.02614379084895     13         9    11   12   1    10   2    13   3    4    9    11   12   5    10   6    13   7    8    
9          0.0010103277952402336  454.0915032679732      12         1    11   2    8    9    10   3    7    12   4    11   5    8    9    10   6    7    12   
3          3.367759317467445E-4   444.7058823529405      15         13   1    2    3    14   15   4    5    6    13   7    8    9    14   15   10   11   12   
7          7.858105074090704E-4   443.1307189542477      14         1    12   13   11   2    3    14   4    5    6    12   13   11   7    8    14   9    10   
8          8.98069151324652E-4    435.3464052287573      12         1    10   11   8    2    9    12   7    3    4    10   11   8    5    9    12   7    6    
1          1.122586439155815E-4   428.8235294117639      16         1    2    3    4    16   5    6    15   7    8    9    10   11   16   12   13   15   14   
6          6.73551863493489E-4    425.86274509803854     13         9    12   13   1    10   11   2    3    4    9    12   13   5    10   11   6    7    8    
5          5.612932195779075E-4   421.54901960784247     13         1    2    11   3    4    10   12   9    13   5    6    11   7    8    10   12   9    13   
1          1.122586439155815E-4   416.849673202614       13         1    12   2    10   11   3    13   9    4    5    12   6    10   11   7    13   9    8    
6          6.73551863493489E-4    416.09803921568545     14         11   1    12   2    3    4    13   5    14   11   6    12   7    8    9    13   10   14   
13         0.0014593623709025594  410.50326797385594     11         5    1    9    7    8    2    10   6    11   5    3    9    7    8    4    10   6    11   
7          7.858105074090704E-4   397.2810457516334      17         1    17   2    3    4    5    6    7    8    9    17   10   11   12   13   14   15   16   
5          5.612932195779075E-4   389.1960784313717      12         7    11   1    2    9    10   12   8    3    7    11   4    5    9    10   12   8    6    
11         0.0012348450830713966  386.0915032679734      16         1    2    16   15   3    4    5    6    7    8    9    16   15   10   11   12   13   14   
2          2.24517287831163E-4    374.5032679738558      13         1    2    12   10   3    11   13   9    4    5    6    12   10   7    11   13   9    8    
4          4.49034575662326E-4    372.7254901960778      14         11   1    14   13   2    3    4    12   5    11   6    14   13   7    8    9    12   10   
1          1.122586439155815E-4   369.1830065359471      15         13   1    2    3    14   4    15   5    6    13   7    8    9    14   10   15   11   12   
4          4.49034575662326E-4    368.30718954248294     16         1    2    16   3    4    5    15   6    7    8    9    16   10   11   12   15   13   14   
5          5.612932195779075E-4   363.7058823529403      12         7    10   11   8    9    1    12   2    3    7    10   11   8    9    4    12   5    6    
3          3.367759317467445E-4   359.26797385620847     12         7    1    11   9    10   2    12   8    3    7    4    11   9    10   5    12   8    6    
3          3.367759317467445E-4   356.34640522875753     12         7    1    2    3    9    10   11   8    12   7    4    5    6    9    10   11   8    12   
1          1.122586439155815E-4   353.17647058823485     15         1    2    3    13   4    14   15   5    6    7    8    9    13   10   14   15   11   12   
2          2.24517287831163E-4    352.86928104575117     13         1    2    3    9    10   11   12   4    13   5    6    7    9    10   11   12   8    13   
4          4.49034575662326E-4    349.9999999999994      14         11   13   1    12   2    3    14   4    5    11   13   6    12   7    8    14   9    10   
1          1.122586439155815E-4   347.81045751633934     13         1    2    3    10   11   4    12   9    13   5    6    7    10   11   8    12   9    13   
4          4.49034575662326E-4    345.7385620915027      12         7    10   1    8    9    2    11   3    12   7    10   4    8    9    5    11   6    12   
3          3.367759317467445E-4   342.2222222222213      12         7    1    10   2    9    3    11   8    12   7    4    10   5    9    6    11   8    12   
4          4.49034575662326E-4    339.084967320261       13         9    1    11   2    3    4    12   10   13   9    5    11   6    7    8    12   10   13   
13         0.0014593623709025594  335.3398692810453      12         7    1    11   9    10   2    3    8    12   7    4    11   9    10   5    6    8    12   
5          5.612932195779075E-4   322.9673202614375      14         1    2    13   12   3    4    5    11   14   6    7    13   12   8    9    10   11   14   
4          4.49034575662326E-4    317.9150326797384      14         1    2    3    11   12   13   4    5    14   6    7    8    11   12   13   9    10   14   
6          6.73551863493489E-4    314.01307189542416     13         1    10   11   2    3    4    12   9    13   5    10   11   6    7    8    12   9    13   
4          4.49034575662326E-4    307.5947712418296      15         1    2    14   3    4    13   15   5    6    7    8    14   9    10   13   15   11   12   
4          4.49034575662326E-4    303.87581699346384     16         1    2    3    15   4    16   5    6    7    8    9    10   15   11   16   12   13   14   
5          5.612932195779075E-4   299.4313725490193      14         1    12   13   2    3    11   14   4    5    6    12   13   7    8    11   14   9    10   
2          2.24517287831163E-4    295.04575163398664     15         1    2    3    14   4    15   5    13   6    7    8    9    14   10   15   11   13   12   
2          2.24517287831163E-4    293.83006535947675     16         1    2    3    15   16   4    5    6    7    8    9    10   15   16   11   12   13   14   
4          4.49034575662326E-4    291.49019607843104     14         1    13   2    3    11   12   4    5    14   6    13   7    8    11   12   9    10   14   
3          3.367759317467445E-4   287.51633986928067     15         1    2    15   14   3    4    5    13   6    7    8    15   14   9    10   11   13   12   
2          2.24517287831163E-4    285.11111111111063     14         1    13   2    11   12   3    4    5    14   6    13   7    11   12   8    9    10   14   
9          0.0010103277952402336  282.4117647058817      13         1    11   2    9    3    10   12   4    13   5    11   6    9    7    10   12   8    13   
4          4.49034575662326E-4    274.02614379084923     12         1    2    10   3    8    9    11   7    12   4    5    10   6    8    9    11   7    12   
6          6.73551863493489E-4    270.0653594771238      14         1    11   12   2    3    4    13   5    14   6    11   12   7    8    9    13   10   14   
10         0.001122586439155815   263.88235294117624     13         1    2    12   10   3    11   4    9    13   5    6    12   10   7    11   8    9    13   
5          5.612932195779075E-4   253.93464052287558     12         1    10   11   2    8    9    12   7    3    4    10   11   5    8    9    12   7    6    
3          3.367759317467445E-4   250.10457516339795     15         1    2    3    13   4    5    14   6    15   7    8    9    13   10   11   14   12   15   
9          0.0010103277952402336  246.58169934640492     13         9    1    2    10   11   12   3    4    13   9    5    6    10   11   12   7    8    13   
3          3.367759317467445E-4   238.58169934640466     14         1    12   2    3    11   4    14   5    13   6    12   7    8    11   9    14   10   13   
1          1.122586439155815E-4   234.58823529411742     15         1    2    15   3    4    14   5    13   6    7    8    15   9    10   14   11   13   12   
3          3.367759317467445E-4   233.5882352941175      13         1    12   13   2    10   11   3    9    4    5    12   13   6    10   11   7    9    8    
3          3.367759317467445E-4   230.88888888888854     13         1    2    11   3    9    10   13   4    12   5    6    11   7    9    10   13   8    12   
4          4.49034575662326E-4    228.4771241830061      13         9    1    11   2    10   3    12   4    13   9    5    11   6    10   7    12   8    13   
4          4.49034575662326E-4    224.3921568627447      14         11   1    13   2    12   3    14   4    5    11   6    13   7    12   8    14   9    10   
4          4.49034575662326E-4    220.33986928104554     16         1    2    3    4    5    15   6    7    16   8    9    10   11   12   15   13   14   16   
4          4.49034575662326E-4    217.04575163398647     14         11   1    2    3    4    5    13   12   14   11   6    7    8    9    10   13   12   14   
3          3.367759317467445E-4   212.48366013071865     14         1    2    3    11   12   13   14   4    5    6    7    8    11   12   13   14   9    10   
3          3.367759317467445E-4   210.4509803921564      15         1    15   2    3    14   4    5    13   6    7    15   8    9    14   10   11   13   12   
3          3.367759317467445E-4   207.14379084967288     14         1    2    12   3    4    5    13   11   14   6    7    12   8    9    10   13   11   14   
2          2.24517287831163E-4    204.27450980392118     15         13   1    2    15   3    4    5    14   6    13   7    8    15   9    10   11   14   12   
6          6.73551863493489E-4    201.60784313725463     11         5    10   1    7    8    9    11   6    2    5    10   3    7    8    9    11   6    4    
3          3.367759317467445E-4   195.80392156862732     13         1    2    13   10   11   12   3    9    4    5    6    13   10   11   12   7    9    8    
6          6.73551863493489E-4    193.66013071895387     14         11   1    2    13   3    4    5    12   14   11   6    7    13   8    9    10   12   14   
2          2.24517287831163E-4    187.62745098039173     13         1    12   13   10   11   2    3    9    4    5    12   13   10   11   6    7    9    8    
1          1.122586439155815E-4   185.3267973856208      15         1    15   2    3    13   14   4    5    6    7    15   8    9    13   14   10   11   12   
3          3.367759317467445E-4   185.03267973856205     15         13   1    2    3    14   4    5    6    15   13   7    8    9    14   10   11   12   15   
4          4.49034575662326E-4    182.143790849673       16         1    2    3    4    5    6    15   7    16   8    9    10   11   12   13   15   14   16   
2          2.24517287831163E-4    178.07189542483633     13         1    11   2    10   3    4    12   9    13   5    11   6    10   7    8    12   9    13   
10         0.001122586439155815   175.90196078431356     13         9    11   12   1    10   2    3    4    13   9    11   12   5    10   6    7    8    13   
2          2.24517287831163E-4    165.96732026143775     15         1    2    3    13   14   15   4    5    6    7    8    9    13   14   15   10   11   12   
1          1.122586439155815E-4   164.16993464052263     12         1    2    3    8    9    10   11   7    12   4    5    6    8    9    10   11   7    12   
5          5.612932195779075E-4   163.53594771241796     14         1    13   2    12   3    4    5    11   14   6    13   7    12   8    9    10   11   14   
8          8.98069151324652E-4    158.44444444444431     16         1    2    15   3    4    5    6    7    16   8    9    15   10   11   12   13   14   16   
5          5.612932195779075E-4   150.58169934640506     13         9    12   13   1    11   2    3    10   4    9    12   13   5    11   6    7    10   8    
1          1.122586439155815E-4   145.76470588235279     15         13   15   1    2    14   3    4    5    6    13   15   7    8    14   9    10   11   12   
2          2.24517287831163E-4    144.81699346405227     13         1    11   12   10   2    3    13   9    4    5    11   12   10   6    7    13   9    8    
2          2.24517287831163E-4    142.94771241830045     13         1    2    11   10   3    4    12   9    13   5    6    11   10   7    8    12   9    13   
1          1.122586439155815E-4   140.59477124183        15         13   1    2    3    4    14   15   5    6    13   7    8    9    10   14   15   11   12   
6          6.73551863493489E-4    139.90849673202595     12         1    9    10   7    8    2    11   3    12   4    9    10   7    8    5    11   6    12   
4          4.49034575662326E-4    134.3006535947711      15         13   1    2    3    4    5    6    14   15   13   7    8    9    10   11   12   14   15   
1          1.122586439155815E-4   130.36601307189525     16         15   1    2    3    4    5    16   6    7    15   8    9    10   11   12   16   13   14   
6          6.73551863493489E-4    129.4509803921567      13         9    1    2    11   12   3    4    10   13   9    5    6    11   12   7    8    10   13   
1          1.122586439155815E-4   123.31372549019596     14         11   1    2    3    4    13   14   12   5    11   6    7    8    9    13   14   12   10   
1          1.122586439155815E-4   122.40522875816988     15         1    2    15   3    4    5    13   6    14   7    8    15   9    10   11   13   12   14   
4          4.49034575662326E-4    121.05228758169919     13         9    1    13   2    3    11   12   10   4    9    5    13   6    7    11   12   10   8    
3          3.367759317467445E-4   117.58823529411757     13         9    1    12   2    11   3    13   10   4    9    5    12   6    11   7    13   10   8    
4          4.49034575662326E-4    114.67973856209133     14         11   13   1    2    12   3    4    5    14   11   13   6    7    12   8    9    10   14   
3          3.367759317467445E-4   110.7450980392156      14         1    2    13   11   12   3    4    5    14   6    7    13   11   12   8    9    10   14   
2          2.24517287831163E-4    108.09150326797378     13         1    2    12   10   11   3    13   9    4    5    6    12   10   11   7    13   9    8    
2          2.24517287831163E-4    106.33986928104568     15         1    14   2    3    4    5    15   13   6    7    14   8    9    10   11   15   13   12   
2          2.24517287831163E-4    104.06535947712412     15         1    14   2    13   3    4    5    6    15   7    14   8    13   9    10   11   12   15   
3          3.367759317467445E-4   101.64705882352933     13         9    1    12   2    10   11   13   3    4    9    5    12   6    10   11   13   7    8    
4          4.49034575662326E-4    98.98692810457506      14         1    12   13   2    3    4    5    11   14   6    12   13   7    8    9    10   11   14   
3          3.367759317467445E-4   95.45751633986917      16         1    2    3    4    15   5    6    7    16   8    9    10   11   15   12   13   14   16   
1          1.122586439155815E-4   92.49019607843134      13         1    12   2    9    10   11   13   3    4    5    12   6    9    10   11   13   7    8    
1          1.122586439155815E-4   91.21568627450971      13         9    13   1    2    11   12   3    10   4    9    13   5    6    11   12   7    10   8    
5          5.612932195779075E-4   90.39215686274505      14         1    14   2    12   3    13   4    11   5    6    14   7    12   8    13   9    11   10   
2          2.24517287831163E-4    85.75816993464046      17         1    2    3    4    5    6    7    17   8    9    10   11   12   13   14   15   17   16   
2          2.24517287831163E-4    83.30065359477116      14         1    2    14   11   12   13   3    4    5    6    7    14   11   12   13   8    9    10   
1          1.122586439155815E-4   81.52287581699335      14         11   1    2    12   3    13   14   4    5    11   6    7    12   8    13   14   9    10   
2          2.24517287831163E-4    81.03921568627445      15         1    14   2    3    13   4    15   5    6    7    14   8    9    13   10   15   11   12   
1          1.122586439155815E-4   78.64705882352932      15         1    14   2    3    4    13   15   5    6    7    14   8    9    10   13   15   11   12   
3          3.367759317467445E-4   77.90849673202608      13         9    12   1    11   2    3    13   10   4    9    12   5    11   6    7    13   10   8    
4          4.49034575662326E-4    74.8039215686274       15         1    2    14   3    13   4    5    6    15   7    8    14   9    13   10   11   12   15   
2          2.24517287831163E-4    70.8039215686274       15         1    15   2    3    4    14   5    13   6    7    15   8    9    10   14   11   13   12   
1          1.122586439155815E-4   69.16339869281039      16         1    15   2    3    4    5    16   6    7    8    15   9    10   11   12   16   13   14   
1          1.122586439155815E-4   68.21568627450975      14         1    2    13   3    12   4    14   11   5    6    7    13   8    12   9    14   11   10   
2          2.24517287831163E-4    67.37908496732021      15         1    2    3    4    13   5    14   6    15   7    8    9    10   13   11   14   12   15   
1          1.122586439155815E-4   64.98692810457511      13         9    1    2    3    11   12   4    10   13   9    5    6    7    11   12   8    10   13   
3          3.367759317467445E-4   64.47058823529407      14         1    2    3    12   4    5    13   11   14   6    7    8    12   9    10   13   11   14   
1          1.122586439155815E-4   61.53594771241824      14         1    2    3    4    12   5    13   11   14   6    7    8    9    12   10   13   11   14   
1          1.122586439155815E-4   60.496732026143754     13         1    11   2    9    10   3    12   4    13   5    11   6    9    10   7    12   8    13   
2          2.24517287831163E-4    59.44444444444441      15         13   1    2    3    4    5    15   14   6    13   7    8    9    10   11   15   14   12   
2          2.24517287831163E-4    57.30718954248362      14         1    13   14   11   12   2    3    4    5    6    13   14   11   12   7    8    9    10   
1          1.122586439155815E-4   55.601307189542446     13         9    12   1    2    11   3    13   10   4    9    12   5    6    11   7    13   10   8    
1          1.122586439155815E-4   54.64052287581697      13         1    11   2    3    10   4    12   9    13   5    11   6    7    10   8    12   9    13   
1          1.122586439155815E-4   53.41830065359474      15         1    2    15   3    14   4    5    13   6    7    8    15   9    14   10   11   13   12   
3          3.367759317467445E-4   52.640522875816956     13         9    1    2    11   3    4    12   10   13   9    5    6    11   7    8    12   10   13   
1          1.122586439155815E-4   49.41830065359474      15         1    2    3    4    5    14   6    13   15   7    8    9    10   11   14   12   13   15   
1          1.122586439155815E-4   48.48366013071893      14         11   1    14   2    13   3    4    12   5    11   6    14   7    13   8    9    12   10   
1          1.122586439155815E-4   47.66666666666664      14         11   13   1    2    3    4    14   12   5    11   13   6    7    8    9    14   12   10   
1          1.122586439155815E-4   46.79738562091501      15         1    2    3    13   14   4    5    6    15   7    8    9    13   14   10   11   12   15   
3          3.367759317467445E-4   45.875816993464035     13         9    12   1    10   11   2    13   3    4    9    12   5    10   11   6    13   7    8    
2          2.24517287831163E-4    42.823529411764696     15         13   1    2    14   3    4    15   5    6    13   7    8    14   9    10   15   11   12   
4          4.49034575662326E-4    41.04575163398691      12         1    10   2    8    9    3    11   7    12   4    10   5    8    9    6    11   7    12   
2          2.24517287831163E-4    37.00653594771242      15         1    2    3    4    5    6    14   13   15   7    8    9    10   11   12   14   13   15   
1          1.122586439155815E-4   34.954248366013076     13         1    11   12   2    9    10   13   3    4    5    11   12   6    9    10   13   7    8    
2          2.24517287831163E-4    33.96732026143791      15         1    15   2    13   3    14   4    5    6    7    15   8    13   9    14   10   11   12   
3          3.367759317467445E-4   32.150326797385624     13         9    1    2    10   11   3    12   4    13   9    5    6    10   11   7    12   8    13   
2          2.24517287831163E-4    29.215686274509807     13         9    1    2    3    11   12   13   10   4    9    5    6    7    11   12   13   10   8    
1          1.122586439155815E-4   26.718954248366018     9          2    7    8    4    5    6    1    3    9    2    7    8    4    5    6    9    3    9    
3          3.367759317467445E-4   26.300653594771244     13         1    11   12   9    10   2    13   3    4    5    11   12   9    10   6    13   7    8    
1          1.122586439155815E-4   23.366013071895427     12         7    11   1    9    10   2    12   8    3    7    11   4    9    10   5    12   8    6    
1          1.122586439155815E-4   22.43137254901961      16         1    2    3    4    15   16   5    6    7    8    9    10   11   15   16   12   13   14   
1          1.122586439155815E-4   21.47058823529412      14         11   1    2    3    13   4    14   12   5    11   6    7    8    13   9    14   12   10   
1          1.122586439155815E-4   20.39869281045752      13         1    11   2    3    9    10   12   4    13   5    11   6    7    9    10   12   8    13   
1          1.122586439155815E-4   19.516339869281047     14         1    13   2    12   3    4    14   11   5    6    13   7    12   8    9    14   11   10   
1          1.122586439155815E-4   18.516339869281047     12         1    2    10   8    9    3    11   7    12   4    5    10   8    9    6    11   7    12   
1          1.122586439155815E-4   17.54248366013072      15         1    2    14   3    4    5    15   13   6    7    8    14   9    10   11   15   13   12   
2          2.24517287831163E-4    16.54901960784314      14         1    2    3    4    11   12   13   5    14   6    7    8    9    11   12   13   10   14   
1          1.122586439155815E-4   14.66013071895425      17         1    2    3    4    17   5    6    7    8    9    10   11   12   17   13   14   15   16   
1          1.122586439155815E-4   13.686274509803923     14         11   1    2    13   14   3    4    12   5    11   6    7    13   14   8    9    12   10   
1          1.122586439155815E-4   12.718954248366014     15         1    2    3    14   4    5    15   13   6    7    8    9    14   10   11   15   13   12   
1          1.122586439155815E-4   11.692810457516341     14         1    13   14   2    12   3    4    11   5    6    13   14   7    12   8    9    11   10   
1          1.122586439155815E-4   10.633986928104576     13         9    12   1    2    10   11   13   3    4    9    12   5    6    10   11   13   7    8    
1          1.122586439155815E-4   9.69934640522876       14         11   1    2    12   13   3    14   4    5    11   6    7    12   13   8    14   9    10   
2          2.24517287831163E-4    8.803921568627452      16         1    2    16   3    4    5    6    15   7    8    9    16   10   11   12   13   15   14   
1          1.122586439155815E-4   6.843137254901961      14         1    12   2    3    4    5    13   11   14   6    12   7    8    9    10   13   11   14   
1          1.122586439155815E-4   5.856209150326798      15         1    15   2    13   14   3    4    5    6    7    15   8    13   14   9    10   11   12   
2          2.24517287831163E-4    4.934640522875817      13         1    2    3    10   11   12   4    9    13   5    6    7    10   11   12   8    9    13   
1          1.122586439155815E-4   2.9411764705882355     14         11   14   1    13   2    3    4    12   5    11   14   6    13   7    8    9    12   10   
1          1.122586439155815E-4   1.9803921568627452     14         1    2    3    4    5    12   13   11   14   6    7    8    9    10   12   13   11   14   
1          1.122586439155815E-4   1.0                    15         1    2    3    14   4    5    6    13   15   7    8    9    14   10   11   12   13   15   

