count      fraction               similarity             nclusters  T_pella8--0 T_pyra1--0 T_pyra2--0 T_pella7--0 T_pella6--0 T_pella5--0 T_pyra3--0 T_pella9--0 T_pyra4--0 T_pella8--1 T_pyra1--1 T_pyra2--1 T_pella7--1 T_pella6--1 T_pella5--1 T_pyra3--1 T_pella9--1 T_pyra4--1 
4535       0.509092950157162      8827.777777778107      9          1    6    7    3    4    5    9    2    8    1    6    7    3    4    5    9    2    8    
32         0.003592276605298608   8802.470588235732      10         3    8    9    5    6    7    10   4    1    3    8    9    5    6    7    10   4    2    
156        0.017512348450830714   4271.4183006536        11         5    9    10   6    7    8    1    2    11   5    9    10   6    7    8    3    4    11   
664        0.07453973955994611    4125.437908496896      10         3    7    8    4    5    6    10   1    9    3    7    8    4    5    6    10   2    9    
57         0.0063987427031881455  3456.928104575228      12         7    10   11   8    1    9    2    3    12   7    10   11   8    4    9    5    6    12   
1055       0.11843286933093848    3424.0718954248955     10         3    7    8    5    1    6    9    4    10   3    7    8    5    2    6    9    4    10   
3          3.367759317467445E-4   2351.764705882357      12         7    10   11   8    9    1    2    3    12   7    10   11   8    9    4    5    6    12   
13         0.0014593623709025594  2347.941176470613      11         5    8    9    6    7    1    10   2    11   5    8    9    6    7    3    10   4    11   
196        0.022002694207453974   2342.1045751634233     11         5    8    9    6    1    7    10   2    11   5    8    9    6    3    7    10   4    11   
244        0.027391109115401886   2160.8758169934936     11         5    9    10   7    1    8    2    6    11   5    9    10   7    3    8    4    6    11   
825        0.09261338123035474    1925.7450980392093     10         3    8    9    5    6    7    1    4    10   3    8    9    5    6    7    2    4    10   
31         0.0034800179613830263  1097.1764705882417     11         5    8    9    7    1    2    10   6    11   5    8    9    7    3    4    10   6    11   
79         0.008868432869330938   1064.954248366015      10         3    7    8    5    6    1    9    4    10   3    7    8    5    6    2    9    4    10   
5          5.612932195779075E-4   1063.8627450980443     11         5    10   1    7    8    9    2    6    11   5    10   3    7    8    9    4    6    11   
33         0.0037045352492141893  974.9346405228798      9          3    6    7    4    1    5    8    3    9    3    6    7    4    2    5    8    3    9    
151        0.016951055231252808   945.281045751632       8          1    5    6    2    3    4    7    1    8    1    5    6    2    3    4    7    1    8    
43         0.004827121688370004   807.7058823529442      11         5    8    9    1    2    7    10   6    11   5    8    9    3    4    7    10   6    11   
19         0.0021329142343960487  763.9869281045765      11         5    8    9    1    6    7    10   2    11   5    8    9    3    6    7    10   4    11   
7          7.858105074090704E-4   743.4509803921582      12         7    10   11   1    2    9    3    8    12   7    10   11   4    5    9    6    8    12   
18         0.002020655590480467   737.6797385620947      11         5    9    10   7    1    8    11   6    2    5    9    10   7    3    8    11   6    4    
3          3.367759317467445E-4   717.4313725490194      12         7    9    10   1    2    3    11   8    12   7    9    10   4    5    6    11   8    12   
9          0.0010103277952402336  716.3333333333353      11         1    8    9    5    6    7    10   2    11   3    8    9    5    6    7    10   4    11   
97         0.010889088459811406   712.1307189542476      10         3    7    8    1    5    6    9    4    10   3    7    8    2    5    6    9    4    10   
15         0.0016838796587337224  610.2287581699351      9          3    7    8    4    5    6    9    1    9    3    7    8    4    5    6    9    2    9    
12         0.001347103726986978   599.2156862745097      11         5    1    9    7    2    8    10   6    11   5    3    9    7    4    8    10   6    11   
2          2.24517287831163E-4    584.4967320261429      12         1    10   11   7    8    9    2    3    12   4    10   11   7    8    9    5    6    12   
7          7.858105074090704E-4   581.1111111111104      11         5    9    10   6    7    8    11   1    2    5    9    10   6    7    8    11   3    4    
1          1.122586439155815E-4   579.3071895424823      12         7    10   1    8    9    2    11   3    12   7    10   4    8    9    5    11   6    12   
2          2.24517287831163E-4    574.614379084967       9          3    6    8    1    4    5    7    3    9    3    6    8    2    4    5    7    3    9    
37         0.004153569824876515   567.5228758169917      8          1    5    6    3    4    4    7    2    8    1    5    6    3    4    4    7    2    8    
124        0.013920071845532105   539.013071895425       8          1    6    7    3    4    5    8    2    8    1    6    7    3    4    5    8    2    8    
1          1.122586439155815E-4   524.3398692810448      7          1    5    6    3    4    4    7    2    7    1    5    6    3    4    4    7    2    7    
28         0.003143242029636282   416.5686274509806      11         5    9    10   7    8    1    2    6    11   5    9    10   7    8    3    4    6    11   
4          4.49034575662326E-4    412.3333333333327      10         5    8    9    7    1    2    10   6    10   5    8    9    7    3    4    10   6    10   
19         0.0021329142343960487  389.10457516339784     10         1    7    8    4    5    6    9    3    10   2    7    8    4    5    6    9    3    10   
11         0.0012348450830713966  368.875816993464       11         5    9    1    7    2    8    10   6    11   5    9    3    7    4    8    10   6    11   
1          1.122586439155815E-4   368.6339869281045      11         5    9    1    2    7    8    10   6    11   5    9    3    4    7    8    10   6    11   
7          7.858105074090704E-4   353.81699346405134     12         7    9    10   8    1    2    11   3    12   7    9    10   8    4    5    11   6    12   
3          3.367759317467445E-4   351.7581699346398      10         5    7    8    1    2    6    9    5    10   5    7    8    3    4    6    9    5    10   
14         0.001571621014818141   342.75816993464        8          1    6    6    3    4    5    7    2    8    1    6    6    3    4    5    7    2    8    
19         0.0021329142343960487  329.52287581699267     10         3    8    1    5    6    7    9    4    10   3    8    2    5    6    7    9    4    10   
6          6.73551863493489E-4    328.50326797385617     9          3    7    8    5    6    6    1    4    9    3    7    8    5    6    6    2    4    9    
5          5.612932195779075E-4   309.4248366013064      12         7    9    10   1    2    8    11   3    12   7    9    10   4    5    8    11   6    12   
7          7.858105074090704E-4   303.94117647058766     9          2    6    7    3    4    5    8    2    9    2    6    7    3    4    5    8    1    9    
3          3.367759317467445E-4   296.87581699346356     10         4    8    9    5    6    7    1    4    10   4    8    9    5    6    7    2    3    10   
31         0.0034800179613830263  296.7058823529407      10         3    1    8    5    6    7    9    4    10   3    2    8    5    6    7    9    4    10   
7          7.858105074090704E-4   264.7124183006532      11         5    1    9    6    7    8    10   2    11   5    3    9    6    7    8    10   4    11   
4          4.49034575662326E-4    255.2091503267972      9          3    7    8    5    6    1    9    4    9    3    7    8    5    6    2    9    4    9    
7          7.858105074090704E-4   253.92156862745065     12         7    11   12   9    1    10   2    8    3    7    11   12   9    4    10   5    8    6    
1          1.122586439155815E-4   250.0588235294112      11         7    9    10   8    1    2    11   3    11   7    9    10   8    4    5    11   6    11   
12         0.001347103726986978   246.32026143790813     11         5    1    10   7    8    9    2    6    11   5    3    10   7    8    9    4    6    11   
1          1.122586439155815E-4   245.0457516339866      13         9    12   13   1    10   11   2    3    4    9    12   13   5    10   11   6    7    8    
10         0.001122586439155815   234.32026143790813     12         7    10   11   9    1    2    3    8    12   7    10   11   9    4    5    6    8    12   
1          1.122586439155815E-4   224.08496732026123     10         4    8    9    6    1    7    2    5    10   4    8    9    6    3    7    10   5    10   
34         0.003816793893129771   221.66666666666652     9          3    7    9    5    1    6    8    4    8    3    7    9    5    2    6    8    4    8    
3          3.367759317467445E-4   189.97385620915003     13         9    12   1    10   2    11   3    4    13   9    12   5    10   6    11   7    8    13   
1          1.122586439155815E-4   187.23529411764687     11         5    9    10   1    7    8    11   6    2    5    9    10   3    7    8    11   6    4    
9          0.0010103277952402336  187.1503267973853      11         5    10   11   7    8    9    1    6    2    5    10   11   7    8    9    3    6    4    
3          3.367759317467445E-4   177.5620915032679      9          2    6    7    3    4    5    8    1    9    2    6    7    3    4    5    8    2    9    
2          2.24517287831163E-4    174.3333333333331      13         9    12   13   10   1    11   2    3    4    9    12   13   10   5    11   6    7    8    
3          3.367759317467445E-4   172.87581699346373     12         7    1    11   8    9    10   2    3    12   7    4    11   8    9    10   5    6    12   
2          2.24517287831163E-4    169.5620915032677      13         9    11   12   10   1    2    3    4    13   9    11   12   10   5    6    7    8    13   
5          5.612932195779075E-4   165.13071895424818     10         5    8    9    6    1    7    10   2    10   5    8    9    6    3    7    10   4    10   
16         0.001796138302649304   160.19607843137243     11         5    9    10   1    7    8    2    6    11   5    9    10   3    7    8    4    6    11   
1          1.122586439155815E-4   160.18300653594747     12         7    11   1    8    9    10   2    3    12   7    11   4    8    9    10   5    6    12   
3          3.367759317467445E-4   159.84967320261424     9          3    6    7    1    5    5    8    4    9    3    6    7    2    5    5    8    4    9    
2          2.24517287831163E-4    141.3725490196078      11         5    9    10   7    8    1    11   6    2    5    9    10   7    8    3    11   6    4    
2          2.24517287831163E-4    139.99999999999972     7          1    4    5    2    3    3    6    1    7    1    4    5    2    3    3    6    1    7    
1          1.122586439155815E-4   139.67320261437897     10         4    7    9    5    1    6    10   4    8    4    7    9    5    2    6    10   3    8    
1          1.122586439155815E-4   138.1633986928103      13         9    1    13   10   11   2    3    4    12   9    5    13   10   11   6    7    8    12   
4          4.49034575662326E-4    135.71895424836583     9          3    7    7    5    1    6    8    4    9    3    7    7    5    2    6    8    4    9    
5          5.612932195779075E-4   134.12418300653582     12         7    10   11   1    8    9    2    3    12   7    10   11   4    8    9    5    6    12   
1          1.122586439155815E-4   129.3594771241829      12         7    11   1    9    2    10   3    8    12   7    11   4    9    5    10   6    8    12   
26         0.0029187247418051188  128.50326797385605     9          3    7    8    4    5    6    1    3    9    3    7    8    4    5    6    2    3    9    
10         0.001122586439155815   102.4575163398692      10         5    8    10   6    1    7    2    5    9    5    8    10   6    3    7    4    5    9    
1          1.122586439155815E-4   92.2483660130718       10         5    1    8    6    2    7    9    5    10   5    3    8    6    4    7    9    5    10   
3          3.367759317467445E-4   91.32679738562081      9          3    8    8    5    6    7    1    4    9    3    8    8    5    6    7    2    4    9    
4          4.49034575662326E-4    90.18954248366006      11         1    8    9    6    2    7    10   5    11   3    8    9    6    4    7    10   5    11   
1          1.122586439155815E-4   84.98692810457509      10         5    1    9    7    2    8    10   6    10   5    3    9    7    4    8    10   6    10   
4          4.49034575662326E-4    84.15032679738556      12         7    1    12   9    2    10   3    8    11   7    4    12   9    5    10   6    8    11   
1          1.122586439155815E-4   83.73856209150321      11         1    9    10   7    2    8    11   3    11   4    9    10   7    5    8    11   6    11   
1          1.122586439155815E-4   79.90196078431366      12         7    10   11   9    1    2    12   8    3    7    10   11   9    4    5    12   8    6    
1          1.122586439155815E-4   79.2418300653594       11         5    9    1    6    7    8    10   2    11   5    9    3    6    7    8    10   4    11   
1          1.122586439155815E-4   77.07843137254895      10         5    1    10   7    8    2    9    6    9    5    3    10   7    8    4    9    6    9    
2          2.24517287831163E-4    76.26143790849665      10         5    8    9    1    6    7    10   2    10   5    8    9    3    6    7    10   4    10   
5          5.612932195779075E-4   75.28104575163393      9          2    7    9    4    5    6    8    3    8    2    7    9    4    5    6    1    3    8    
4          4.49034575662326E-4    70.35947712418293      9          2    7    8    4    5    6    1    3    9    2    7    8    4    5    6    9    3    9    
1          1.122586439155815E-4   66.19607843137248      10         4    8    9    5    6    7    1    2    10   4    8    9    5    6    7    10   3    10   
1          1.122586439155815E-4   65.39215686274505      12         7    11   12   1    9    10   2    8    3    7    11   12   4    9    10   5    8    6    
1          1.122586439155815E-4   64.39215686274504      12         7    11   12   9    10   1    2    8    3    7    11   12   9    10   4    5    8    6    
1          1.122586439155815E-4   63.35294117647053      9          2    6    7    4    1    5    8    3    9    2    6    7    4    5    5    8    3    9    
1          1.122586439155815E-4   61.8366013071895       10         5    8    9    6    7    1    2    5    10   5    8    9    6    7    3    4    5    10   
3          3.367759317467445E-4   60.19607843137252      7          1    5    6    2    3    4    7    1    7    1    5    6    2    3    4    7    1    7    
3          3.367759317467445E-4   59.08496732026139      12         1    9    10   7    2    8    11   3    12   4    9    10   7    5    8    11   6    12   
1          1.122586439155815E-4   56.058823529411725     12         1    10   11   8    2    9    3    7    12   4    10   11   8    5    9    6    7    12   
4          4.49034575662326E-4    55.143790849673174     11         5    8    9    1    7    2    10   6    11   5    8    9    3    7    4    10   6    11   
1          1.122586439155815E-4   51.12418300653592      12         7    10   11   8    1    9    12   2    3    7    10   11   8    4    9    12   5    6    
1          1.122586439155815E-4   50.071895424836576     12         1    9    10   7    8    2    11   3    12   4    9    10   7    8    5    11   6    12   
2          2.24517287831163E-4    49.228758169934615     12         7    10   1    8    2    9    11   3    12   7    10   4    8    5    9    11   6    12   
1          1.122586439155815E-4   46.67973856209148      9          3    6    7    4    5    1    8    3    9    3    6    7    4    5    2    8    3    9    
1          1.122586439155815E-4   46.11111111111109      10         4    7    8    5    1    6    9    2    10   4    7    8    5    3    6    9    4    10   
1          1.122586439155815E-4   44.98039215686273      10         4    7    8    5    6    1    9    4    10   4    7    8    5    6    2    9    3    10   
1          1.122586439155815E-4   43.457516339869265     9          3    1    7    5    6    6    8    4    9    3    2    7    5    6    6    8    4    9    
1          1.122586439155815E-4   43.38562091503266      12         7    1    11   2    9    10   3    8    12   7    4    11   5    9    10   6    8    12   
5          5.612932195779075E-4   42.542483660130706     11         1    9    10   6    7    8    2    5    11   3    9    10   6    7    8    4    5    11   
1          1.122586439155815E-4   37.47058823529411      12         7    11   1    9    2    10   12   8    3    7    11   4    9    5    10   12   8    6    
2          2.24517287831163E-4    35.712418300653596     8          3    6    7    4    1    5    8    3    8    3    6    7    4    2    5    8    3    8    
1          1.122586439155815E-4   34.209150326797385     9          3    8    1    5    6    7    9    4    9    3    8    2    5    6    7    9    4    9    
1          1.122586439155815E-4   33.70588235294118      12         1    9    10   2    7    8    11   3    12   4    9    10   5    7    8    11   6    12   
2          2.24517287831163E-4    32.875816993464056     12         7    1    10   8    2    9    11   3    12   7    4    10   8    5    9    11   6    12   
1          1.122586439155815E-4   30.771241830065364     12         7    10   11   1    9    2    3    8    12   7    10   11   4    9    5    6    8    12   
1          1.122586439155815E-4   29.882352941176475     11         5    1    9    7    8    2    10   6    11   5    3    9    7    8    4    10   6    11   
1          1.122586439155815E-4   28.307189542483666     9          3    7    8    4    5    6    9    1    8    3    7    8    4    5    6    9    2    8    
1          1.122586439155815E-4   27.797385620915037     13         1    10   11   9    2    3    12   4    13   5    10   11   9    6    7    12   8    13   
1          1.122586439155815E-4   26.666666666666668     12         8    11   1    9    2    10   12   3    12   8    11   4    9    5    10   6    7    12   
1          1.122586439155815E-4   25.679738562091508     10         5    8    1    6    2    7    9    5    10   5    8    3    6    4    7    9    5    10   
1          1.122586439155815E-4   24.993464052287585     13         9    11   12   1    2    10   3    4    13   9    11   12   5    6    10   7    8    13   
3          3.367759317467445E-4   24.065359477124186     12         7    1    10   9    2    3    11   8    12   7    4    10   9    5    6    11   8    12   
1          1.122586439155815E-4   21.15686274509804      12         7    1    10   2    3    9    11   8    12   7    4    10   5    6    9    11   8    12   
2          2.24517287831163E-4    19.973856209150327     9          3    7    1    4    5    6    8    3    9    3    7    2    4    5    6    8    3    9    
2          2.24517287831163E-4    18.183006535947715     9          3    7    7    4    5    6    8    1    9    3    7    7    4    5    6    8    2    9    
2          2.24517287831163E-4    15.96732026143791      7          1    5    5    2    3    4    6    1    7    1    5    5    2    3    4    6    1    7    
1          1.122586439155815E-4   14.477124183006538     11         5    1    10   7    8    9    11   6    2    5    3    10   7    8    9    11   6    4    
2          2.24517287831163E-4    13.529411764705882     10         4    8    10   6    1    7    9    5    9    4    8    10   6    2    7    3    5    9    
1          1.122586439155815E-4   11.267973856209151     8          3    6    7    1    4    5    8    3    8    3    6    7    2    4    5    8    3    8    
1          1.122586439155815E-4   10.679738562091504     11         5    1    9    2    7    8    10   6    11   5    3    9    4    7    8    10   6    11   
1          1.122586439155815E-4   9.666666666666668      13         1    10   11   2    3    9    13   4    12   5    10   11   6    7    9    13   8    12   
1          1.122586439155815E-4   8.673202614379084      12         7    1    12   9    10   11   2    8    3    7    4    12   9    10   11   5    8    6    
1          1.122586439155815E-4   7.686274509803923      9          3    7    8    1    5    6    9    4    9    3    7    8    2    5    6    9    4    9    
1          1.122586439155815E-4   6.699346405228758      9          1    7    8    4    5    6    9    3    9    2    7    8    4    5    6    9    3    9    
2          2.24517287831163E-4    5.790849673202615      10         5    9    9    7    1    8    2    6    10   5    9    9    7    3    8    4    6    10   
1          1.122586439155815E-4   3.8692810457516345     11         6    9    10   7    1    8    2    3    11   6    9    10   7    4    8    11   5    11   
1          1.122586439155815E-4   2.954248366013072      11         1    9    2    6    7    8    10   5    11   3    9    4    6    7    8    10   5    11   
1          1.122586439155815E-4   1.9803921568627452     11         1    8    9    2    6    7    10   5    11   3    8    9    4    6    7    10   5    11   
1          1.122586439155815E-4   1.0                    12         7    1    10   2    8    9    11   3    12   7    4    10   5    8    9    11   6    12   

