count      fraction               similarity             nclusters  T_pella8--0 T_pyra1--0 T_pyra2--0 T_pella7--0 T_pella6--0 T_pella5--0 T_pyra3--0 T_pella9--0 T_pyra4--0 T_pella8--1 T_pyra1--1 T_pyra2--1 T_pella7--1 T_pella6--1 T_pella5--1 T_pyra3--1 T_pella9--1 T_pyra4--1 
3544       0.39784463403682085    6408.751633987095      4          1    4    4    2    3    3    4    1    4    1    4    4    2    3    3    4    1    4    
6          6.73551863493489E-4    4190.666666666892      5          1    4    4    2    3    3    5    1    4    1    4    4    2    3    3    5    1    4    
760        0.08531656937584194    2622.9607843137887     3          1    3    3    1    2    2    3    1    3    1    3    3    1    2    2    3    1    3    
11         0.0012348450830713966  2156.986928104639      6          1    5    5    2    3    4    5    1    6    1    5    5    2    3    4    5    1    6    
641        0.07195779074988774    2132.1111111111504     6          1    5    5    2    3    4    6    1    6    1    5    5    2    3    4    6    1    6    
1607       0.18039964077233947    2129.7320261437917     5          1    5    5    2    3    4    5    1    5    1    5    5    2    3    4    5    1    5    
49         0.0055006735518634935  2068.954248366041      6          1    4    4    2    3    3    6    1    5    1    4    4    2    3    3    6    1    5    
36         0.004041311180960934   1964.1960784313792     7          1    5    5    2    3    4    6    1    7    1    5    5    2    3    4    6    1    7    
4          4.49034575662326E-4    1781.7124183006474     7          1    5    5    3    4    4    6    2    7    1    5    5    3    4    4    6    2    7    
880        0.09878760664571172    1496.0718954248373     5          1    4    4    2    3    3    5    1    5    1    4    4    2    3    3    5    1    5    
74         0.00830713964975303    1343.6339869281157     6          1    5    5    3    4    4    6    2    6    1    5    5    3    4    4    6    2    6    
9          0.0010103277952402336  1325.137254901959      8          1    6    7    3    4    5    8    2    8    1    6    7    3    4    5    8    2    8    
126        0.01414458913336327    654.7254901960729      6          1    4    5    2    3    3    6    1    6    1    4    5    2    3    3    6    1    6    
93         0.01044005388414908    469.1960784313714      6          1    6    6    3    4    5    6    2    6    1    6    6    3    4    5    6    2    6    
113        0.01268522676246071    361.13071895424775     7          1    5    6    2    3    4    7    1    7    1    5    6    2    3    4    7    1    7    
11         0.0012348450830713966  322.60784313725395     7          1    5    6    3    4    4    7    2    7    1    5    6    3    4    4    7    2    7    
55         0.0061742254153569825  292.2679738562077      5          1    4    4    1    2    3    5    1    5    1    4    4    1    2    3    5    1    5    
57         0.0063987427031881455  267.2352941176464      7          1    6    6    3    4    5    7    2    7    1    6    6    3    4    5    7    2    7    
2          2.24517287831163E-4    239.3267973856193      6          1    5    5    3    4    4    5    2    6    1    5    5    3    4    4    5    2    6    
217        0.024360125729681187   235.71241830065355     4          1    4    4    1    2    3    4    1    4    1    4    4    1    2    3    4    1    4    
21         0.0023574315222272117  204.16993464052254     6          1    5    6    2    3    4    5    1    5    1    5    6    2    3    4    5    1    5    
96         0.010776829815895825   197.15032679738533     5          1    4    5    2    3    3    5    1    5    1    4    5    2    3    3    5    1    5    
160        0.01796138302649304    173.94771241830063     5          1    5    5    3    4    4    5    2    5    1    5    5    3    4    4    5    2    5    
2          2.24517287831163E-4    171.5228758169933      9          1    6    7    3    4    5    8    2    9    1    6    7    3    4    5    8    2    9    
92         0.010327795240233499   140.9346405228758      4          1    3    3    1    2    2    4    1    4    1    3    3    1    2    2    4    1    4    
16         0.001796138302649304   94.6013071895425       8          1    5    6    2    3    4    7    1    8    1    5    6    2    3    4    7    1    8    
46         0.005163897620116749   92.01960784313725      6          1    5    6    2    3    4    6    1    6    1    5    6    2    3    4    6    1    6    
13         0.0014593623709025594  75.74509803921569      6          1    4    5    1    2    3    6    1    6    1    4    5    1    2    3    6    1    6    
13         0.0014593623709025594  75.22875816993464      7          1    4    5    2    3    3    6    1    7    1    4    5    2    3    3    6    1    7    
39         0.004378087112707678   53.22875816993464      5          1    4    5    2    3    3    4    1    4    1    4    5    2    3    3    4    1    4    
6          6.73551863493489E-4    52.31372549019608      5          1    4    5    1    2    3    4    1    4    1    4    5    1    2    3    4    1    4    
12         0.001347103726986978   50.28758169934641      5          1    3    5    1    2    2    4    1    4    1    3    5    1    2    2    4    1    4    
7          7.858105074090704E-4   34.37908496732026      5          1    4    5    1    2    3    5    1    5    1    4    5    1    2    3    5    1    5    
7          7.858105074090704E-4   33.70588235294118      6          1    5    5    2    3    4    6    1    5    1    5    5    2    3    4    6    1    5    
9          0.0010103277952402336  28.7843137254902       7          1    6    7    3    4    5    7    2    7    1    6    7    3    4    5    7    2    7    
13         0.0014593623709025594  21.294117647058826     4          1    3    4    1    2    2    4    1    4    1    3    4    1    2    2    4    1    4    
1          1.122586439155815E-4   20.69934640522876      8          1    5    6    3    4    4    8    2    7    1    5    6    3    4    4    8    2    7    
4          4.49034575662326E-4    18.980392156862745     7          1    6    6    3    4    5    6    2    7    1    6    6    3    4    5    6    2    7    
2          2.24517287831163E-4    18.73202614379085      6          1    4    5    2    3    3    4    1    6    1    4    5    2    3    3    4    1    6    
8          8.98069151324652E-4    17.22222222222222      6          1    5    6    3    4    4    6    2    6    1    5    6    3    4    4    6    2    6    
3          3.367759317467445E-4   14.235294117647062     7          3    6    6    4    1    5    7    3    7    3    6    6    4    2    5    7    3    7    
5          5.612932195779075E-4   13.35294117647059      8          1    6    6    3    4    5    7    2    8    1    6    6    3    4    5    7    2    8    
5          5.612932195779075E-4   13.287581699346408     5          1    4    4    2    3    3    4    1    5    1    4    4    2    3    3    4    1    5    
4          4.49034575662326E-4    13.27450980392157      6          1    5    6    3    4    4    5    2    5    1    5    6    3    4    4    5    2    5    
2          2.24517287831163E-4    13.150326797385622     6          1    4    5    2    3    3    6    1    5    1    4    5    2    3    3    6    1    5    
2          2.24517287831163E-4    8.62091503267974       6          1    4    5    2    3    3    5    1    6    1    4    5    2    3    3    5    1    6    
1          1.122586439155815E-4   6.50326797385621       9          3    7    8    5    1    6    9    4    9    3    7    8    5    2    6    9    4    9    
5          5.612932195779075E-4   5.921568627450981      4          1    3    4    1    2    2    3    1    3    1    3    4    1    2    2    3    1    3    
4          4.49034575662326E-4    5.8692810457516345     5          3    5    5    3    1    4    5    3    5    3    5    5    3    2    4    5    3    5    
2          2.24517287831163E-4    4.7973856209150325     6          1    4    4    1    2    3    6    1    5    1    4    4    1    2    3    6    1    5    
2          2.24517287831163E-4    3.8954248366013076     7          1    5    6    3    4    4    6    2    7    1    5    6    3    4    4    6    2    7    
2          2.24517287831163E-4    3.8562091503267975     7          1    6    7    3    4    5    6    2    6    1    6    7    3    4    5    6    2    6    
1          1.122586439155815E-4   3.738562091503268      6          2    5    5    3    4    4    6    2    6    2    5    5    3    4    4    6    1    6    
2          2.24517287831163E-4    2.928104575163399      7          1    5    6    2    3    4    6    1    7    1    5    6    2    3    4    6    1    7    
1          1.122586439155815E-4   2.895424836601307      5          2    5    5    3    4    4    5    2    5    2    5    5    3    4    4    5    1    5    
1          1.122586439155815E-4   1.973856209150327      6          3    6    6    4    1    5    6    3    6    3    6    6    4    2    5    6    3    6    
1          1.122586439155815E-4   1.9215686274509804     4          1    3    3    1    2    2    4    1    3    1    3    3    1    2    2    4    1    3    
1          1.122586439155815E-4   1.0                    6          1    3    4    1    2    2    5    1    6    1    3    4    1    2    2    5    1    6    
1          1.122586439155815E-4   1.0                    7          2    6    6    3    4    5    1    2    7    2    6    6    3    4    5    7    2    7    
1          1.122586439155815E-4   1.0                    7          3    7    7    5    1    6    7    4    7    3    7    7    5    2    6    7    4    7    

