count      fraction               similarity             nclusters  T_pella8--0 T_pyra1--0 T_pyra2--0 T_pella7--0 T_pella6--0 T_pella5--0 T_pyra3--0 T_pella9--0 T_pyra4--0 T_pella8--1 T_pyra1--1 T_pyra2--1 T_pella7--1 T_pella6--1 T_pella5--1 T_pyra3--1 T_pella9--1 T_pyra4--1 
1581       0.5060819462227913     3107.32026143789       9          1    6    7    3    4    5    9    2    8    1    6    7    3    4    5    9    2    8    
382        0.12227912932138284    1516.6797385620903     10         3    7    8    5    1    6    9    4    10   3    7    8    5    2    6    9    4    10   
8          0.002560819462227913   1513.627450980408      11         5    8    9    1    6    7    10   2    11   5    8    9    3    6    7    10   4    11   
53         0.016965428937259924   1136.2679738562133     11         5    9    10   6    7    8    1    2    11   5    9    10   6    7    8    3    4    11   
264        0.08450704225352113    1084.8104575163447     10         3    8    9    5    6    7    1    4    10   3    8    9    5    6    7    2    4    10   
10         0.003201024327784891   816.1699346405279      11         5    9    10   7    8    1    2    6    11   5    9    10   7    8    3    4    6    11   
7          0.002240717029449424   807.3856209150391      11         5    1    9    7    2    8    10   6    11   5    3    9    7    4    8    10   6    11   
18         0.005761843790012804   802.156862745102       12         7    10   11   8    1    9    2    3    12   7    10   11   8    4    9    5    6    12   
288        0.09218950064020487    790.0915032679746      10         3    7    8    4    5    6    9    1    10   3    7    8    4    5    6    9    2    10   
72         0.023047375160051217   501.7058823529401      11         5    8    9    6    1    7    10   2    11   5    8    9    6    3    7    10   4    11   
6          0.0019206145966709346  429.47058823529284     11         5    9    10   1    7    8    2    6    11   5    9    10   3    7    8    4    6    11   
63         0.020166453265044813   419.7843137254895      8          1    5    6    2    3    4    7    1    8    1    5    6    2    3    4    7    1    8    
33         0.01056338028169014    363.8823529411763      10         3    7    8    1    5    6    9    4    10   3    7    8    2    5    6    9    4    10   
8          0.002560819462227913   325.8366013071899      9          3    7    8    4    5    6    9    1    9    3    7    8    4    5    6    9    2    9    
13         0.004161331626120359   323.2483660130717      10         3    8    9    5    6    7    10   4    1    3    8    9    5    6    7    10   4    2    
13         0.004161331626120359   304.705882352941       8          1    5    6    3    4    4    7    2    8    1    5    6    3    4    4    7    2    8    
38         0.012163892445582587   294.50326797385634     8          1    6    7    2    4    5    8    3    8    1    6    7    2    4    5    8    3    8    
70         0.02240717029449424    262.38562091503223     11         5    9    10   7    1    8    2    6    11   5    9    10   7    3    8    4    6    11   
13         0.004161331626120359   192.3137254901958      10         3    1    8    5    6    7    9    4    10   3    2    8    5    6    7    9    4    10   
21         0.006722151088348271   175.99346405228735     10         3    7    8    5    6    1    9    4    10   3    7    8    5    6    2    9    4    10   
3          9.603072983354673E-4   175.23529411764684     9          3    7    8    5    6    6    1    4    9    3    7    8    5    6    6    2    4    9    
1          3.201024327784891E-4   175.08496732026123     12         7    1    10   2    8    9    11   3    12   7    4    10   5    8    9    11   6    12   
5          0.0016005121638924455  154.3725490196077      11         5    10   11   7    8    9    1    6    2    5    10   11   7    8    9    3    6    4    
8          0.002560819462227913   147.22875816993442     8          1    6    6    3    4    5    7    2    8    1    6    6    3    4    5    7    2    8    
14         0.004481434058898848   142.49673202614358     11         5    8    9    1    2    7    10   6    11   5    8    9    3    4    7    10   6    11   
4          0.0012804097311139564  128.36601307189525     10         1    7    8    4    5    6    9    3    10   2    7    8    4    5    6    9    3    10   
6          0.0019206145966709346  124.24836601307192     11         5    9    10   6    7    8    11   1    2    5    9    10   6    7    8    11   3    4    
2          6.402048655569782E-4   118.18300653594767     12         7    10   11   8    9    1    2    3    12   7    10   11   8    9    4    5    6    12   
4          0.0012804097311139564  116.52287581699348     11         5    8    9    6    7    1    10   2    11   5    8    9    6    7    3    10   4    11   
7          0.002240717029449424   113.01960784313714     11         5    8    9    7    1    2    10   6    11   5    8    9    7    3    4    10   6    11   
2          6.402048655569782E-4   105.5882352941176      11         5    10   1    7    8    9    2    6    11   5    10   3    7    8    9    4    6    11   
7          0.002240717029449424   102.7712418300652      9          3    6    7    4    1    5    8    3    9    3    6    7    4    2    5    8    3    9    
3          9.603072983354673E-4   97.03921568627436      12         7    10   11   1    2    9    3    8    12   7    10   11   4    5    9    6    8    12   
4          0.0012804097311139564  94.26797385620905      11         5    9    10   7    1    8    11   6    2    5    9    10   7    3    8    11   6    4    
3          9.603072983354673E-4   89.9869281045751       12         7    9    10   1    2    3    11   8    12   7    9    10   4    5    6    11   8    12   
4          0.0012804097311139564  87.14379084967317      11         1    8    9    5    6    7    10   2    11   3    8    9    5    6    7    10   4    11   
2          6.402048655569782E-4   82.96078431372545      12         1    10   11   7    8    9    2    3    12   4    10   11   7    8    9    5    6    12   
2          6.402048655569782E-4   79.95424836601302      9          3    6    8    1    4    5    7    3    9    3    6    8    2    4    5    7    3    9    
1          3.201024327784891E-4   79.07843137254899      12         7    10   1    8    9    2    11   3    12   7    10   4    8    9    5    11   6    12   
1          3.201024327784891E-4   76.75816993464048      10         5    8    9    7    1    2    10   6    10   5    8    9    7    3    4    10   6    10   
1          3.201024327784891E-4   76.3071895424836       11         5    9    1    2    7    8    10   6    11   5    9    3    4    7    8    10   6    11   
1          3.201024327784891E-4   76.00653594771232      7          1    5    6    3    4    4    7    2    7    1    5    6    3    4    4    7    2    7    
3          9.603072983354673E-4   75.80392156862739      11         5    9    1    7    2    8    10   6    11   5    9    3    7    4    8    10   6    11   
2          6.402048655569782E-4   71.7647058823529       12         7    9    10   8    1    2    11   3    12   7    9    10   8    4    5    11   6    12   
1          3.201024327784891E-4   71.40522875816986      10         5    7    8    1    2    6    9    5    10   5    7    8    3    4    6    9    5    10   
5          0.0016005121638924455  69.83006535947708      10         3    8    1    5    6    7    9    4    10   3    8    2    5    6    7    9    4    10   
3          9.603072983354673E-4   64.83006535947709      12         7    9    10   1    2    8    11   3    12   7    9    10   4    5    8    11   6    12   
3          9.603072983354673E-4   61.607843137254875     9          2    6    7    3    4    5    8    2    9    2    6    7    3    4    5    8    1    9    
1          3.201024327784891E-4   58.56209150326792      10         4    8    9    5    6    7    1    4    10   4    8    9    5    6    7    2    3    10   
2          6.402048655569782E-4   57.94117647058818      11         5    1    9    6    7    8    10   2    11   5    3    9    6    7    8    10   4    11   
1          3.201024327784891E-4   55.66666666666664      9          3    7    8    5    6    1    9    4    9    3    7    8    5    6    2    9    4    9    
1          3.201024327784891E-4   54.60130718954247      11         7    9    10   8    1    2    11   3    11   7    9    10   8    4    5    11   6    11   
2          6.402048655569782E-4   54.28104575163396      12         7    11   12   9    1    10   2    8    3    7    11   12   9    4    10   5    8    6    
1          3.201024327784891E-4   51.718954248365975     13         9    12   13   1    10   11   2    3    4    9    12   13   5    10   11   6    7    8    
3          9.603072983354673E-4   51.254901960784274     11         5    1    10   7    8    9    2    6    11   5    3    10   7    8    9    4    6    11   
4          0.0012804097311139564  48.42483660130717      12         7    10   11   9    1    2    3    8    12   7    10   11   9    4    5    6    8    12   
1          3.201024327784891E-4   44.51633986928102      10         4    8    9    6    1    7    2    5    10   4    8    9    6    3    7    10   5    10   
12         0.0038412291933418692  43.470588235294116     9          3    7    9    5    1    6    8    4    8    3    7    9    5    2    6    8    4    8    
1          3.201024327784891E-4   31.843137254901965     13         9    12   1    10   2    11   3    4    13   9    12   5    10   6    11   7    8    13   
1          3.201024327784891E-4   30.777777777777782     11         5    9    10   1    7    8    11   6    2    5    9    10   3    7    8    11   6    4    
1          3.201024327784891E-4   29.86274509803922      9          2    6    7    3    4    5    8    1    9    2    6    7    3    4    5    8    2    9    
1          3.201024327784891E-4   28.928104575163403     13         9    12   13   10   1    11   2    3    4    9    12   13   10   5    11   6    7    8    
1          3.201024327784891E-4   27.960784313725494     12         7    1    11   8    9    10   2    3    12   7    4    11   8    9    10   5    6    12   
1          3.201024327784891E-4   26.986928104575167     13         9    11   12   10   1    2    3    4    13   9    11   12   10   5    6    7    8    13   
2          6.402048655569782E-4   25.686274509803923     10         5    8    9    6    1    7    10   2    10   5    8    9    6    3    7    10   4    10   
1          3.201024327784891E-4   23.58823529411765      9          3    6    7    1    5    5    8    4    9    3    6    7    2    5    5    8    4    9    
1          3.201024327784891E-4   23.098039215686278     12         7    11   1    8    9    10   2    3    12   7    11   4    8    9    10   5    6    12   
1          3.201024327784891E-4   21.568627450980394     7          1    4    5    2    3    3    6    1    7    1    4    5    2    3    3    6    1    7    
2          6.402048655569782E-4   21.196078431372552     11         5    9    10   7    8    1    11   6    2    5    9    10   7    8    3    11   6    4    
1          3.201024327784891E-4   19.287581699346408     10         4    7    9    5    1    6    10   4    8    4    7    9    5    2    6    10   3    8    
1          3.201024327784891E-4   18.22222222222222      13         9    1    13   10   11   2    3    4    12   9    5    13   10   11   6    7    8    12   
2          6.402048655569782E-4   17.16993464052288      9          3    7    7    5    1    6    8    4    9    3    7    7    5    2    6    8    4    9    
1          3.201024327784891E-4   15.379084967320264     12         7    10   11   1    8    9    2    3    12   7    10   11   4    8    9    5    6    12   
1          3.201024327784891E-4   14.496732026143793     12         7    11   1    9    2    10   3    8    12   7    11   4    9    5    10   6    8    12   
3          9.603072983354673E-4   13.50980392156863      9          3    7    8    4    5    6    1    3    9    3    7    8    4    5    6    2    3    9    
2          6.402048655569782E-4   10.54248366013072      10         5    8    10   6    1    7    2    5    9    5    8    10   6    3    7    4    5    9    
1          3.201024327784891E-4   8.568627450980392      10         5    1    8    6    2    7    9    5    10   5    3    8    6    4    7    9    5    10   
1          3.201024327784891E-4   7.594771241830067      9          3    8    8    5    6    7    1    4    9    3    8    8    5    6    7    2    4    9    
1          3.201024327784891E-4   6.81045751633987       11         1    8    9    6    2    7    10   5    11   3    8    9    6    4    7    10   5    11   
1          3.201024327784891E-4   5.836601307189543      10         5    1    9    7    2    8    10   6    10   5    3    9    7    4    8    10   6    10   
1          3.201024327784891E-4   4.816993464052287      11         1    9    10   7    2    8    11   3    11   4    9    10   7    5    8    11   6    11   
1          3.201024327784891E-4   3.8954248366013076     12         7    1    12   9    2    10   3    8    11   7    4    12   9    5    10   6    8    11   
1          3.201024327784891E-4   2.9215686274509807     12         7    10   11   9    1    2    12   8    3    7    10   11   9    4    5    12   8    6    
1          3.201024327784891E-4   1.9477124183006536     11         5    9    1    6    7    8    10   2    11   5    9    3    6    7    8    10   4    11   
1          3.201024327784891E-4   1.0                    10         5    1    10   7    8    2    9    6    9    5    3    10   7    8    4    9    6    9    

