count      fraction               similarity             nclusters  T_pella8--0 T_pyra1--0 T_pyra2--0 T_pella7--0 T_pella6--0 T_pella5--0 T_pyra3--0 T_pella9--0 T_pyra4--0 T_pella8--1 T_pyra1--1 T_pyra2--1 T_pella7--1 T_pella6--1 T_pella5--1 T_pyra3--1 T_pella9--1 T_pyra4--1 
131        0.04193341869398207    2741.3921568628202     7          1    5    5    2    3    4    7    1    6    1    5    5    2    3    4    7    1    6    
179        0.057298335467349554   2634.758169934699      8          1    6    6    3    4    5    7    2    8    1    6    6    3    4    5    7    2    8    
360        0.11523687580025609    2545.3856209150636     8          1    6    7    3    4    5    8    2    8    1    6    7    3    4    5    8    2    8    
305        0.09763124199743918    2172.7320261438276     8          1    5    6    2    3    4    7    1    8    1    5    6    2    3    4    7    1    8    
355        0.11363636363636363    1887.1633986928048     7          1    5    6    2    3    4    7    1    7    1    5    6    2    3    4    7    1    7    
211        0.0675416133162612     1423.0000000000048     6          1    5    5    2    3    4    6    1    6    1    5    5    2    3    4    6    1    6    
446        0.14276568501920614    1333.5947712418217     9          1    6    7    3    4    5    8    2    9    1    6    7    3    4    5    8    2    9    
1          3.201024327784891E-4   1256.0522875817267     8          3    6    6    4    1    5    7    3    8    3    6    6    4    2    5    7    3    8    
27         0.008642765685019206   882.7320261437992      10         3    7    8    5    1    6    9    4    10   3    7    8    5    2    6    9    4    10   
200        0.06402048655569782    811.0392156862667      7          1    6    6    3    4    5    7    2    7    1    6    6    3    4    5    7    2    7    
80         0.02560819462227913    710.2614379084899      7          1    4    5    2    3    3    6    1    7    1    4    5    2    3    3    6    1    7    
67         0.02144686299615877    560.6078431372512      5          1    4    4    2    3    3    5    1    5    1    4    4    2    3    3    5    1    5    
70         0.02240717029449424    554.4836601307157      6          1    4    5    2    3    3    6    1    6    1    4    5    2    3    3    6    1    6    
77         0.02464788732394366    505.4575163398672      7          1    5    7    3    4    4    6    2    6    1    5    7    3    4    4    6    2    6    
2          6.402048655569782E-4   467.09150326797237     9          3    6    7    1    4    5    8    3    9    3    6    7    2    4    5    8    3    9    
102        0.03265044814340589    373.75163398692666     8          1    5    6    3    4    4    7    2    8    1    5    6    3    4    4    7    2    8    
55         0.017605633802816902   352.5882352941163      6          1    5    5    3    4    4    6    2    6    1    5    5    3    4    4    6    2    6    
3          9.603072983354673E-4   273.14379084967334     8          3    6    7    4    5    5    8    1    8    3    6    7    4    5    5    8    2    8    
15         0.004801536491677336   250.11764705882345     9          3    6    7    4    1    5    8    3    9    3    6    7    4    2    5    8    3    9    
46         0.0147247119078105     247.57516339869247     7          1    5    5    3    4    4    6    2    7    1    5    5    3    4    4    6    2    7    
2          6.402048655569782E-4   205.23529411764684     9          3    7    8    5    6    6    1    4    9    3    7    8    5    6    6    2    4    9    
9          0.002880921895006402   193.43137254901953     9          3    7    8    4    5    6    1    3    9    3    7    8    4    5    6    2    3    9    
18         0.005761843790012804   180.6797385620912      9          3    7    8    5    1    6    9    4    9    3    7    8    5    2    6    9    4    9    
2          6.402048655569782E-4   171.9607843137254      7          3    6    6    4    5    5    1    3    7    3    6    6    4    5    5    2    3    7    
40         0.012804097311139564   168.8431372549018      6          1    4    4    2    3    3    5    1    6    1    4    4    2    3    3    5    1    6    
3          9.603072983354673E-4   163.14379084967288     9          3    7    7    4    5    6    8    1    9    3    7    7    4    5    6    8    2    9    
6          0.0019206145966709346  162.61437908496703     9          3    7    8    4    5    6    9    1    9    3    7    8    4    5    6    9    2    9    
4          0.0012804097311139564  157.74509803921563     8          2    6    7    3    4    5    1    2    8    2    6    7    3    4    5    8    2    8    
6          0.0019206145966709346  153.15032679738542     10         3    8    9    5    6    7    1    4    10   3    8    9    5    6    7    2    4    10   
2          6.402048655569782E-4   141.75163398692786     8          3    7    7    4    5    6    8    1    8    3    7    7    4    5    6    8    2    8    
18         0.005761843790012804   138.503267973856       8          3    6    7    4    1    5    8    3    8    3    6    7    4    2    5    8    3    8    
5          0.0016005121638924455  129.9215686274508      6          1    5    6    2    3    4    5    1    5    1    5    6    2    3    4    5    1    5    
7          0.002240717029449424   126.72549019607827     7          3    6    6    4    1    5    7    3    7    3    6    6    4    2    5    7    3    7    
1          3.201024327784891E-4   126.3529411764703      10         3    7    8    1    5    6    9    4    10   3    7    8    2    5    6    9    4    10   
8          0.002560819462227913   125.58823529411734     10         3    7    8    4    5    6    9    1    10   3    7    8    4    5    6    9    2    10   
1          3.201024327784891E-4   116.05228758169929     6          1    4    6    2    3    3    6    1    5    1    4    6    2    3    3    6    1    5    
12         0.0038412291933418692  93.58823529411765      7          1    6    7    3    4    5    7    2    7    1    6    7    3    4    5    7    2    7    
1          3.201024327784891E-4   92.49673202614358      10         3    7    8    5    6    1    9    4    10   3    7    8    5    6    2    9    4    10   
6          0.0019206145966709346  90.21568627450978      5          1    4    5    2    3    3    5    1    5    1    4    5    2    3    3    5    1    5    
20         0.006402048655569782   86.18300653594771      4          1    4    4    2    3    3    4    1    4    1    4    4    2    3    3    4    1    4    
29         0.009282970550576185   84.76470588235294      5          1    5    5    2    3    4    5    1    5    1    5    5    2    3    4    5    1    5    
7          0.002240717029449424   83.0915032679738       7          1    6    6    3    4    5    6    2    7    1    6    6    3    4    5    6    2    7    
2          6.402048655569782E-4   83.04575163398674      8          3    7    7    4    5    6    1    3    8    3    7    7    4    5    6    2    3    8    
2          6.402048655569782E-4   82.01960784313725      7          1    5    6    2    3    4    5    1    7    1    5    6    2    3    4    5    1    7    
1          3.201024327784891E-4   78.30718954248361      9          2    6    7    3    4    5    8    2    9    2    6    7    3    4    5    8    1    9    
2          6.402048655569782E-4   76.95424836601302      8          2    6    6    3    4    5    7    2    8    2    6    6    3    4    5    7    1    8    
3          9.603072983354673E-4   74.15032679738552      9          3    8    8    5    6    7    1    4    9    3    8    8    5    6    7    2    4    9    
1          3.201024327784891E-4   69.4575163398692       7          2    5    6    3    4    4    7    2    7    2    5    6    3    4    4    7    1    7    
17         0.005441741357234315   68.04575163398692      6          1    5    6    2    3    4    6    1    6    1    5    6    2    3    4    6    1    6    
6          0.0019206145966709346  67.20915032679736      6          1    5    5    2    3    4    6    1    5    1    5    5    2    3    4    6    1    5    
12         0.0038412291933418692  65.66013071895422      7          1    5    6    2    3    4    7    1    6    1    5    6    2    3    4    7    1    6    
19         0.006081946222791294   63.967320261437905     6          1    6    6    3    4    5    6    2    6    1    6    6    3    4    5    6    2    6    
3          9.603072983354673E-4   63.411764705882334     6          1    5    5    3    4    4    5    2    6    1    5    5    3    4    4    5    2    6    
10         0.003201024327784891   60.790849673202594     8          1    6    7    3    4    5    8    2    7    1    6    7    3    4    5    8    2    7    
2          6.402048655569782E-4   57.85620915032675      8          3    7    7    5    1    6    8    4    8    3    7    7    5    2    6    8    4    8    
5          0.0016005121638924455  56.0457516339869       7          1    6    6    3    4    5    7    2    6    1    6    6    3    4    5    7    2    6    
1          3.201024327784891E-4   55.908496732026094     7          2    6    6    3    4    5    7    1    7    2    6    6    3    4    5    7    2    7    
1          3.201024327784891E-4   55.07843137254897      7          2    6    6    3    4    5    1    2    7    2    6    6    3    4    5    7    2    7    
1          3.201024327784891E-4   51.947712418300654     6          1    4    6    2    3    3    4    1    5    1    4    6    2    3    3    4    1    5    
1          3.201024327784891E-4   50.23529411764703      7          2    6    6    3    4    5    7    2    7    2    6    6    3    4    5    7    1    7    
9          0.002880921895006402   43.20261437908497      8          1    6    8    3    4    5    8    2    7    1    6    8    3    4    5    8    2    7    
5          0.0016005121638924455  42.43790849673202      6          1    4    5    2    3    3    6    1    5    1    4    5    2    3    3    6    1    5    
1          3.201024327784891E-4   42.16339869281046      8          1    6    7    3    4    5    8    2    6    1    6    7    3    4    5    8    2    6    
4          0.0012804097311139564  41.843137254901954     6          1    5    5    2    3    4    5    1    6    1    5    5    2    3    4    5    1    6    
1          3.201024327784891E-4   38.41830065359478      5          1    4    4    2    3    3    5    1    4    1    4    4    2    3    3    5    1    4    
1          3.201024327784891E-4   38.22222222222223      7          1    5    7    3    4    4    6    2    5    1    5    7    3    4    4    6    2    5    
2          6.402048655569782E-4   37.73856209150327      6          1    5    6    3    4    4    6    2    5    1    5    6    3    4    4    6    2    5    
1          3.201024327784891E-4   35.86928104575164      7          1    6    7    3    4    5    7    2    6    1    6    7    3    4    5    7    2    6    
1          3.201024327784891E-4   32.450980392156865     7          3    6    6    4    5    5    7    1    7    3    6    6    4    5    5    7    2    7    
1          3.201024327784891E-4   32.12418300653595      11         5    8    9    6    1    7    10   2    11   5    8    9    6    3    7    10   4    11   
10         0.003201024327784891   29.411764705882355     7          1    6    7    3    4    5    6    2    6    1    6    7    3    4    5    6    2    6    
4          0.0012804097311139564  29.078431372549023     7          1    5    7    2    3    4    7    1    6    1    5    7    2    3    4    7    1    6    
4          0.0012804097311139564  28.31372549019608      7          1    5    6    3    4    4    7    2    6    1    5    6    3    4    4    7    2    6    
2          6.402048655569782E-4   28.01307189542484      9          2    7    8    4    5    6    9    3    9    2    7    8    4    5    6    1    3    9    
2          6.402048655569782E-4   27.294117647058826     7          3    7    7    4    5    6    7    1    7    3    7    7    4    5    6    7    2    7    
5          0.0016005121638924455  27.28104575163399      9          3    7    7    5    1    6    8    4    9    3    7    7    5    2    6    8    4    9    
1          3.201024327784891E-4   25.117647058823533     4          1    3    4    1    2    2    4    1    4    1    3    4    1    2    2    4    1    4    
1          3.201024327784891E-4   17.555555555555557     5          1    4    4    2    3    3    4    1    5    1    4    4    2    3    3    4    1    5    
7          0.002240717029449424   17.261437908496735     7          1    5    6    3    4    4    6    2    7    1    5    6    3    4    4    6    2    7    
10         0.003201024327784891   15.575163398692812     5          1    5    5    3    4    4    5    2    5    1    5    5    3    4    4    5    2    5    
1          3.201024327784891E-4   14.954248366013074     6          1    5    6    3    4    4    5    2    6    1    5    6    3    4    4    5    2    6    
1          3.201024327784891E-4   11.333333333333334     7          1    6    7    3    4    5    6    2    7    1    6    7    3    4    5    6    2    7    
1          3.201024327784891E-4   11.215686274509807     10         5    8    9    6    1    7    9    2    10   5    8    9    6    3    7    9    4    10   
1          3.201024327784891E-4   10.450980392156865     5          1    4    5    2    3    3    4    1    5    1    4    5    2    3    3    4    1    5    
2          6.402048655569782E-4   10.287581699346408     6          1    5    6    3    4    4    5    2    5    1    5    6    3    4    4    5    2    5    
1          3.201024327784891E-4   10.27450980392157      9          3    7    9    5    1    6    9    4    8    3    7    9    5    2    6    9    4    8    
3          9.603072983354673E-4   8.73202614379085       6          1    5    6    2    3    4    5    1    6    1    5    6    2    3    4    5    1    6    
3          9.603072983354673E-4   6.7516339869281055     8          1    6    8    3    4    5    6    2    7    1    6    8    3    4    5    6    2    7    
1          3.201024327784891E-4   4.679738562091503      6          1    4    5    1    2    3    6    1    6    1    4    5    1    2    3    6    1    6    
2          6.402048655569782E-4   3.8954248366013076     6          1    5    6    3    4    4    6    2    6    1    5    6    3    4    4    6    2    6    
1          3.201024327784891E-4   3.705882352941176      6          1    5    5    3    4    4    6    2    5    1    5    5    3    4    4    6    2    5    
1          3.201024327784891E-4   2.8954248366013076     8          2    7    7    4    5    6    8    3    8    2    7    7    4    5    6    1    3    8    
1          3.201024327784891E-4   2.803921568627451      5          1    4    4    1    2    3    5    1    5    1    4    4    1    2    3    5    1    5    
1          3.201024327784891E-4   1.9477124183006536     8          2    7    7    4    5    6    1    3    8    2    7    7    4    5    6    8    3    8    
1          3.201024327784891E-4   1.9215686274509804     7          3    7    7    5    1    6    7    4    7    3    7    7    5    2    6    7    4    7    
1          3.201024327784891E-4   1.9084967320261437     8          3    7    8    5    1    6    8    4    8    3    7    8    5    2    6    8    4    8    
1          3.201024327784891E-4   1.0                    8          2    6    7    4    5    5    1    3    8    2    6    7    4    5    5    8    3    8    
1          3.201024327784891E-4   1.0                    8          3    7    8    4    5    6    7    1    8    3    7    8    4    5    6    7    2    8    

