count      fraction               similarity             nclusters  T_pella8--0 T_pyra1--0 T_pyra2--0 T_pella7--0 T_pella6--0 T_pella5--0 T_pyra3--0 T_pella9--0 T_pyra4--0 T_pella8--1 T_pyra1--1 T_pyra2--1 T_pella7--1 T_pella6--1 T_pella5--1 T_pyra3--1 T_pella9--1 T_pyra4--1 
1273       0.40749039692701666    2286.8692810457705     4          1    4    4    2    3    3    4    1    4    1    4    4    2    3    3    4    1    4    
611        0.19558258642765686    1014.2614379084905     5          1    5    5    2    3    4    5    1    5    1    5    5    2    3    4    5    1    5    
231        0.07394366197183098    749.7320261437836      6          1    5    5    2    3    4    6    1    6    1    5    5    2    3    4    6    1    6    
278        0.08898847631241998    539.764705882351       5          1    4    4    2    3    3    5    1    5    1    4    4    2    3    3    5    1    5    
84         0.026888604353393086   349.9477124182984      4          1    4    4    1    2    3    4    1    4    1    4    4    1    2    3    4    1    4    
238        0.0761843790012804     286.9150326797384      3          1    3    3    1    2    2    3    1    3    1    3    3    1    2    2    3    1    3    
36         0.011523687580025609   269.843137254901       6          1    4    5    2    3    3    6    1    6    1    4    5    2    3    3    6    1    6    
5          0.0016005121638924455  163.8692810457515      7          1    5    6    3    4    4    7    2    7    1    5    6    3    4    4    7    2    7    
20         0.006402048655569782   161.86928104575122     6          1    5    5    3    4    4    6    2    6    1    5    5    3    4    4    6    2    6    
40         0.012804097311139564   157.35294117647047     7          1    5    6    2    3    4    7    1    7    1    5    6    2    3    4    7    1    7    
23         0.00736235595390525    126.03267973856211     6          1    4    4    2    3    3    5    1    6    1    4    4    2    3    3    5    1    6    
50         0.016005121638924456   85.77124183006536      5          1    5    5    3    4    4    5    2    5    1    5    5    3    4    4    5    2    5    
37         0.011843790012804098   84.18954248366013      4          1    3    3    1    2    2    4    1    4    1    3    3    1    2    2    4    1    4    
18         0.005761843790012804   64.71895424836602      7          1    6    6    3    4    5    7    2    7    1    6    6    3    4    5    7    2    7    
7          0.002240717029449424   64.58823529411765      6          1    5    6    2    3    4    5    1    5    1    5    6    2    3    4    5    1    5    
27         0.008642765685019206   60.30065359477125      5          1    4    5    2    3    3    5    1    5    1    4    5    2    3    3    5    1    5    
6          0.0019206145966709346  56.71241830065361      5          1    4    5    2    3    3    4    1    4    1    4    5    2    3    3    4    1    4    
12         0.0038412291933418692  44.81699346405228      7          1    5    5    2    3    4    6    1    7    1    5    5    2    3    4    6    1    7    
8          0.002560819462227913   44.026143790849666     7          1    4    5    2    3    3    6    1    7    1    4    5    2    3    3    6    1    7    
3          9.603072983354673E-4   38.47712418300654      8          1    6    7    3    4    5    8    2    8    1    6    7    3    4    5    8    2    8    
31         0.009923175416133162   37.44444444444444      6          1    6    6    3    4    5    6    2    6    1    6    6    3    4    5    6    2    6    
4          0.0012804097311139564  32.9607843137255       5          1    4    4    2    3    3    4    1    5    1    4    4    2    3    3    4    1    5    
1          3.201024327784891E-4   31.294117647058826     4          1    4    4    2    3    3    4    2    4    1    4    4    2    3    3    4    2    4    
2          6.402048655569782E-4   30.947712418300657     7          1    5    5    3    4    4    6    2    7    1    5    5    3    4    4    6    2    7    
6          0.0019206145966709346  29.392156862745104     6          1    5    5    2    3    4    5    1    6    1    5    5    2    3    4    5    1    6    
15         0.004801536491677336   29.228758169934643     5          1    4    4    1    2    3    5    1    5    1    4    4    1    2    3    5    1    5    
13         0.004161331626120359   28.150326797385624     6          1    5    6    2    3    4    6    1    6    1    5    6    2    3    4    6    1    6    
8          0.002560819462227913   25.653594771241835     8          1    5    6    2    3    4    7    1    8    1    5    6    2    3    4    7    1    8    
5          0.0016005121638924455  22.81045751633987      6          1    4    5    1    2    3    6    1    6    1    4    5    1    2    3    6    1    6    
1          3.201024327784891E-4   19.888888888888893     9          1    6    7    3    4    5    8    2    9    1    6    7    3    4    5    8    2    9    
2          6.402048655569782E-4   18.137254901960787     6          1    5    5    3    4    4    5    2    6    1    5    5    3    4    4    5    2    6    
2          6.402048655569782E-4   16.823529411764707     5          1    4    4    2    3    3    5    1    4    1    4    4    2    3    3    5    1    4    
1          3.201024327784891E-4   16.745098039215687     6          1    5    6    3    4    4    5    2    6    1    5    6    3    4    4    5    2    6    
1          3.201024327784891E-4   11.124183006535949     6          1    5    5    2    3    4    6    1    5    1    5    5    2    3    4    6    1    5    
5          0.0016005121638924455  10.686274509803923     7          1    6    7    3    4    5    7    2    7    1    6    7    3    4    5    7    2    7    
3          9.603072983354673E-4   8.57516339869281       5          1    4    5    1    2    3    5    1    5    1    4    5    1    2    3    5    1    5    
4          0.0012804097311139564  5.8692810457516345     5          1    3    5    1    2    2    4    1    4    1    3    5    1    2    2    4    1    4    
3          9.603072983354673E-4   5.764705882352941      6          1    5    6    3    4    4    6    2    6    1    5    6    3    4    4    6    2    6    
1          3.201024327784891E-4   3.8431372549019605     6          1    4    5    2    3    3    6    1    5    1    4    5    2    3    3    6    1    5    
1          3.201024327784891E-4   3.764705882352941      4          1    3    4    1    2    2    4    1    4    1    3    4    1    2    2    4    1    4    
1          3.201024327784891E-4   2.895424836601307      8          1    5    6    3    4    4    8    2    7    1    5    6    3    4    4    8    2    7    
2          6.402048655569782E-4   2.0                    7          3    6    6    4    1    5    7    3    7    3    6    6    4    2    5    7    3    7    
1          3.201024327784891E-4   1.9477124183006536     6          1    4    5    2    3    3    4    1    6    1    4    5    2    3    3    4    1    6    
1          3.201024327784891E-4   1.915032679738562      5          1    4    5    1    2    3    4    1    4    1    4    5    1    2    3    4    1    4    
1          3.201024327784891E-4   1.0                    7          1    6    6    3    4    5    6    2    7    1    6    6    3    4    5    6    2    7    
1          3.201024327784891E-4   1.0                    6          1    4    5    2    3    3    5    1    6    1    4    5    2    3    3    5    1    6    
1          3.201024327784891E-4   1.0                    5          3    5    5    3    1    4    5    3    5    3    5    5    3    2    4    5    3    5    

