count      fraction               similarity             nclusters  T_pella8--0 T_pyra1--0 T_pyra2--0 T_pella7--0 T_pella6--0 T_pella5--0 T_pyra3--0 T_pella9--0 T_pyra4--0 T_pella8--1 T_pyra1--1 T_pyra2--1 T_pella7--1 T_pella6--1 T_pella5--1 T_pyra3--1 T_pella9--1 T_pyra4--1 
6          0.0019206145966709346  3046.509803921624      11         1    2    9    6    7    8    11   5    10   3    4    9    6    7    8    11   5    10   
5          0.0016005121638924455  3041.202614379128      11         5    9    1    2    7    8    10   6    11   5    9    3    4    7    8    10   6    11   
2          6.402048655569782E-4   3040.4836601307643     12         7    10   1    2    8    9    11   3    12   7    10   4    5    8    9    11   6    12   
2          6.402048655569782E-4   3021.5294117647477     12         7    11   1    2    9    10   3    8    12   7    11   4    5    9    10   6    8    12   
5          0.0016005121638924455  3021.490196078463      13         1    11   12   9    10   2    3    4    13   5    11   12   9    10   6    7    8    13   
7          0.002240717029449424   3017.588235294164      15         13   14   1    2    3    4    5    6    15   13   14   7    8    9    10   11   12   15   
7          0.002240717029449424   3016.411764705912      13         9    11   12   1    2    3    4    10   13   9    11   12   5    6    7    8    10   13   
4          0.0012804097311139564  3015.2352941176737     13         9    12   1    10   11   2    3    4    13   9    12   5    10   11   6    7    8    13   
27         0.008642765685019206   3013.5359477124707     11         5    1    9    7    2    8    10   6    11   5    3    9    7    4    8    10   6    11   
9          0.002880921895006402   2993.490196078474      15         13   1    14   2    3    4    5    6    15   13   7    14   8    9    10   11   12   15   
26         0.008322663252240717   2988.4444444444925     11         5    8    9    1    2    7    10   6    11   5    8    9    3    4    7    10   6    11   
1          3.201024327784891E-4   2982.9150326797744     14         1    13   2    12   3    4    14   11   5    6    13   7    12   8    9    14   11   10   
22         0.007042253521126761   2958.437908496769      12         7    1    10   8    2    9    11   3    12   7    4    10   8    5    9    11   6    12   
26         0.008322663252240717   2936.908496732069      12         7    10   11   9    1    2    3    8    12   7    10   11   9    4    5    6    8    12   
34         0.01088348271446863    2915.0915032680036     10         3    1    8    5    6    7    9    4    10   3    2    8    5    6    7    9    4    10   
174        0.05569782330345711    2892.2418300653817     10         3    7    8    5    1    6    9    4    10   3    7    8    5    2    6    9    4    10   
351        0.11235595390524968    2706.993464052317      9          1    6    7    3    4    5    8    2    9    1    6    7    3    4    5    8    2    9    
14         0.004481434058898848   2706.450980392192      12         7    11   1    8    9    10   2    3    12   7    11   4    8    9    10   5    6    12   
93         0.02976952624839949    2342.843137254927      11         5    9    10   7    1    8    2    6    11   5    9    10   7    3    8    4    6    11   
8          0.002560819462227913   2340.0457516340116     11         5    9    10   7    8    1    11   6    2    5    9    10   7    8    3    11   6    4    
6          0.0019206145966709346  2338.9084967320555     12         1    10   11   8    2    9    3    7    12   4    10   11   8    5    9    6    7    12   
20         0.006402048655569782   2244.61437908499       13         9    12   13   10   1    11   2    3    4    9    12   13   10   5    11   6    7    8    
7          0.002240717029449424   2216.137254901988      14         11   1    13   12   2    3    4    5    14   11   6    13   12   7    8    9    10   14   
16         0.005121638924455826   2215.8431372549217     12         1    9    10   7    2    8    11   3    12   4    9    10   7    5    8    11   6    12   
16         0.005121638924455826   2199.00653594774       11         5    9    1    7    2    8    10   6    11   5    9    3    7    4    8    10   6    11   
58         0.01856594110115237    2187.124183006551      10         3    7    8    1    5    6    9    4    10   3    7    8    2    5    6    9    4    10   
28         0.008962868117797696   2126.8366013072045     10         3    8    1    5    6    7    9    4    10   3    8    2    5    6    7    9    4    10   
143        0.045774647887323945   2107.9607843137433     10         3    8    9    5    6    7    1    4    10   3    8    9    5    6    7    2    4    10   
19         0.006081946222791294   1962.6666666666852     13         9    11   12   10   1    2    3    4    13   9    11   12   10   5    6    7    8    13   
24         0.0076824583866837385  1939.169934640541      10         1    7    8    4    5    6    9    3    10   2    7    8    4    5    6    9    3    10   
15         0.004801536491677336   1912.9869281045926     11         1    9    10   6    7    8    2    5    11   3    9    10   6    7    8    4    5    11   
2          6.402048655569782E-4   1909.5620915032807     13         1    11   12   10   2    3    4    9    13   5    11   12   10   6    7    8    9    13   
29         0.009282970550576185   1901.3333333333528     11         5    9    10   1    7    8    2    6    11   5    9    10   3    7    8    4    6    11   
7          0.002240717029449424   1866.437908496747      12         7    1    11   2    9    10   3    8    12   7    4    11   5    9    10   6    8    12   
7          0.002240717029449424   1859.8431372549178     12         7    10   1    2    3    9    11   8    12   7    10   4    5    6    9    11   8    12   
6          0.0019206145966709346  1853.3529411764832     13         9    1    12   2    3    11   4    10   13   9    5    12   6    7    11   8    10   13   
8          0.002560819462227913   1850.9869281045906     14         11   1    13   2    3    12   4    5    14   11   6    13   7    8    12   9    10   14   
31         0.009923175416133162   1845.4183006536118     11         5    8    9    7    1    2    10   6    11   5    8    9    7    3    4    10   6    11   
56         0.01792573623559539    1823.4052287581842     12         7    10   12   8    1    9    2    3    11   7    10   12   8    4    9    5    6    11   
162        0.051856594110115235   1762.2156862745273     10         3    7    10   4    5    6    8    1    9    3    7    10   4    5    6    8    2    9    
6          0.0019206145966709346  1755.058823529421      13         1    2    13   9    10   11   3    4    12   5    6    13   9    10   11   7    8    12   
30         0.009603072983354673   1598.4836601307306     13         9    11   13   1    2    10   3    4    12   9    11   13   5    6    10   7    8    12   
7          0.002240717029449424   1560.0718954248407     12         1    9    12   8    2    3    10   7    11   4    9    12   8    5    6    10   7    11   
19         0.006081946222791294   1559.0718954248389     11         5    9    1    6    7    8    10   2    11   5    9    3    6    7    8    10   4    11   
17         0.005441741357234315   1535.6143790849783     12         7    10   11   8    9    1    2    3    12   7    10   11   8    9    4    5    6    12   
3          9.603072983354673E-4   1533.777777777781      14         11   14   1    12   13   2    3    4    5    11   14   6    12   13   7    8    9    10   
1          3.201024327784891E-4   1530.4771241830128     11         5    10   1    7    8    9    11   6    2    5    10   3    7    8    9    11   6    4    
2          6.402048655569782E-4   1527.483660130722      15         13   1    2    3    14   15   4    5    6    13   7    8    9    14   15   10   11   12   
64         0.020486555697823303   1514.8235294117724     11         5    9    10   6    7    8    1    2    11   5    9    10   6    7    8    3    4    11   
4          0.0012804097311139564  1510.352941176479      15         1    14   2    3    4    13   5    6    15   7    14   8    9    10   13   11   12   15   
3          9.603072983354673E-4   1509.045751633994      12         7    1    2    9    3    10   11   8    12   7    4    5    9    6    10   11   8    12   
1          3.201024327784891E-4   1500.320261437904      14         11   1    2    12   13   3    14   4    5    11   6    7    12   13   8    14   9    10   
7          0.002240717029449424   1444.2091503268073     13         9    12   13   1    2    11   3    10   4    9    12   13   5    6    11   7    10   8    
2          6.402048655569782E-4   1441.3333333333362     13         1    12   2    10   3    11   4    9    13   5    12   6    10   7    11   8    9    13   
8          0.002560819462227913   1439.130718954257      13         9    11   12   1    2    10   13   3    4    9    11   12   5    6    10   13   7    8    
3          9.603072983354673E-4   1424.0849673202654     13         1    2    12   10   3    11   13   9    4    5    6    12   10   7    11   13   9    8    
4          0.0012804097311139564  1420.7581699346388     12         7    11   1    2    9    10   12   8    3    7    11   4    5    9    10   12   8    6    
6          0.0019206145966709346  1419.058823529413      12         7    11   12   1    9    10   2    8    3    7    11   12   4    9    10   5    8    6    
2          6.402048655569782E-4   1418.287581699353      13         9    1    11   2    3    4    12   10   13   9    5    11   6    7    8    12   10   13   
4          0.0012804097311139564  1410.2614379084978     11         1    8    10   6    7    2    11   5    9    3    8    10   6    7    4    11   5    9    
3          9.603072983354673E-4   1408.1045751634026     13         1    11   12   2    3    10   4    9    13   5    11   12   6    7    10   8    9    13   
6          0.0019206145966709346  1406.8169934640562     13         9    1    12   2    10   11   3    4    13   9    5    12   6    10   11   7    8    13   
16         0.005121638924455826   1398.7254901960862     12         7    1    11   9    2    10   3    8    12   7    4    11   9    5    10   6    8    12   
5          0.0016005121638924455  1395.3071895424794     16         1    2    16   3    4    15   5    6    7    8    9    16   10   11   15   12   13   14   
13         0.004161331626120359   1381.954248366018      12         7    11   1    9    2    10   3    8    12   7    11   4    9    5    10   6    8    12   
36         0.011523687580025609   1366.5686274509872     10         3    7    8    5    6    1    9    4    10   3    7    8    5    6    2    9    4    10   
3          9.603072983354673E-4   1362.9019607843125     14         11   1    2    3    4    13   5    12   14   11   6    7    8    9    13   10   12   14   
98         0.03137003841229193    1337.4052287581765     11         5    8    9    6    1    7    10   2    11   5    8    9    6    3    7    10   4    11   
7          0.002240717029449424   1230.1437908496696     11         5    1    2    7    8    9    10   6    11   5    3    4    7    8    9    10   6    11   
1          3.201024327784891E-4   1229.8366013071854     13         9    1    2    10   11   3    12   4    13   9    5    6    10   11   7    12   8    13   
6          0.0019206145966709346  1221.5098039215684     11         1    9    10   6    7    8    11   5    2    3    9    10   6    7    8    11   5    4    
14         0.004481434058898848   1221.0980392156907     12         7    11   12   8    9    10   1    2    3    7    11   12   8    9    10   4    5    6    
3          9.603072983354673E-4   1220.9869281045749     16         1    2    3    15   4    16   5    6    7    8    9    10   15   11   16   12   13   14   
4          0.0012804097311139564  1205.4183006535986     13         9    1    12   10   2    11   13   3    4    9    5    12   10   6    11   13   7    8    
19         0.006081946222791294   1201.6535947712446     11         5    1    9    6    7    8    10   2    11   5    3    9    6    7    8    10   4    11   
9          0.002880921895006402   1183.0718954248402     12         7    1    11   8    9    10   2    3    12   7    4    11   8    9    10   5    6    12   
26         0.008322663252240717   1175.0065359477148     11         5    8    9    1    6    7    10   2    11   5    8    9    3    6    7    10   4    11   
20         0.006402048655569782   1151.0392156862754     12         7    10   11   8    1    9    12   2    3    7    10   11   8    4    9    12   5    6    
22         0.007042253521126761   1130.50326797386       12         7    10   11   1    2    9    3    8    12   7    10   11   4    5    9    6    8    12   
13         0.004161331626120359   1108.2745098039204     13         9    12   1    10   2    11   3    4    13   9    12   5    10   6    11   7    8    13   
23         0.00736235595390525    1095.83660130719       11         5    9    10   6    7    8    11   1    2    5    9    10   6    7    8    11   3    4    
8          0.002560819462227913   1071.9019607843131     14         11   14   1    12   2    13   3    4    5    11   14   6    12   7    13   8    9    10   
5          0.0016005121638924455  1061.7843137254904     14         11   1    13   2    12   3    4    5    14   11   6    13   7    12   8    9    10   14   
27         0.008642765685019206   1059.0326797385617     12         7    9    10   1    2    8    11   3    12   7    9    10   4    5    8    11   6    12   
2          6.402048655569782E-4   1057.2810457516343     13         9    11   12   1    10   2    13   3    4    9    11   12   5    10   6    13   7    8    
1          3.201024327784891E-4   1028.3137254901935     15         1    15   2    13   3    14   4    5    6    7    15   8    13   9    14   10   11   12   
6          0.0019206145966709346  1027.4640522875811     12         1    11   12   8    9    10   2    7    3    4    11   12   8    9    10   5    7    6    
1          3.201024327784891E-4   1024.5163398692778     16         15   1    2    3    4    5    16   6    7    15   8    9    10   11   12   16   13   14   
2          6.402048655569782E-4   1019.1176470588198     13         1    2    12   3    10   11   4    9    13   5    6    12   7    10   11   8    9    13   
39         0.012483994878361075   1018.5751633986923     10         3    8    9    5    6    7    10   4    1    3    8    9    5    6    7    10   4    2    
3          9.603072983354673E-4   1017.4052287581657     15         13   1    2    3    4    15   5    14   6    13   7    8    9    10   15   11   14   12   
17         0.005441741357234315   980.4444444444417      11         5    10   11   7    8    9    1    6    2    5    10   11   7    8    9    3    6    4    
23         0.00736235595390525    964.8300653594758      12         7    11   12   9    1    10   2    8    3    7    11   12   9    4    10   5    8    6    
17         0.005441741357234315   940.5555555555524      11         1    8    9    6    2    7    10   5    11   3    8    9    6    4    7    10   5    11   
16         0.005121638924455826   923.660130718953       12         7    10   11   1    8    9    2    3    12   7    10   11   4    8    9    5    6    12   
2          6.402048655569782E-4   922.2614379084946      15         13   1    2    3    4    5    14   6    15   13   7    8    9    10   11   14   12   15   
8          0.002560819462227913   907.6470588235273      13         9    10   11   1    2    3    12   4    13   9    10   11   5    6    7    12   8    13   
16         0.005121638924455826   899.607843137254       12         7    10   1    8    2    9    11   3    12   7    10   4    8    5    9    11   6    12   
6          0.0019206145966709346  883.0196078431364      12         7    10   11   9    1    2    12   8    3    7    10   11   9    4    5    12   8    6    
4          0.0012804097311139564  876.0784313725467      12         7    11   1    9    10   2    3    8    12   7    11   4    9    10   5    6    8    12   
6          0.0019206145966709346  872.3267973856188      16         15   1    2    3    4    5    6    7    16   15   8    9    10   11   12   13   14   16   
6          0.0019206145966709346  868.3529411764687      13         9    1    11   10   2    3    12   4    13   9    5    11   10   6    7    12   8    13   
9          0.002880921895006402   863.0065359477109      13         1    11   12   9    2    10   3    4    13   5    11   12   9    6    10   7    8    13   
5          0.0016005121638924455  851.4640522875803      13         9    12   1    10   2    11   13   3    4    9    12   5    10   6    11   13   7    8    
20         0.006402048655569782   849.1437908496721      13         9    1    12   10   2    11   3    4    13   9    5    12   10   6    11   7    8    13   
1          3.201024327784891E-4   848.3464052287544      13         1    11   2    3    10   4    12   9    13   5    11   6    7    10   8    12   9    13   
4          0.0012804097311139564  824.8300653594755      17         1    17   2    3    4    5    6    7    8    9    17   10   11   12   13   14   15   16   
6          0.0019206145966709346  823.7973856209134      15         13   1    15   2    3    14   4    5    6    13   7    15   8    9    14   10   11   12   
4          0.0012804097311139564  816.6405228758159      16         15   16   1    2    3    4    5    6    7    15   16   8    9    10   11   12   13   14   
6          0.0019206145966709346  813.32679738562        13         1    2    11   9    3    10   12   4    13   5    6    11   9    7    10   12   8    13   
4          0.0012804097311139564  808.1241830065339      13         9    1    13   10   11   12   2    3    4    9    5    13   10   11   12   6    7    8    
6          0.0019206145966709346  804.7712418300637      14         11   1    14   12   2    13   3    4    5    11   6    14   12   7    13   8    9    10   
4          0.0012804097311139564  798.5032679738548      13         9    1    11   2    3    10   12   4    13   9    5    11   6    7    10   12   8    13   
5          0.0016005121638924455  794.0915032679719      12         7    1    10   2    3    9    11   8    12   7    4    10   5    6    9    11   8    12   
4          0.0012804097311139564  790.7647058823519      14         11   13   14   12   1    2    3    4    5    11   13   14   12   6    7    8    9    10   
5          0.0016005121638924455  785.0522875816968      12         7    1    11   9    2    10   12   8    3    7    4    11   9    5    10   12   8    6    
2          6.402048655569782E-4   779.7973856209136      11         5    9    1    7    8    2    10   6    11   5    9    3    7    8    4    10   6    11   
8          0.002560819462227913   779.1503267973842      12         7    9    10   1    2    3    11   8    12   7    9    10   4    5    6    11   8    12   
6          0.0019206145966709346  769.6666666666645      11         1    8    10   2    6    7    9    5    11   3    8    10   4    6    7    9    5    11   
2          6.402048655569782E-4   763.6274509803909      15         13   14   1    2    3    4    15   5    6    13   14   7    8    9    10   15   11   12   
16         0.005121638924455826   763.1307189542464      11         5    8    9    6    7    1    11   2    10   5    8    9    6    7    3    11   4    10   
1          3.201024327784891E-4   761.1633986928093      12         7    1    2    9    10   3    12   8    11   7    4    5    9    10   6    12   8    11   
5          0.0016005121638924455  745.9934640522857      14         1    12   13   2    11   3    4    5    14   6    12   13   7    11   8    9    10   14   
3          9.603072983354673E-4   740.7189542483648      14         11   1    2    3    12   13   4    5    14   11   6    7    8    12   13   9    10   14   
5          0.0016005121638924455  738.2287581699329      14         11   1    13   2    3    12   14   4    5    11   6    13   7    8    12   14   9    10   
3          9.603072983354673E-4   733.9542483660134      15         13   15   1    14   2    3    4    5    6    13   15   7    14   8    9    10   11   12   
5          0.0016005121638924455  730.9150326797386      12         7    1    10   9    2    3    11   8    12   7    4    10   9    5    6    11   8    12   
11         0.0035211267605633804  725.6339869281039      11         5    8    9    1    7    2    10   6    11   5    8    9    3    7    4    10   6    11   
6          0.0019206145966709346  715.535947712418       14         1    13   2    11   3    12   4    5    14   6    13   7    11   8    12   9    10   14   
17         0.005441741357234315   710.1633986928082      11         5    9    10   7    1    8    11   6    2    5    9    10   7    3    8    11   6    4    
8          0.002560819462227913   692.581699346403       12         7    10   11   1    2    9    12   8    3    7    10   11   4    5    9    12   8    6    
2          6.402048655569782E-4   686.0653594771239      13         9    1    12   10   11   2    3    4    13   9    5    12   10   11   6    7    8    13   
17         0.005441741357234315   683.267973856208       14         11   13   14   1    2    12   3    4    5    11   13   14   6    7    12   8    9    10   
1          3.201024327784891E-4   680.7647058823513      12         1    11   2    8    9    10   12   7    3    4    11   5    8    9    10   12   7    6    
2          6.402048655569782E-4   664.1633986928083      16         1    2    16   3    15   4    5    6    7    8    9    16   10   15   11   12   13   14   
2          6.402048655569782E-4   662.5555555555541      14         11   13   1    2    3    4    5    12   14   11   13   6    7    8    9    10   12   14   
1          3.201024327784891E-4   661.8562091503252      13         1    12   2    10   3    11   13   9    4    5    12   6    10   7    11   13   9    8    
29         0.009282970550576185   661.6535947712418      11         5    1    10   7    8    9    2    6    11   5    3    10   7    8    9    4    6    11   
3          9.603072983354673E-4   631.9869281045737      13         9    12   1    2    11   3    4    10   13   9    12   5    6    11   7    8    10   13   
4          0.0012804097311139564  628.9215686274496      12         7    11   1    9    2    10   12   8    3    7    11   4    9    5    10   12   8    6    
2          6.402048655569782E-4   624.3071895424822      13         1    11   2    3    4    10   12   9    13   5    11   6    7    8    10   12   9    13   
2          6.402048655569782E-4   623.1307189542478      13         9    11   12   1    2    3    13   10   4    9    11   12   5    6    7    13   10   8    
2          6.402048655569782E-4   620.8758169934636      14         11   1    13   2    3    4    5    12   14   11   6    13   7    8    9    10   12   14   
1          3.201024327784891E-4   620.647058823528       14         1    12   13   2    11   3    14   4    5    6    12   13   7    11   8    14   9    10   
26         0.008322663252240717   619.6666666666656      11         5    9    10   7    8    1    2    6    11   5    9    10   7    8    3    4    6    11   
18         0.005761843790012804   593.3398692810448      11         5    10   1    7    8    9    2    6    11   5    10   3    7    8    9    4    6    11   
5          0.0016005121638924455  575.9607843137243      12         7    1    10   2    8    9    11   3    12   7    4    10   5    8    9    11   6    12   
5          0.0016005121638924455  571.4313725490189      16         1    16   2    15   3    4    5    6    7    8    16   9    15   10   11   12   13   14   
2          6.402048655569782E-4   566.8496732026133      16         1    15   16   2    3    4    5    6    7    8    15   16   9    10   11   12   13   14   
3          9.603072983354673E-4   563.4052287581687      13         9    12   1    2    3    11   13   10   4    9    12   5    6    7    11   13   10   8    
5          0.0016005121638924455  561.7777777777767      15         13   1    2    14   3    15   4    5    6    13   7    8    14   9    15   10   11   12   
6          0.0019206145966709346  557.92156862745        14         11   12   13   1    2    3    4    5    14   11   12   13   6    7    8    9    10   14   
3          9.603072983354673E-4   550.4640522875801      17         1    2    3    17   4    5    6    7    8    9    10   11   17   12   13   14   15   16   
5          0.0016005121638924455  547.0718954248355      13         9    11   1    2    3    4    12   10   13   9    11   5    6    7    8    12   10   13   
2          6.402048655569782E-4   543.0784313725482      17         1    2    17   3    4    5    6    7    8    9    10   17   11   12   13   14   15   16   
5          0.0016005121638924455  540.6535947712407      12         7    11   1    8    9    10   12   2    3    7    11   4    8    9    10   12   5    6    
3          9.603072983354673E-4   536.3071895424828      13         1    12   13   10   2    11   3    9    4    5    12   13   10   6    11   7    9    8    
20         0.006402048655569782   533.4379084967312      12         7    9    10   8    1    2    11   3    12   7    9    10   8    4    5    11   6    12   
1          3.201024327784891E-4   533.2483660130711      14         1    13   14   2    11   12   3    4    5    6    13   14   7    11   12   8    9    10   
4          0.0012804097311139564  512.4313725490189      15         1    14   15   13   2    3    4    5    6    7    14   15   13   8    9    10   11   12   
1          3.201024327784891E-4   512.1176470588227      16         1    2    3    15   4    5    16   6    7    8    9    10   15   11   12   16   13   14   
6          0.0019206145966709346  508.3137254901955      13         1    12   13   9    10   11   2    3    4    5    12   13   9    10   11   6    7    8    
1          3.201024327784891E-4   501.41176470588175     13         1    2    3    10   4    11   12   9    13   5    6    7    10   8    11   12   9    13   
2          6.402048655569782E-4   501.13071895424747     16         1    16   2    3    4    15   5    6    7    8    16   9    10   11   15   12   13   14   
10         0.003201024327784891   499.3921568627445      13         9    11   1    2    3    10   12   4    13   9    11   5    6    7    10   12   8    13   
1          3.201024327784891E-4   488.4117647058815      14         1    13   2    11   12   3    14   4    5    6    13   7    11   12   8    14   9    10   
8          0.002560819462227913   488.104575163398       12         7    1    2    9    10   11   3    8    12   7    4    5    9    10   11   6    8    12   
4          0.0012804097311139564  480.66013071895355     13         9    11   1    10   2    3    12   4    13   9    11   5    10   6    7    12   8    13   
1          3.201024327784891E-4   476.5490196078426      14         11   12   1    2    3    4    13   5    14   11   12   6    7    8    9    13   10   14   
4          0.0012804097311139564  475.98039215686197     15         13   15   1    2    3    14   4    5    6    13   15   7    8    9    14   10   11   12   
4          0.0012804097311139564  471.5228758169927      12         7    1    2    8    9    10   11   3    12   7    4    5    8    9    10   11   6    12   
2          6.402048655569782E-4   467.6339869281039      14         1    2    13   3    11   12   4    5    14   6    7    13   8    11   12   9    10   14   
1          3.201024327784891E-4   467.05228758169847     14         1    2    3    12   4    13   14   11   5    6    7    8    12   9    13   14   11   10   
2          6.402048655569782E-4   464.1764705882346      12         7    10   11   1    9    2    3    8    12   7    10   11   4    9    5    6    8    12   
1          3.201024327784891E-4   464.1699346405221      14         11   13   1    2    12   3    14   4    5    11   13   6    7    12   8    14   9    10   
2          6.402048655569782E-4   462.294117647058       15         1    14   15   2    3    4    5    13   6    7    14   15   8    9    10   11   13   12   
3          9.603072983354673E-4   458.9738562091497      12         7    10   1    2    9    3    11   8    12   7    10   4    5    9    6    11   8    12   
3          9.603072983354673E-4   457.76470588235236     14         11   1    13   12   2    3    14   4    5    11   6    13   12   7    8    14   9    10   
6          0.0019206145966709346  455.261437908496       15         13   1    15   14   2    3    4    5    6    13   7    15   14   8    9    10   11   12   
4          0.0012804097311139564  448.9215686274503      15         13   1    2    3    4    14   5    6    15   13   7    8    9    10   14   11   12   15   
2          6.402048655569782E-4   444.43790849673104     18         1    2    3    4    5    6    7    8    9    10   11   12   13   14   15   16   17   18   
4          0.0012804097311139564  442.98692810457453     14         11   13   14   1    12   2    3    4    5    11   13   14   6    12   7    8    9    10   
2          6.402048655569782E-4   439.0130718954241      12         1    10   11   8    9    2    3    7    12   4    10   11   8    9    5    6    7    12   
2          6.402048655569782E-4   436.2026143790842      13         9    11   1    2    10   3    12   4    13   9    11   5    6    10   7    12   8    13   
1          3.201024327784891E-4   434.4640522875809      15         1    15   2    14   3    4    5    13   6    7    15   8    14   9    10   11   13   12   
5          0.0016005121638924455  433.88235294117584     13         9    1    12   2    11   3    4    10   13   9    5    12   6    11   7    8    10   13   
3          9.603072983354673E-4   428.84313725490125     17         17   1    2    3    4    5    6    7    8    17   9    10   11   12   13   14   15   16   
4          0.0012804097311139564  425.9869281045746      13         1    11   12   9    2    10   13   3    4    5    11   12   9    6    10   13   7    8    
1          3.201024327784891E-4   425.92810457516276     14         1    12   13   2    3    4    14   11   5    6    12   13   7    8    9    14   11   10   
9          0.002880921895006402   421.1503267973853      11         5    1    9    2    7    8    10   6    11   5    3    9    4    7    8    10   6    11   
1          3.201024327784891E-4   412.7516339869278      13         1    2    11   9    10   3    12   4    13   5    6    11   9    10   7    12   8    13   
2          6.402048655569782E-4   411.5555555555551      15         1    2    3    4    5    13   14   6    15   7    8    9    10   11   13   14   12   15   
1          3.201024327784891E-4   409.6732026143788      13         1    10   11   2    9    3    12   4    13   5    10   11   6    9    7    12   8    13   
2          6.402048655569782E-4   409.3137254901956      15         1    2    3    13   4    14   5    6    15   7    8    9    13   10   14   11   12   15   
12         0.0038412291933418692  407.2614379084965      11         1    8    9    5    6    7    10   2    11   3    8    9    5    6    7    10   4    11   
3          9.603072983354673E-4   394.9934640522869      12         7    10   11   1    8    9    12   2    3    7    10   11   4    8    9    12   5    6    
5          0.0016005121638924455  392.8562091503262      12         1    10   11   7    8    9    2    3    12   4    10   11   7    8    9    5    6    12   
4          0.0012804097311139564  387.5751633986922      17         1    2    3    4    5    17   6    7    8    9    10   11   12   13   17   14   15   16   
5          0.0016005121638924455  383.2091503267968      15         1    14   15   2    3    13   4    5    6    7    14   15   8    9    13   10   11   12   
1          3.201024327784891E-4   382.6013071895416      14         1    13   2    3    11   12   14   4    5    6    13   7    8    11   12   14   9    10   
1          3.201024327784891E-4   377.5359477124176      14         1    2    13   3    12   4    5    11   14   6    7    13   8    12   9    10   11   14   
2          6.402048655569782E-4   376.8366013071891      12         1    2    11   8    9    10   3    7    12   4    5    11   8    9    10   6    7    12   
5          0.0016005121638924455  375.4248366013068      15         1    13   14   2    3    4    5    6    15   7    13   14   8    9    10   11   12   15   
2          6.402048655569782E-4   369.64705882352854     14         1    14   2    11   12   13   3    4    5    6    14   7    11   12   13   8    9    10   
5          0.0016005121638924455  368.66666666666595     14         1    13   14   11   2    12   3    4    5    6    13   14   11   7    12   8    9    10   
2          6.402048655569782E-4   363.4967320261433      14         1    2    14   12   3    13   4    11   5    6    7    14   12   8    13   9    11   10   
3          9.603072983354673E-4   361.2745098039208      14         11   1    2    13   3    14   4    12   5    11   6    7    13   8    14   9    12   10   
4          0.0012804097311139564  358.6732026143785      13         9    11   12   10   1    2    13   3    4    9    11   12   10   5    6    13   7    8    
5          0.0016005121638924455  354.3137254901955      12         7    1    12   8    9    10   11   2    3    7    4    12   8    9    10   11   5    6    
1          3.201024327784891E-4   349.3267973856204      15         1    13   2    3    4    5    14   6    15   7    13   8    9    10   11   14   12   15   
3          9.603072983354673E-4   349.1503267973854      15         1    2    14   3    4    13   5    6    15   7    8    14   9    10   13   11   12   15   
1          3.201024327784891E-4   344.9477124183001      13         1    2    12   3    10   11   13   9    4    5    6    12   7    10   11   13   9    8    
3          9.603072983354673E-4   344.32026143790785     16         15   1    2    3    16   4    5    6    7    15   8    9    10   16   11   12   13   14   
1          3.201024327784891E-4   341.33333333333263     14         11   14   1    2    12   13   3    4    5    11   14   6    7    12   13   8    9    10   
2          6.402048655569782E-4   340.41830065359454     15         1    2    3    4    13   14   5    6    15   7    8    9    10   13   14   11   12   15   
1          3.201024327784891E-4   338.9803921568625      15         1    2    14   13   3    4    15   5    6    7    8    14   13   9    10   15   11   12   
5          0.0016005121638924455  337.37908496731984     11         5    9    10   1    7    8    11   6    2    5    9    10   3    7    8    11   6    4    
1          3.201024327784891E-4   332.76470588235213     16         1    16   2    3    4    5    6    15   7    8    16   9    10   11   12   13   15   14   
4          0.0012804097311139564  331.7254901960777      12         1    9    10   2    7    8    11   3    12   4    9    10   5    7    8    11   6    12   
8          0.002560819462227913   327.9084967320259      13         9    13   1    10   11   12   2    3    4    9    13   5    10   11   12   6    7    8    
2          6.402048655569782E-4   320.69281045751563     16         15   1    2    16   3    4    5    6    7    15   8    9    16   10   11   12   13   14   
1          3.201024327784891E-4   318.87581699346316     14         1    13   14   12   2    3    4    11   5    6    13   14   12   7    8    9    11   10   
6          0.0019206145966709346  317.62745098039153     12         7    1    10   8    9    2    11   3    12   7    4    10   8    9    5    11   6    12   
1          3.201024327784891E-4   311.39869281045725     15         1    14   2    13   3    4    15   5    6    7    14   8    13   9    10   15   11   12   
6          0.0019206145966709346  311.14379084967254     14         11   1    2    12   3    13   4    5    14   11   6    7    12   8    13   9    10   14   
7          0.002240717029449424   305.2483660130718      13         9    12   1    11   2    3    4    10   13   9    12   5    11   6    7    8    10   13   
1          3.201024327784891E-4   297.9673202614371      12         7    10   1    9    2    3    11   8    12   7    10   4    9    5    6    11   8    12   
4          0.0012804097311139564  296.74509803921563     11         5    1    10   7    8    9    11   6    2    5    3    10   7    8    9    11   6    4    
4          0.0012804097311139564  292.77124183006475     12         7    10   11   1    9    2    12   8    3    7    10   11   4    9    5    12   8    6    
3          9.603072983354673E-4   289.16339869280984     12         7    11   12   9    10   1    2    8    3    7    11   12   9    10   4    5    8    6    
1          3.201024327784891E-4   286.43790849673115     16         15   1    2    3    4    16   5    6    7    15   8    9    10   11   16   12   13   14   
2          6.402048655569782E-4   285.59477124182956     14         1    2    13   12   3    4    14   11   5    6    7    13   12   8    9    14   11   10   
1          3.201024327784891E-4   283.22875816993434     13         9    12   1    2    10   11   3    4    13   9    12   5    6    10   11   7    8    13   
2          6.402048655569782E-4   282.6143790849668      14         11   12   13   1    2    3    14   4    5    11   12   13   6    7    8    14   9    10   
3          9.603072983354673E-4   280.5751633986921      12         1    2    10   7    8    9    11   3    12   4    5    10   7    8    9    11   6    12   
5          0.0016005121638924455  277.4705882352934      12         7    9    10   1    8    2    11   3    12   7    9    10   4    8    5    11   6    12   
5          0.0016005121638924455  272.8169934640521      13         9    13   1    11   2    12   3    10   4    9    13   5    11   6    12   7    10   8    
2          6.402048655569782E-4   267.30718954248334     12         1    10   2    3    8    9    11   7    12   4    10   5    6    8    9    11   7    12   
2          6.402048655569782E-4   266.0915032679734      16         1    2    3    4    5    16   6    15   7    8    9    10   11   12   16   13   15   14   
2          6.402048655569782E-4   263.8431372549017      13         9    1    13   2    11   12   3    10   4    9    5    13   6    11   12   7    10   8    
4          0.0012804097311139564  262.5490196078426      16         1    15   2    3    4    5    6    7    16   8    15   9    10   11   12   13   14   16   
2          6.402048655569782E-4   258.1437908496731      13         9    12   13   10   11   1    2    3    4    9    12   13   10   11   5    6    7    8    
2          6.402048655569782E-4   256.9542483660123      14         1    2    12   11   3    4    13   5    14   6    7    12   11   8    9    13   10   14   
1          3.201024327784891E-4   253.9084967320257      12         1    10   11   8    9    2    12   7    3    4    10   11   8    9    5    12   7    6    
3          9.603072983354673E-4   253.44444444444417     12         1    10   11   2    8    9    3    7    12   4    10   11   5    8    9    6    7    12   
3          9.603072983354673E-4   250.95424836601237     12         1    2    10   8    3    9    11   7    12   4    5    10   8    6    9    11   7    12   
1          3.201024327784891E-4   247.09150326797354     16         1    16   2    3    15   4    5    6    7    8    16   9    10   15   11   12   13   14   
2          6.402048655569782E-4   246.1568627450978      12         1    10   12   7    8    9    11   2    3    4    10   12   7    8    9    11   5    6    
7          0.002240717029449424   245.07189542483619     13         1    10   11   9    2    3    12   4    13   5    10   11   9    6    7    12   8    13   
1          3.201024327784891E-4   237.67973856209122     13         1    2    11   3    10   4    12   9    13   5    6    11   7    10   8    12   9    13   
3          9.603072983354673E-4   236.92810457516305     13         9    1    2    3    4    11   12   10   13   9    5    6    7    8    11   12   10   13   
2          6.402048655569782E-4   234.18954248365972     13         1    2    12   10   11   3    4    9    13   5    6    12   10   11   7    8    9    13   
2          6.402048655569782E-4   232.60784313725458     15         1    2    15   13   3    14   4    5    6    7    8    15   13   9    14   10   11   12   
2          6.402048655569782E-4   230.20915032679696     14         11   1    13   2    3    4    14   12   5    11   6    13   7    8    9    14   12   10   
5          0.0016005121638924455  228.83006535947678     13         9    1    12   11   2    3    4    10   13   9    5    12   11   6    7    8    10   13   
2          6.402048655569782E-4   223.2679738562089      14         1    12   2    11   3    4    13   5    14   6    12   7    11   8    9    13   10   14   
3          9.603072983354673E-4   221.5816993464049      13         1    10   11   2    3    9    12   4    13   5    10   11   6    7    9    12   8    13   
1          3.201024327784891E-4   218.62091503267953     15         1    14   2    3    4    5    6    13   15   7    14   8    9    10   11   12   13   15   
3          9.603072983354673E-4   217.99999999999957     16         15   1    16   2    3    4    5    6    7    15   8    16   9    10   11   12   13   14   
4          0.0012804097311139564  214.9281045751629      17         1    2    3    4    5    6    7    8    17   9    10   11   12   13   14   15   16   17   
5          0.0016005121638924455  211.1307189542479      14         1    12   13   11   2    3    4    5    14   6    12   13   11   7    8    9    10   14   
7          0.002240717029449424   205.88235294117618     12         1    9    10   2    3    8    11   7    12   4    9    10   5    6    8    11   7    12   
1          3.201024327784891E-4   198.8104575163397      13         9    13   1    11   12   2    3    10   4    9    13   5    11   12   6    7    10   8    
5          0.0016005121638924455  198.16339869281038     13         9    1    2    10   3    11   12   4    13   9    5    6    10   7    11   12   8    13   
3          9.603072983354673E-4   192.7908496732023      12         1    9    10   2    8    3    11   7    12   4    9    10   5    8    6    11   7    12   
2          6.402048655569782E-4   190.40522875816984     14         11   14   1    2    3    13   4    12   5    11   14   6    7    8    13   9    12   10   
1          3.201024327784891E-4   188.02614379084957     13         9    1    2    3    10   11   12   4    13   9    5    6    7    10   11   12   8    13   
1          3.201024327784891E-4   187.4509803921567      14         11   1    2    12   13   14   3    4    5    11   6    7    12   13   14   8    9    10   
2          6.402048655569782E-4   186.33333333333294     14         1    2    3    11   4    12   13   5    14   6    7    8    11   9    12   13   10   14   
6          0.0019206145966709346  184.6470588235291      14         11   13   1    12   2    3    4    5    14   11   13   6    12   7    8    9    10   14   
6          0.0019206145966709346  178.93464052287575     13         9    12   13   11   1    2    3    10   4    9    12   13   11   5    6    7    10   8    
1          3.201024327784891E-4   172.69934640522865     13         9    1    2    11   3    12   13   10   4    9    5    6    11   7    12   13   10   8    
3          9.603072983354673E-4   172.0392156862743      13         9    1    2    11   3    12   4    10   13   9    5    6    11   7    12   8    10   13   
3          9.603072983354673E-4   168.751633986928       13         1    12   2    9    10   11   3    4    13   5    12   6    9    10   11   7    8    13   
1          3.201024327784891E-4   166.1764705882349      16         1    2    3    4    5    6    7    15   16   8    9    10   11   12   13   14   15   16   
4          0.0012804097311139564  164.81045751633977     14         11   13   1    2    3    12   14   4    5    11   13   6    7    8    12   14   9    10   
3          9.603072983354673E-4   161.12418300653593     15         13   1    2    14   15   3    4    5    6    13   7    8    14   15   9    10   11   12   
1          3.201024327784891E-4   158.53594771241802     14         1    2    12   3    4    11   13   5    14   6    7    12   8    9    11   13   10   14   
3          9.603072983354673E-4   157.75816993464028     14         11   1    14   2    3    13   4    12   5    11   6    14   7    8    13   9    12   10   
3          9.603072983354673E-4   154.57516339869267     14         11   1    14   12   13   2    3    4    5    11   6    14   12   13   7    8    9    10   
1          3.201024327784891E-4   151.470588235294       15         1    13   14   2    3    4    15   5    6    7    13   14   8    9    10   15   11   12   
3          9.603072983354673E-4   150.63398692810424     12         7    1    12   9    10   11   2    8    3    7    4    12   9    10   11   5    8    6    
1          3.201024327784891E-4   147.8300653594769      15         1    2    15   3    13   14   4    5    6    7    8    15   9    13   14   10   11   12   
2          6.402048655569782E-4   146.50326797385614     15         13   15   1    2    3    4    5    14   6    13   15   7    8    9    10   11   14   12   
5          0.0016005121638924455  144.751633986928       15         13   1    2    14   3    4    5    6    15   13   7    8    14   9    10   11   12   15   
1          3.201024327784891E-4   139.9607843137253      14         1    2    14   12   13   3    4    11   5    6    7    14   12   13   8    9    11   10   
7          0.002240717029449424   138.80392156862732     14         11   13   1    2    3    12   4    5    14   11   13   6    7    8    12   9    10   14   
5          0.0016005121638924455  132.31372549019596     14         1    12   13   2    3    11   4    5    14   6    12   13   7    8    11   9    10   14   
1          3.201024327784891E-4   126.98692810457501     14         11   1    2    3    4    12   13   5    14   11   6    7    8    9    12   13   10   14   
1          3.201024327784891E-4   125.92156862745084     14         1    13   2    11   3    12   14   4    5    6    13   7    11   8    12   14   9    10   
1          3.201024327784891E-4   124.90849673202598     12         7    12   1    9    10   11   2    8    3    7    12   4    9    10   11   5    8    6    
2          6.402048655569782E-4   124.37908496732008     12         7    1    11   2    9    10   12   8    3    7    4    11   5    9    10   12   8    6    
1          3.201024327784891E-4   122.3267973856208      16         15   1    2    3    4    5    6    16   7    15   8    9    10   11   12   13   16   14   
7          0.002240717029449424   121.71895424836592     14         1    2    13   11   3    12   4    5    14   6    7    13   11   8    12   9    10   14   
2          6.402048655569782E-4   114.64052287581694     14         11   1    14   2    12   13   3    4    5    11   6    14   7    12   13   8    9    10   
1          3.201024327784891E-4   112.87581699346401     15         1    2    14   13   3    4    5    6    15   7    8    14   13   9    10   11   12   15   
1          3.201024327784891E-4   111.45098039215672     14         11   1    2    12   3    4    13   5    14   11   6    7    12   8    9    13   10   14   
3          9.603072983354673E-4   110.830065359477       13         9    1    13   11   2    12   3    10   4    9    5    13   11   6    12   7    10   8    
2          6.402048655569782E-4   107.54901960784308     14         1    12   2    3    4    11   13   5    14   6    12   7    8    9    11   13   10   14   
1          3.201024327784891E-4   105.66013071895415     13         9    1    2    11   12   13   3    10   4    9    5    6    11   12   13   7    10   8    
2          6.402048655569782E-4   105.13071895424831     13         1    11   12   2    10   3    4    9    13   5    11   12   6    10   7    8    9    13   
3          9.603072983354673E-4   103.1045751633986      13         9    1    13   11   12   2    3    10   4    9    5    13   11   12   6    7    10   8    
3          9.603072983354673E-4   100.02614379084956     15         13   14   15   1    2    3    4    5    6    13   14   15   7    8    9    10   11   12   
3          9.603072983354673E-4   97.1045751633986       13         1    11   12   2    9    10   3    4    13   5    11   12   6    9    10   7    8    13   
3          9.603072983354673E-4   94.22875816993455      14         11   13   14   1    2    3    4    12   5    11   13   14   6    7    8    9    12   10   
1          3.201024327784891E-4   91.21568627450972      14         11   1    2    3    13   4    5    12   14   11   6    7    8    13   9    10   12   14   
1          3.201024327784891E-4   90.14379084967311      13         1    13   2    10   11   12   3    9    4    5    13   6    10   11   12   7    9    8    
1          3.201024327784891E-4   89.22222222222213      11         1    9    2    6    7    8    11   5    10   3    9    4    6    7    8    11   5    10   
1          3.201024327784891E-4   88.50980392156856      15         13   1    15   2    3    4    5    14   6    13   7    15   8    9    10   11   14   12   
1          3.201024327784891E-4   87.41830065359468      16         1    2    3    15   4    5    6    7    16   8    9    10   15   11   12   13   14   16   
2          6.402048655569782E-4   86.42483660130709      15         13   1    15   2    14   3    4    5    6    13   7    15   8    14   9    10   11   12   
1          3.201024327784891E-4   84.64705882352933      13         9    1    12   11   2    3    13   10   4    9    5    12   11   6    7    13   10   8    
1          3.201024327784891E-4   83.49019607843128      12         1    10   2    8    3    9    11   7    12   4    10   5    8    6    9    11   7    12   
2          6.402048655569782E-4   82.26143790849665      13         9    12   1    2    3    11   4    10   13   9    12   5    6    7    11   8    10   13   
1          3.201024327784891E-4   80.88235294117639      14         1    2    14   3    4    12   13   11   5    6    7    14   8    9    12   13   11   10   
2          6.402048655569782E-4   79.72549019607837      13         1    11   13   2    3    10   12   9    4    5    11   13   6    7    10   12   9    8    
2          6.402048655569782E-4   77.9477124183006       15         1    2    15   3    4    5    6    13   14   7    8    15   9    10   11   12   13   14   
1          3.201024327784891E-4   75.8562091503267       13         9    1    12   10   11   2    13   3    4    9    5    12   10   11   6    13   7    8    
1          3.201024327784891E-4   74.84313725490188      17         1    2    3    4    5    6    17   7    8    9    10   11   12   13   14   17   15   16   
2          6.402048655569782E-4   73.96078431372545      14         1    2    13   11   3    12   14   4    5    6    7    13   11   8    12   14   9    10   
1          3.201024327784891E-4   71.7647058823529       14         11   1    2    12   13   3    4    5    14   11   6    7    12   13   8    9    10   14   
4          0.0012804097311139564  71.03921568627445      14         1    2    13   3    4    12   5    11   14   6    7    13   8    9    12   10   11   14   
1          3.201024327784891E-4   67.1633986928104       13         1    11   12   2    10   3    13   9    4    5    11   12   6    10   7    13   9    8    
1          3.201024327784891E-4   65.84967320261434      14         1    13   2    3    4    12   5    11   14   6    13   7    8    9    12   10   11   14   
1          3.201024327784891E-4   64.87581699346401      14         11   14   1    2    13   3    4    12   5    11   14   6    7    13   8    9    12   10   
1          3.201024327784891E-4   64.12418300653592      16         1    2    3    16   4    5    6    15   7    8    9    10   16   11   12   13   15   14   
1          3.201024327784891E-4   63.1307189542483       15         1    14   15   2    13   3    4    5    6    7    14   15   8    13   9    10   11   12   
1          3.201024327784891E-4   62.104575163398664     12         1    10   2    7    8    9    11   3    12   4    10   5    7    8    9    11   6    12   
1          3.201024327784891E-4   61.23529411764703      14         1    2    14   3    12   13   4    11   5    6    7    14   8    12   13   9    11   10   
1          3.201024327784891E-4   60.091503267973835     14         1    13   14   2    3    12   4    11   5    6    13   14   7    8    12   9    11   10   
2          6.402048655569782E-4   59.09150326797383      12         1    11   2    8    9    10   3    7    12   4    11   5    8    9    10   6    7    12   
1          3.201024327784891E-4   57.41830065359474      14         1    12   13   11   2    3    14   4    5    6    12   13   11   7    8    14   9    10   
2          6.402048655569782E-4   56.326797385620885     12         1    10   11   8    2    9    12   7    3    4    10   11   8    5    9    12   7    6    
1          3.201024327784891E-4   54.392156862745075     16         1    2    3    4    16   5    6    15   7    8    9    10   11   16   12   13   15   14   
2          6.402048655569782E-4   53.215686274509764     13         9    12   13   1    10   11   2    3    4    9    12   13   5    10   11   6    7    8    
1          3.201024327784891E-4   51.607843137254875     13         1    2    11   3    4    10   12   9    13   5    6    11   7    8    10   12   9    13   
1          3.201024327784891E-4   50.50326797385617      13         1    12   2    10   11   3    13   9    4    5    12   6    10   11   7    13   9    8    
3          9.603072983354673E-4   49.73202614379083      14         11   1    12   2    3    4    13   5    14   11   6    12   7    8    9    13   10   14   
4          0.0012804097311139564  46.84967320261436      11         5    1    9    7    8    2    10   6    11   5    3    9    7    8    4    10   6    11   
1          3.201024327784891E-4   42.862745098039206     16         1    2    16   15   3    4    5    6    7    8    9    16   15   10   11   12   13   14   
2          6.402048655569782E-4   41.77124183006535      14         11   1    14   13   2    3    4    12   5    11   6    14   13   7    8    9    12   10   
1          3.201024327784891E-4   39.84313725490195      15         13   1    2    3    14   4    15   5    6    13   7    8    9    14   10   15   11   12   
3          9.603072983354673E-4   38.97385620915032      16         1    2    16   3    4    5    15   6    7    8    9    16   10   11   12   15   13   14   
1          3.201024327784891E-4   35.90849673202614      12         7    10   11   8    9    1    12   2    3    7    10   11   8    9    4    12   5    6    
2          6.402048655569782E-4   35.0                   12         7    1    11   9    10   2    12   8    3    7    4    11   9    10   5    12   8    6    
1          3.201024327784891E-4   33.02614379084967      12         7    1    2    3    9    10   11   8    12   7    4    5    6    9    10   11   8    12   
1          3.201024327784891E-4   32.08496732026144      15         1    2    3    13   4    14   15   5    6    7    8    9    13   10   14   15   11   12   
1          3.201024327784891E-4   31.189542483660134     13         1    2    3    9    10   11   12   4    13   5    6    7    9    10   11   12   8    13   
1          3.201024327784891E-4   29.986928104575167     14         11   13   1    12   2    3    14   4    5    11   13   6    12   7    8    14   9    10   
1          3.201024327784891E-4   29.261437908496735     13         1    2    3    10   11   4    12   9    13   5    6    7    10   11   8    12   9    13   
1          3.201024327784891E-4   28.111111111111114     12         7    10   1    8    9    2    11   3    12   7    10   4    8    9    5    11   6    12   
2          6.402048655569782E-4   27.228758169934643     12         7    1    10   2    9    3    11   8    12   7    4    10   5    9    6    11   8    12   
3          9.603072983354673E-4   25.254901960784316     12         7    1    11   9    10   2    3    8    12   7    4    11   9    10   5    6    8    12   
1          3.201024327784891E-4   22.411764705882355     14         1    2    13   12   3    4    5    11   14   6    7    13   12   8    9    10   11   14   
1          3.201024327784891E-4   21.437908496732028     14         1    2    3    11   12   13   4    5    14   6    7    8    11   12   13   9    10   14   
2          6.402048655569782E-4   20.47058823529412      13         1    10   11   2    3    4    12   9    13   5    10   11   6    7    8    12   9    13   
1          3.201024327784891E-4   18.54901960784314      15         1    2    14   3    4    13   15   5    6    7    8    14   9    10   13   15   11   12   
2          6.402048655569782E-4   17.535947712418302     14         1    12   13   2    3    11   14   4    5    6    12   13   7    8    11   14   9    10   
1          3.201024327784891E-4   15.588235294117649     15         1    2    3    14   4    15   5    13   6    7    8    9    14   10   15   11   13   12   
2          6.402048655569782E-4   14.62091503267974      16         1    2    3    15   16   4    5    6    7    8    9    10   15   16   11   12   13   14   
1          3.201024327784891E-4   12.686274509803923     14         1    13   2    3    11   12   4    5    14   6    13   7    8    11   12   9    10   14   
1          3.201024327784891E-4   11.66013071895425      15         1    2    15   14   3    4    5    13   6    7    8    15   14   9    10   11   13   12   
1          3.201024327784891E-4   10.705882352941178     14         1    13   2    11   12   3    4    5    14   6    13   7    11   12   8    9    10   14   
1          3.201024327784891E-4   9.758169934640524      13         1    11   2    9    3    10   12   4    13   5    11   6    9    7    10   12   8    13   
2          6.402048655569782E-4   8.830065359477125      12         1    2    10   3    8    9    11   7    12   4    5    10   6    8    9    11   7    12   
1          3.201024327784891E-4   6.830065359477125      14         1    11   12   2    3    4    13   5    14   6    11   12   7    8    9    13   10   14   
1          3.201024327784891E-4   5.856209150326798      13         1    2    12   10   3    11   4    9    13   5    6    12   10   7    11   8    9    13   
1          3.201024327784891E-4   4.862745098039216      12         1    10   11   2    8    9    12   7    3    4    10   11   5    8    9    12   7    6    
1          3.201024327784891E-4   3.9150326797385624     15         1    2    3    13   4    5    14   6    15   7    8    9    13   10   11   14   12   15   
1          3.201024327784891E-4   2.928104575163399      13         9    1    2    10   11   12   3    4    13   9    5    6    10   11   12   7    8    13   
1          3.201024327784891E-4   1.954248366013072      14         1    12   2    3    11   4    14   5    13   6    12   7    8    11   9    14   10   13   
1          3.201024327784891E-4   1.0                    15         1    2    15   3    4    14   5    13   6    7    8    15   9    10   14   11   13   12   

