count      fraction               similarity             nclusters  T_pella8--0 T_pyra1--0 T_pyra2--0 T_pella7--0 T_pella6--0 T_pella5--0 T_pyra3--0 T_pella9--0 T_pyra4--0 T_pella8--1 T_pyra1--1 T_pyra2--1 T_pella7--1 T_pella6--1 T_pella5--1 T_pyra3--1 T_pella9--1 T_pyra4--1 
2084       0.6670934699103713     3018.8627450980725     3          1    3    3    1    2    2    3    1    3    1    3    3    1    2    2    3    1    3    
852        0.2727272727272727     978.5228758169909      4          1    4    4    2    3    3    4    1    4    1    4    4    2    3    3    4    1    4    
75         0.024007682458386685   128.0718954248366      4          1    4    4    1    2    3    4    1    4    1    4    4    1    2    3    4    1    4    
56         0.01792573623559539    56.0                   5          1    5    5    2    3    4    5    1    5    1    5    5    2    3    4    5    1    5    
2          6.402048655569782E-4   55.071895424836605     5          1    5    5    3    4    4    5    2    5    1    5    5    3    4    4    5    2    5    
46         0.0147247119078105     46.0                   2          1    2    2    1    1    1    2    1    2    1    2    2    1    1    1    2    1    2    
1          3.201024327784891E-4   7.686274509803922      6          1    4    6    2    3    3    5    1    5    1    4    6    2    3    3    5    1    5    
4          0.0012804097311139564  5.895424836601308      5          1    4    4    2    3    3    5    1    5    1    4    4    2    3    3    5    1    5    
1          3.201024327784891E-4   4.686274509803922      5          1    4    5    2    3    3    5    1    5    1    4    5    2    3    3    5    1    5    
1          3.201024327784891E-4   2.843137254901961      4          1    3    4    1    2    2    3    1    3    1    3    4    1    2    2    3    1    3    
2          6.402048655569782E-4   2.0                    4          1    3    3    1    2    2    4    1    4    1    3    3    1    2    2    4    1    4    

