count      fraction               similarity             nclusters  T_pella8--0 T_pyra1--0 T_pyra2--0 T_pella7--0 T_pella6--0 T_pella5--0 T_pyra3--0 T_pella9--0 T_pyra4--0 T_pella8--1 T_pyra1--1 T_pyra2--1 T_pella7--1 T_pella6--1 T_pella5--1 T_pyra3--1 T_pella9--1 T_pyra4--1 
78         0.02496798975672215    1976.3529411764848     8          1    6    7    3    4    5    8    2    8    1    6    7    3    4    5    8    2    8    
538        0.17221510883482716    1883.8496732026424     6          1    5    5    2    3    4    6    1    6    1    5    5    2    3    4    6    1    6    
80         0.02560819462227913    1877.5032679738667     7          1    5    5    2    3    4    6    1    7    1    5    5    2    3    4    6    1    7    
35         0.01120358514724712    1866.6078431372598     8          1    6    6    3    4    5    7    2    8    1    6    6    3    4    5    7    2    8    
6          0.0019206145966709346  1336.8627450980296     7          3    6    6    4    1    5    7    3    7    3    6    6    4    2    5    7    3    7    
80         0.02560819462227913    1260.1241830065333     8          1    5    6    2    3    4    7    1    8    1    5    6    2    3    4    7    1    8    
375        0.12003841229193342    1216.9673202614285     5          1    4    4    2    3    3    5    1    5    1    4    4    2    3    3    5    1    5    
340        0.1088348271446863     860.5947712418225      4          1    4    4    2    3    3    4    1    4    1    4    4    2    3    3    4    1    4    
95         0.030409731113956465   843.8366013071774      6          1    5    5    3    4    4    6    2    6    1    5    5    3    4    4    6    2    6    
247        0.07906530089628681    819.9411764705783      7          1    5    7    2    3    4    6    1    6    1    5    7    2    3    4    6    1    6    
41         0.013124199743918053   806.3594771241693      7          1    5    6    3    4    4    7    2    7    1    5    6    3    4    4    7    2    7    
132        0.04225352112676056    589.679738562089       6          1    4    6    2    3    3    5    1    5    1    4    6    2    3    3    5    1    5    
322        0.10307298335467349    559.3202614379065      5          1    5    5    2    3    4    5    1    5    1    5    5    2    3    4    5    1    5    
1          3.201024327784891E-4   354.1699346405219      8          3    6    7    4    5    5    8    1    8    3    6    7    4    5    5    8    2    8    
153        0.04897567221510883    333.9150326797381      7          1    6    6    3    4    5    7    2    7    1    6    6    3    4    5    7    2    7    
37         0.011843790012804098   250.96078431372467     7          1    4    5    2    3    3    6    1    7    1    4    5    2    3    3    6    1    7    
57         0.01824583866837388    206.823529411764       6          1    4    4    2    3    3    5    1    6    1    4    4    2    3    3    5    1    6    
74         0.023687580025608196   163.41176470588204     5          1    5    5    2    4    4    5    3    5    1    5    5    2    4    4    5    3    5    
38         0.012163892445582587   154.13725490196063     9          1    6    7    3    4    5    9    2    8    1    6    7    3    4    5    9    2    8    
49         0.015685019206145966   127.27450980392157     6          1    5    6    2    3    4    6    1    6    1    5    6    2    3    4    6    1    6    
70         0.02240717029449424    113.38562091503269     6          1    6    6    3    4    5    6    2    6    1    6    6    3    4    5    6    2    6    
2          6.402048655569782E-4   109.39869281045753     6          1    5    6    3    4    4    5    2    5    1    5    6    3    4    4    5    2    5    
24         0.0076824583866837385  103.95424836601306     7          1    5    5    3    4    4    6    2    7    1    5    5    3    4    4    6    2    7    
15         0.004801536491677336   98.67320261437911      3          1    3    3    1    2    2    3    1    3    1    3    3    1    2    2    3    1    3    
17         0.005441741357234315   84.26797385620914      8          1    5    6    3    4    4    7    2    8    1    5    6    3    4    4    7    2    8    
16         0.005121638924455826   78.15686274509804      7          1    6    7    3    4    5    7    2    7    1    6    7    3    4    5    7    2    7    
7          0.002240717029449424   76.45098039215686      6          1    4    5    2    3    3    6    1    5    1    4    5    2    3    3    6    1    5    
9          0.002880921895006402   70.79738562091504      5          1    4    5    2    3    3    4    1    4    1    4    5    2    3    3    4    1    4    
2          6.402048655569782E-4   62.823529411764625     8          3    7    7    5    1    6    8    4    8    3    7    7    5    2    6    8    4    8    
3          9.603072983354673E-4   59.95424836601308      5          1    4    4    2    3    3    5    1    4    1    4    4    2    3    3    5    1    4    
24         0.0076824583866837385  56.89542483660131      5          1    4    5    2    3    3    5    1    5    1    4    5    2    3    3    5    1    5    
4          0.0012804097311139564  46.05228758169933      8          1    6    7    3    4    5    7    2    8    1    6    7    3    4    5    7    2    8    
9          0.002880921895006402   44.01960784313725      7          1    6    6    3    4    5    6    2    7    1    6    6    3    4    5    6    2    7    
1          3.201024327784891E-4   41.882352941176464     9          3    8    8    5    6    7    1    4    9    3    8    8    5    6    7    2    4    9    
8          0.002560819462227913   41.254901960784316     5          1    4    4    2    3    3    4    1    5    1    4    4    2    3    3    4    1    5    
1          3.201024327784891E-4   40.47058823529411      7          2    6    6    3    4    5    1    2    7    2    6    6    3    4    5    7    2    7    
1          3.201024327784891E-4   36.084967320261434     9          3    7    8    4    5    6    9    1    9    3    7    8    4    5    6    9    2    9    
1          3.201024327784891E-4   31.183006535947715     10         3    7    8    5    1    6    9    4    10   3    7    8    5    2    6    9    4    10   
9          0.002880921895006402   29.529411764705888     6          1    5    5    3    4    4    5    2    6    1    5    5    3    4    4    5    2    6    
6          0.0019206145966709346  28.679738562091504     6          1    5    5    2    3    4    6    1    5    1    5    5    2    3    4    6    1    5    
16         0.005121638924455826   27.176470588235293     6          1    5    6    2    3    4    5    1    5    1    5    6    2    3    4    5    1    5    
7          0.002240717029449424   26.901960784313726     5          1    4    4    1    2    3    5    1    5    1    4    4    1    2    3    5    1    5    
1          3.201024327784891E-4   26.61437908496733      7          2    6    6    3    4    5    7    2    7    2    6    6    3    4    5    7    1    7    
8          0.002560819462227913   24.888888888888893     7          1    5    6    2    3    4    7    1    6    1    5    6    2    3    4    7    1    6    
6          0.0019206145966709346  23.516339869281047     7          1    6    6    3    4    5    7    2    6    1    6    6    3    4    5    7    2    6    
12         0.0038412291933418692  22.274509803921568     6          1    5    6    3    4    4    6    2    6    1    5    6    3    4    4    6    2    6    
6          0.0019206145966709346  18.941176470588236     6          1    5    5    2    3    4    5    1    6    1    5    5    2    3    4    5    1    6    
1          3.201024327784891E-4   18.627450980392158     8          1    6    8    3    4    5    6    2    7    1    6    8    3    4    5    6    2    7    
14         0.004481434058898848   16.758169934640524     4          1    4    4    1    2    3    4    1    4    1    4    4    1    2    3    4    1    4    
3          9.603072983354673E-4   16.228758169934643     4          1    3    3    1    2    2    4    1    4    1    3    3    1    2    2    4    1    4    
1          3.201024327784891E-4   15.15686274509804      6          1    5    5    3    4    4    6    2    5    1    5    5    3    4    4    6    2    5    
2          6.402048655569782E-4   15.150326797385622     7          1    5    7    2    3    4    6    1    5    1    5    7    2    3    4    6    1    5    
2          6.402048655569782E-4   15.124183006535949     7          1    5    7    2    3    4    7    1    6    1    5    7    2    3    4    7    1    6    
1          3.201024327784891E-4   13.294117647058824     7          1    5    7    3    4    4    6    2    5    1    5    7    3    4    4    6    2    5    
1          3.201024327784891E-4   13.228758169934641     7          1    5    7    2    3    4    5    1    6    1    5    7    2    3    4    5    1    6    
1          3.201024327784891E-4   13.222222222222223     7          1    5    6    3    4    4    7    2    6    1    5    6    3    4    4    7    2    6    
1          3.201024327784891E-4   13.058823529411766     4          1    3    3    1    2    2    4    1    3    1    3    3    1    2    2    4    1    3    
1          3.201024327784891E-4   13.00653594771242      9          3    7    7    4    5    6    8    1    9    3    7    7    4    5    6    8    2    9    
1          3.201024327784891E-4   12.960784313725492     7          3    6    6    4    5    5    7    1    7    3    6    6    4    5    5    7    2    7    
2          6.402048655569782E-4   11.555555555555557     5          1    3    4    1    2    2    5    1    5    1    3    4    1    2    2    5    1    5    
2          6.402048655569782E-4   11.411764705882355     5          1    4    5    1    2    3    5    1    5    1    4    5    1    2    3    5    1    5    
1          3.201024327784891E-4   11.189542483660132     6          1    4    5    2    3    3    6    1    4    1    4    5    2    3    3    6    1    4    
4          0.0012804097311139564  10.627450980392158     6          1    4    5    1    2    3    6    1    6    1    4    5    1    2    3    6    1    6    
2          6.402048655569782E-4   10.359477124183007     5          1    3    3    1    2    2    4    1    5    1    3    3    1    2    2    4    1    5    
1          3.201024327784891E-4   10.222222222222223     7          1    6    7    3    4    5    6    2    6    1    6    7    3    4    5    6    2    6    
5          0.0016005121638924455  9.718954248366014      7          1    5    7    3    4    4    7    2    6    1    5    7    3    4    4    7    2    6    
2          6.402048655569782E-4   5.73202614379085       7          3    5    7    3    1    4    6    3    6    3    5    7    3    2    4    6    3    6    
2          6.402048655569782E-4   5.699346405228758      5          1    4    5    2    3    3    4    1    5    1    4    5    2    3    3    4    1    5    
1          3.201024327784891E-4   5.640522875816994      9          3    7    7    5    1    6    8    4    9    3    7    7    5    2    6    8    4    9    
1          3.201024327784891E-4   4.718954248366012      7          1    6    7    3    4    5    7    2    6    1    6    7    3    4    5    7    2    6    
2          6.402048655569782E-4   3.8823529411764706     8          3    6    7    4    1    5    8    3    8    3    6    7    4    2    5    8    3    8    
1          3.201024327784891E-4   3.7777777777777772     4          1    3    4    1    2    2    4    1    4    1    3    4    1    2    2    4    1    4    
1          3.201024327784891E-4   3.764705882352941      5          1    3    4    1    2    2    5    1    4    1    3    4    1    2    2    5    1    4    
1          3.201024327784891E-4   2.856209150326797      9          3    6    7    4    5    5    8    1    9    3    6    7    4    5    5    8    2    9    
1          3.201024327784891E-4   2.849673202614379      9          3    6    7    4    1    5    8    3    9    3    6    7    4    2    5    8    3    9    
1          3.201024327784891E-4   1.0                    7          3    7    7    5    1    6    7    4    7    3    7    7    5    2    6    7    4    7    
1          3.201024327784891E-4   1.0                    7          1    6    7    3    4    5    6    2    7    1    6    7    3    4    5    6    2    7    
1          3.201024327784891E-4   1.0                    6          1    5    6    3    4    4    6    2    5    1    5    6    3    4    4    6    2    5    

