count      fraction               similarity             nclusters  e1--0 d1--0 z1--0 y1--0 x1--0 d2--0 e2--0 x2--0 z2--0 e1--1 d1--1 z1--1 y1--1 x1--1 d2--1 e2--1 x2--1 z2--1 
6188       0.5832783485719671     8675.934640522866      5          1    2    3    4    5    2    1    5    3    1    2    3    4    5    2    1    5    3    
1525       0.14374587614289755    2496.431372549047      4          1    2    3    3    4    2    1    4    3    1    2    3    3    4    2    1    4    3    
1118       0.10538222264115374    1782.9542483660011     4          1    1    2    3    4    1    1    4    2    1    1    2    3    4    1    1    4    2    
200        0.018851918182675086   946.34640522875        6          1    2    3    5    6    2    1    6    4    1    2    3    5    6    2    1    6    4    
473        0.04458478650202658    864.9477124183         6          1    2    3    4    5    2    1    6    3    1    2    3    4    5    2    1    6    3    
601        0.05665001413893864    693.5032679738556      3          1    1    2    2    3    1    1    3    2    1    1    2    2    3    1    1    3    2    
78         0.007352248091243284   376.5490196078422      5          1    2    3    3    4    2    1    5    3    1    2    3    3    4    2    1    5    3    
75         0.007069469318503158   304.4052287581692      7          3    4    5    6    1    4    3    7    5    3    4    5    6    2    4    3    7    5    
4          3.7703836365350174E-4  303.95424836601177     7          2    3    4    6    7    3    2    7    5    2    3    4    6    1    3    2    7    5    
12         0.0011311150909605052  289.39215686274434     6          3    4    5    5    1    4    3    6    5    3    4    5    5    2    4    3    6    5    
24         0.0022622301819210104  222.14379084967362     7          1    2    3    5    6    2    1    7    4    1    2    3    5    6    2    1    7    4    
92         0.00867188236403054    206.62091503267922     6          2    3    4    5    6    3    2    6    4    2    3    4    5    1    3    2    6    4    
74         0.006975209727589782   116.42483660130713     6          2    3    4    5    1    3    2    6    4    2    3    4    5    6    3    2    6    4    
38         0.0035818644547082664  96.6078431372549       5          1    1    2    3    4    1    1    5    2    1    1    2    3    4    1    1    5    2    
11         0.0010368555000471297  49.019607843137244     5          2    2    3    4    5    2    2    5    3    2    2    3    4    1    2    2    5    3    
10         9.425959091337543E-4   42.24836601307187      5          1    1    2    4    5    1    1    5    3    1    1    2    4    5    1    1    5    3    
15         0.0014138938637006315  39.18300653594771      5          2    3    4    4    5    3    2    5    4    2    3    4    4    1    3    2    5    4    
9          8.48336318220379E-4    38.20261437908497      5          2    2    3    4    1    2    2    5    3    2    2    3    4    5    2    2    5    3    
6          5.655575454802526E-4   29.477124183006538     6          3    3    4    5    1    3    3    6    4    3    3    4    5    2    3    3    6    4    
1          9.425959091337543E-5   27.921568627450984     6          1    2    4    5    6    3    1    6    4    1    2    4    5    6    3    1    6    4    
7          6.598171363936281E-4   25.67320261437909      6          2    3    1    5    6    3    2    6    4    2    3    4    5    6    3    2    6    4    
15         0.0014138938637006315  24.555555555555557     4          1    1    2    2    3    1    1    4    2    1    1    2    2    3    1    1    4    2    
3          2.827787727401263E-4   18.633986928104576     6          1    3    4    5    6    3    2    6    4    1    3    4    5    6    3    2    6    4    
2          1.8851918182675087E-4  14.895424836601311     4          1    2    3    4    4    2    1    4    3    1    2    3    4    4    2    1    4    3    
1          9.425959091337543E-5   14.875816993464055     8          3    5    6    7    1    5    4    8    6    3    5    6    7    2    5    4    8    6    
9          8.48336318220379E-4    14.464052287581701     5          2    3    4    4    1    3    2    5    4    2    3    4    4    5    3    2    5    4    
3          2.827787727401263E-4   9.62091503267974       4          2    2    3    3    4    2    2    4    3    2    2    3    3    1    2    2    4    3    
1          9.425959091337543E-5   6.764705882352942      7          2    3    1    5    6    3    2    7    4    2    3    4    5    6    3    2    7    4    
1          9.425959091337543E-5   6.647058823529412      4          2    2    3    3    1    2    2    4    3    2    2    3    3    4    2    2    4    3    
1          9.425959091337543E-5   5.764705882352941      8          4    5    1    7    2    5    4    8    6    4    5    6    7    3    5    4    8    6    
1          9.425959091337543E-5   4.797385620915033      6          2    3    4    5    6    3    2    6    4    2    3    1    5    6    3    2    6    4    
2          1.8851918182675087E-4  3.908496732026144      5          2    2    1    4    5    2    2    5    3    2    2    3    4    5    2    2    5    3    
1          9.425959091337543E-5   3.8758169934640527     7          2    3    4    6    1    3    2    7    5    2    3    4    6    7    3    2    7    5    
2          1.8851918182675087E-4  3.830065359477124      5          3    3    4    4    1    3    3    5    4    3    3    4    4    2    3    3    5    4    
1          9.425959091337543E-5   2.849673202614379      7          2    3    4    6    7    3    2    7    5    2    1    4    6    7    3    2    7    5    
1          9.425959091337543E-5   1.9477124183006536     4          1    1    2    2    4    1    1    4    3    1    1    2    2    4    1    1    4    3    
1          9.425959091337543E-5   1.9411764705882353     8          3    4    5    7    1    4    3    8    6    3    4    5    7    2    4    3    8    6    
1          9.425959091337543E-5   1.0                    3          1    2    3    3    3    2    1    3    3    1    2    3    3    3    2    1    3    3    
1          9.425959091337543E-5   1.0                    4          1    1    2    3    4    1    1    4    3    1    1    2    3    4    1    1    4    3    
1          9.425959091337543E-5   1.0                    7          1    3    4    5    6    3    2    7    4    1    3    4    5    6    3    2    7    4    

