count      fraction               similarity             nclusters  e1--0 d1--0 z1--0 y1--0 x1--0 d2--0 e2--0 x2--0 z2--0 e1--1 d1--1 z1--1 y1--1 x1--1 d2--1 e2--1 x2--1 z2--1 
1439       0.13563955132434724    10320.084967320314     8          1    3    4    6    7    3    2    8    5    1    3    4    6    7    3    2    8    5    
60         0.005655575454802526   8826.150326797315      9          3    4    5    7    8    4    1    9    6    3    4    5    7    8    4    2    9    6    
997        0.09397681214063532    8747.6405228758        9          3    5    6    8    1    5    4    9    7    3    5    6    8    2    5    4    9    7    
75         0.007069469318503158   8557.882352941222      7          1    3    4    6    7    3    2    7    5    1    3    4    6    7    3    2    7    5    
18         0.001696672636440758   7681.934640523175      10         5    6    1    8    9    6    2    10   7    5    6    3    8    9    6    4    10   7    
77         0.0072579885003299085  7679.705882353061      10         5    6    7    9    1    6    2    10   8    5    6    7    9    3    6    4    10   8    
5          4.712979545668772E-4   7610.901960784487      9          4    6    1    8    9    6    5    9    7    4    6    2    8    3    6    5    9    7    
319        0.030068809501366763   7570.000000000224      8          3    4    5    7    1    4    3    8    6    3    4    5    7    2    4    3    8    6    
3          2.827787727401263E-4   7416.895424836751      8          2    4    5    7    8    1    3    8    6    2    4    5    7    8    4    3    8    6    
541        0.05099443868413611    7238.483660130896      7          1    2    3    5    6    2    1    7    4    1    2    3    5    6    2    1    7    4    
20         0.0018851918182675087  7151.915032679967      7          2    3    4    6    7    3    2    7    5    2    3    4    6    1    3    2    7    5    
1001       0.09435385050428881    6831.111111111234      9          1    3    5    7    8    4    2    9    6    1    3    5    7    8    4    2    9    6    
11         0.0010368555000471297  6795.771241830232      10         4    6    7    9    1    2    5    10   8    4    6    7    9    3    6    5    10   8    
17         0.0016024130455273824  6791.2418300655545     9          2    4    5    7    8    1    3    9    6    2    4    5    7    8    4    3    9    6    
5          4.712979545668772E-4   6734.816993464232      12         7    1    2    10   11   9    8    12   3    7    4    5    10   11   9    8    12   6    
20         0.0018851918182675087  6714.751633987131      10         5    7    1    8    9    7    6    10   2    5    7    3    8    9    7    6    10   4    
773        0.07286266377603921    5784.921568627561      10         3    5    7    9    1    6    4    10   8    3    5    7    9    2    6    4    10   8    
48         0.004524460363842021   5654.366013072013      8          1    3    5    6    7    4    2    8    5    1    3    5    6    7    4    2    8    5    
258        0.02431897445565086    4918.620915032773      11         5    7    1    10   2    8    6    11   9    5    7    3    10   4    8    6    11   9    
64         0.006032613818456028   4814.647058823647      8          1    3    5    7    8    4    2    8    6    1    3    5    7    8    4    2    8    6    
21         0.001979451409180884   4814.065359477203      7          1    2    4    5    6    3    1    7    4    1    2    4    5    6    3    1    7    4    
238        0.022433782637383354   4663.392156862837      10         3    5    1    8    9    6    4    10   7    3    5    2    8    9    6    4    10   7    
5          4.712979545668772E-4   4420.019607843157      7          1    3    5    6    7    4    2    7    5    1    3    5    6    7    4    2    7    5    
304        0.02865491563766613    4408.084967320327      9          3    5    1    7    8    5    4    9    6    3    5    2    7    8    5    4    9    6    
22         0.0020737110000942595  4105.274509804027      9          2    4    5    7    8    4    3    9    6    2    4    5    7    8    1    3    9    6    
35         0.00329908568196814    4063.169934640578      10         5    7    8    10   1    7    6    2    9    5    7    8    10   3    7    6    4    9    
70         0.00659817136393628    4060.6535947712996     10         3    4    6    8    9    5    1    10   7    3    4    6    8    9    5    2    10   7    
160        0.01508153454614007    4002.895424836648      10         3    1    6    8    9    5    4    10   7    3    2    6    8    9    5    4    10   7    
3          2.827787727401263E-4   3849.9477124183045     10         5    6    8    9    1    7    2    10   8    5    6    8    9    3    7    4    10   8    
44         0.004147422000188519   3808.2679738562388     9          3    5    6    7    8    5    4    9    1    3    5    6    7    8    5    4    9    2    
240        0.022622301819210103   3792.9738562092034     9          3    4    6    8    1    5    3    9    7    3    4    6    8    2    5    3    9    7    
4          3.7703836365350174E-4  3775.4248366012484     6          1    3    4    5    6    3    2    6    4    1    3    4    5    6    3    2    6    4    
43         0.004053162409275144   3541.9869281045867     10         5    1    7    9    2    6    5    10   8    5    3    7    9    4    6    5    10   8    
69         0.0065039117730229055  3523.784313725571      10         4    6    7    9    1    6    5    10   8    4    2    7    9    3    6    5    10   8    
29         0.0027335281364878877  3431.993464052315      9          3    5    6    8    9    5    4    1    7    3    5    6    8    9    5    4    2    7    
10         9.425959091337543E-4   3407.477124183         12         7    1    9    11   2    8    3    12   10   7    4    9    11   5    8    6    12   10   
25         0.0023564897728343857  3406.7124183006886     10         3    5    7    9    10   6    4    1    8    3    5    7    9    10   6    4    2    8    
2          1.8851918182675087E-4  3393.699346405293      11         6    8    9    11   1    8    7    2    10   6    3    9    11   4    8    7    5    10   
310        0.029220473183146384   3381.326797385635      8          1    2    4    6    7    3    1    8    5    1    2    4    6    7    3    1    8    5    
1          9.425959091337543E-5   3371.0849673202715     12         8    10   11   12   1    10   9    2    3    8    4    11   12   5    10   9    6    7    
123        0.011593929682345178   3098.052287581712      11         5    1    8    10   2    7    6    11   9    5    3    8    10   4    7    6    11   9    
72         0.006786690545763032   2972.385620915088      9          2    1    5    7    8    4    3    9    6    2    4    5    7    8    4    3    9    6    
288        0.027146762183052127   2831.261437908533      10         5    7    1    9    2    7    6    10   8    5    7    3    9    4    7    6    10   8    
79         0.007446507682156659   2791.5359477124202     7          1    3    4    5    6    3    2    7    4    1    3    4    5    6    3    2    7    4    
90         0.00848336318220379    2523.5098039215723     8          3    4    1    6    7    4    3    8    5    3    4    2    6    7    4    3    8    5    
70         0.00659817136393628    2447.7973856209105     9          3    4    1    7    8    5    3    9    6    3    4    2    7    8    5    3    9    6    
4          3.7703836365350174E-4  2382.3267973856246     10         3    5    7    9    1    6    4    10   8    3    6    7    9    2    5    4    10   8    
41         0.003864643227448393   2373.633986928111      10         5    7    8    9    1    7    6    10   2    5    7    8    9    3    7    6    10   4    
12         0.0011311150909605052  2346.836601307199      12         7    9    1    11   2    3    8    12   10   7    9    4    11   5    6    8    12   10   
1          9.425959091337543E-5   2321.339869281054      12         1    2    9    11   3    4    7    12   10   5    8    9    11   6    8    7    12   10   
14         0.0013196342727872562  2320.8758169934767     12         7    1    9    11   2    3    8    12   10   7    4    9    11   5    6    8    12   10   
9          8.48336318220379E-4    2314.7058823529405     10         5    6    8    10   1    7    5    2    9    5    6    8    10   3    7    5    4    9    
56         0.005278537091149025   2285.281045751634      11         5    6    8    10   1    7    2    11   9    5    6    8    10   3    7    4    11   9    
32         0.003016306909228014   2238.1437908496578     9          3    5    7    8    1    6    4    9    7    3    5    7    8    2    6    4    9    7    
51         0.004807239136582147   2205.4379084967245     11         5    1    2    9    10   7    6    11   8    5    3    4    9    10   7    6    11   8    
39         0.003676124045621642   2150.01307189542       10         4    1    7    9    2    6    5    10   8    4    6    7    9    3    6    5    10   8    
18         0.001696672636440758   2088.379084967312      11         5    6    1    9    10   7    2    11   8    5    6    3    9    10   7    4    11   8    
4          3.7703836365350174E-4  2081.0849673202515     12         1    8    10   12   2    9    7    3    11   4    8    10   12   5    9    7    6    11   
6          5.655575454802526E-4   2079.5294117647004     10         5    6    8    9    1    7    5    10   2    5    6    8    9    3    7    5    10   4    
34         0.003204826091054765   2077.2222222222194     6          1    2    3    5    6    2    1    6    4    1    2    3    5    6    2    1    6    4    
9          8.48336318220379E-4    2023.2941176470433     11         1    6    8    10   2    7    5    11   9    3    6    8    10   4    7    5    11   9    
9          8.48336318220379E-4    2019.8496732026074     8          3    4    6    7    1    5    3    8    6    3    4    6    7    2    5    3    8    6    
29         0.0027335281364878877  2015.2745098039074     11         5    7    9    10   1    8    6    11   2    5    7    9    10   3    8    6    11   4    
1          9.425959091337543E-5   2005.4901960784296     12         1    2    9    11   3    8    7    12   10   4    5    9    11   6    8    7    12   10   
7          6.598171363936281E-4   1980.7058823529349     11         5    1    7    9    10   6    2    11   8    5    3    7    9    10   6    4    11   8    
57         0.0053727966820624     1980.5294117647097     12         7    1    2    11   3    9    8    12   10   7    4    5    11   6    9    8    12   10   
51         0.004807239136582147   1977.183006535946      8          3    5    6    7    1    5    4    8    6    3    5    6    7    2    5    4    8    6    
2          1.8851918182675087E-4  1966.673202614372      9          5    6    7    8    1    6    2    9    7    5    6    7    8    3    6    4    9    7    
4          3.7703836365350174E-4  1939.4444444444387     13         9    1    11   12   2    3    10   13   4    9    5    11   12   6    7    10   13   8    
13         0.0012253746818738807  1918.3071895424755     11         5    7    1    9    10   8    6    11   2    5    7    3    9    10   8    6    11   4    
3          2.827787727401263E-4   1902.3921568627363     11         5    7    1    2    10   8    6    11   9    5    7    3    4    10   8    6    11   9    
17         0.0016024130455273824  1883.1960784313587     11         7    1    2    10   3    8    7    11   9    7    4    5    10   6    8    7    11   9    
98         0.009237439909510793   1858.7385620915095     9          2    4    5    7    8    4    3    9    6    2    1    5    7    8    4    3    9    6    
4          3.7703836365350174E-4  1846.830065359463      10         4    6    1    9    2    7    5    10   8    4    6    3    9    10   7    5    10   8    
3          2.827787727401263E-4   1846.0261437908275     10         4    1    7    8    9    6    5    10   2    4    6    7    8    9    6    5    10   3    
1          9.425959091337543E-5   1840.5751633986883     11         6    1    9    10   2    8    7    11   3    6    8    9    10   4    8    7    11   5    
11         0.0010368555000471297  1742.9084967320211     11         5    7    1    9    10   2    6    11   8    5    7    3    9    10   4    6    11   8    
32         0.003016306909228014   1739.1176470588166     6          1    2    3    4    5    2    1    6    3    1    2    3    4    5    2    1    6    3    
1          9.425959091337543E-5   1739.104575163392      11         6    1    8    10   2    7    3    11   9    6    4    8    10   5    7    6    11   9    
3          2.827787727401263E-4   1733.4509803921544     10         4    1    7    9    2    6    5    10   8    4    3    7    9    10   6    5    10   8    
18         0.001696672636440758   1721.3137254901842     9          1    4    5    7    8    4    3    9    6    2    4    5    7    8    4    3    9    6    
6          5.655575454802526E-4   1709.039215686271      12         1    8    2    11   3    9    7    12   10   4    8    5    11   6    9    7    12   10   
41         0.003864643227448393   1708.7058823529321     11         5    7    8    10   1    2    6    11   9    5    7    8    10   3    4    6    11   9    
2          1.8851918182675087E-4  1707.9607843137267     10         6    1    2    9    3    7    6    10   8    6    7    4    9    5    7    6    10   8    
10         9.425959091337543E-4   1673.3529411764694     8          3    4    1    7    8    5    3    8    6    3    4    2    7    8    5    3    8    6    
19         0.0017909322273541332  1665.9999999999932     11         6    8    1    10   2    8    7    11   9    6    3    4    10   5    8    7    11   9    
4          3.7703836365350174E-4  1654.9019607843022     10         6    7    8    9    1    7    6    10   2    6    3    8    9    4    7    6    10   5    
2          1.8851918182675087E-4  1633.3921568627322     10         4    5    7    9    10   6    1    2    8    4    5    7    9    10   6    4    3    8    
2          1.8851918182675087E-4  1632.346405228745      8          2    3    4    6    7    3    2    8    5    1    3    4    6    7    3    2    8    5    
44         0.004147422000188519   1630.4901960784182     8          2    3    4    6    7    3    2    8    5    2    1    4    6    7    3    2    8    5    
3          2.827787727401263E-4   1629.8627450980393     8          1    2    4    6    7    2    1    8    5    1    3    4    6    7    3    1    8    5    
1          9.425959091337543E-5   1629.209150326784      10         4    5    7    9    10   6    4    1    8    2    5    7    9    10   6    4    3    8    
1          9.425959091337543E-5   1624.647058823524      9          4    5    1    7    8    2    4    9    6    4    5    3    7    8    5    4    9    6    
2          1.8851918182675087E-4  1619.9738562091454     10         5    1    2    8    9    3    5    10   7    5    6    4    8    9    6    5    10   7    
15         0.0014138938637006315  1590.130718954249      12         7    8    1    11   2    9    3    12   10   7    8    4    11   5    9    6    12   10   
1          9.425959091337543E-5   1570.1307189542426     10         1    6    8    9    2    7    5    10   8    3    6    8    9    4    7    5    10   8    
1          9.425959091337543E-5   1540.6993464052232     10         5    6    1    9    2    7    5    10   8    5    6    8    9    3    7    5    10   4    
9          8.48336318220379E-4    1523.4509803921555     8          4    5    1    7    2    5    4    8    6    4    5    6    7    3    5    4    8    6    
25         0.0023564897728343857  1506.5163398692744     9          4    6    1    8    2    6    5    9    7    4    6    7    8    3    6    5    9    7    
16         0.001508153454614007   1504.5816993464007     9          5    6    7    8    1    6    5    9    2    5    6    7    8    3    6    5    9    4    
1          9.425959091337543E-5   1504.385620915034      11         6    8    1    10   2    8    7    11   9    6    3    9    10   4    8    7    11   5    
1          9.425959091337543E-5   1499.2352941176368     12         8    10   1    11   2    10   9    12   3    8    4    5    11   6    10   9    12   7    
2          1.8851918182675087E-4  1496.705882352931      12         8    10   1    12   2    10   9    3    11   8    4    5    12   6    10   9    7    11   
27         0.0025450089546611367  1496.6143790849585     8          2    1    4    6    7    3    2    8    5    2    3    4    6    7    3    2    8    5    
5          4.712979545668772E-4   1485.8823529411707     10         7    8    1    9    2    8    7    10   3    7    8    4    9    5    8    7    10   6    
2          1.8851918182675087E-4  1480.7908496731952     10         5    7    1    9    2    7    6    10   8    5    7    8    9    3    7    6    10   4    
3          2.827787727401263E-4   1458.2810457516275     9          3    4    5    7    8    1    3    9    6    3    2    5    7    8    4    3    9    6    
16         0.001508153454614007   1453.960784313716      7          3    4    5    6    1    4    3    7    5    3    4    5    6    2    4    3    7    5    
15         0.0014138938637006315  1452.137254901958      11         7    9    1    11   2    9    8    3    10   7    9    4    11   5    9    8    6    10   
5          4.712979545668772E-4   1433.516339869272      10         4    5    6    8    9    5    1    10   7    4    2    6    8    9    5    3    10   7    
1          9.425959091337543E-5   1429.4379084967238     9          5    6    7    8    1    6    5    9    7    5    2    7    8    3    6    5    9    4    
1          9.425959091337543E-5   1423.3921568627436     10         6    7    8    9    1    7    2    10   8    6    3    8    9    4    7    5    10   8    
8          7.540767273070035E-4   1417.2222222222165     10         5    7    1    9    10   7    6    2    8    5    7    3    9    10   7    6    4    8    
85         0.008012065227636912   1410.0718954248314     9          5    6    1    8    2    6    5    9    7    5    6    3    8    4    6    5    9    7    
14         0.0013196342727872562  1402.130718954247      8          3    5    1    7    8    5    4    8    6    3    5    2    7    8    5    4    8    6    
4          3.7703836365350174E-4  1386.6797385620896     9          3    4    6    8    9    5    1    9    7    3    4    6    8    9    5    2    9    7    
2          1.8851918182675087E-4  1380.836601307194      7          2    3    4    5    6    3    2    7    4    2    1    4    5    6    3    2    7    4    
1          9.425959091337543E-5   1338.6013071895466     11         7    9    1    2    11   10   8    11   3    7    9    4    5    11   10   8    11   6    
6          5.655575454802526E-4   1326.7254901960741     8          3    1    5    7    8    4    3    8    6    3    2    5    7    8    4    3    8    6    
16         0.001508153454614007   1324.2549019607827     11         5    1    7    9    10   2    6    11   8    5    3    7    9    10   4    6    11   8    
19         0.0017909322273541332  1316.2222222222172     9          3    5    1    8    9    6    4    9    7    3    5    2    8    9    6    4    9    7    
6          5.655575454802526E-4   1304.1699346405246     13         9    1    2    12   3    4    10   13   11   9    5    6    12   7    8    10   13   11   
16         0.001508153454614007   1299.908496732019      10         4    1    2    8    9    6    5    10   7    4    6    3    8    9    6    5    10   7    
1          9.425959091337543E-5   1277.1176470588216     10         3    5    7    1    9    6    4    10   8    3    5    7    2    9    6    4    10   8    
2          1.8851918182675087E-4  1276.1568627450956     13         9    1    2    13   3    11   10   4    12   9    5    6    13   7    11   10   8    12   
10         9.425959091337543E-4   1271.1111111111147     9          4    1    6    8    2    5    4    9    7    4    5    6    8    3    5    4    9    7    
54         0.005090017909322273   1265.7450980392143     10         5    6    1    9    2    7    5    10   8    5    6    3    9    4    7    5    10   8    
16         0.001508153454614007   1213.039215686275      9          2    4    6    8    9    5    3    9    7    2    4    6    8    1    5    3    9    7    
24         0.0022622301819210104  1201.156862745095      11         5    7    9    11   1    8    6    2    10   5    7    9    11   3    8    6    4    10   
8          7.540767273070035E-4   1171.6666666666663     12         7    1    2    10   11   8    3    12   9    7    4    5    10   11   8    6    12   9    
6          5.655575454802526E-4   1165.04575163399       7          3    4    1    6    7    4    3    7    5    3    4    2    6    7    4    3    7    5    
17         0.0016024130455273824  1156.4575163398674     9          3    4    5    7    8    1    3    9    6    3    4    5    7    8    2    3    9    6    
2          1.8851918182675087E-4  1139.797385620916      11         1    7    8    10   2    7    6    11   9    3    7    8    10   4    5    6    11   9    
22         0.0020737110000942595  1137.8169934640493     10         1    6    7    9    2    6    5    10   8    3    6    7    9    4    6    5    10   8    
3          2.827787727401263E-4   1131.4640522875832     10         5    7    9    10   1    8    6    2    9    5    7    9    10   3    8    6    4    9    
26         0.0024507493637477614  1129.4444444444453     10         3    5    6    8    9    1    4    10   7    3    5    6    8    9    2    4    10   7    
21         0.001979451409180884   1090.078431372549      11         7    9    1    10   2    9    8    11   3    7    9    4    10   5    9    8    11   6    
29         0.0027335281364878877  1069.6535947712384     11         7    8    1    10   2    8    3    11   9    7    8    4    10   5    8    6    11   9    
10         9.425959091337543E-4   1037.0130718954256     8          2    4    5    7    1    4    3    8    6    2    4    5    7    8    4    3    8    6    
4          3.7703836365350174E-4  1036.2875816993483     10         5    6    7    9    10   6    1    2    8    5    6    7    9    10   6    3    4    8    
5          4.712979545668772E-4   1010.6143790849686     10         4    6    1    9    10   7    5    10   8    4    6    2    9    3    7    5    10   8    
3          2.827787727401263E-4   1005.1241830065413     9          4    5    6    8    1    5    4    9    7    4    5    6    8    2    3    4    9    7    
26         0.0024507493637477614  999.8169934640504      7          1    2    4    6    7    3    1    7    5    1    2    4    6    7    3    1    7    5    
4          3.7703836365350174E-4  999.176470588239       9          4    1    2    7    8    5    4    9    6    4    5    3    7    8    5    4    9    6    
5          4.712979545668772E-4   996.1633986928084      9          2    4    1    7    8    5    3    9    6    2    4    6    7    8    5    3    9    6    
1          9.425959091337543E-5   986.7843137254883      11         1    7    2    9    10   7    3    11   8    4    7    5    9    10   7    6    11   8    
11         0.0010368555000471297  985.3137254901942      8          2    4    1    6    7    4    3    8    5    2    4    5    6    7    4    3    8    5    
2          1.8851918182675087E-4  980.1176470588224      7          2    3    4    5    6    3    2    7    4    2    3    1    5    6    3    2    7    4    
12         0.0011311150909605052  979.398692810459       10         4    6    1    9    2    7    5    10   8    4    6    8    9    3    7    5    10   8    
29         0.0027335281364878877  974.830065359476       10         4    6    1    8    9    6    5    10   7    4    2    3    8    9    6    5    10   7    
2          1.8851918182675087E-4  953.0065359477156      8          4    1    6    7    2    5    4    8    6    4    5    6    7    3    5    4    8    6    
29         0.0027335281364878877  937.483660130723       9          4    5    6    8    1    5    4    9    7    4    2    6    8    3    5    4    9    7    
1          9.425959091337543E-5   932.7385620915038      10         5    1    2    9    10   7    6    10   8    5    7    3    9    4    7    6    10   8    
1          9.425959091337543E-5   928.18300653595        11         6    8    1    11   2    9    7    3    10   6    8    10   11   4    9    7    5    10   
1          9.425959091337543E-5   909.915032679742       8          4    5    6    7    1    5    4    8    6    4    5    2    7    3    5    4    8    6    
49         0.004618719954755397   894.3594771241812      9          3    1    5    7    8    4    3    9    6    3    2    5    7    8    4    3    9    6    
3          2.827787727401263E-4   891.3986928104598      9          4    5    1    8    2    6    4    9    7    4    5    7    8    3    6    4    9    7    
1          9.425959091337543E-5   885.738562091502       7          2    3    4    6    7    3    1    7    5    2    3    4    6    7    3    2    7    5    
10         9.425959091337543E-4   883.7973856209135      7          2    3    1    5    6    3    2    7    4    2    3    4    5    6    3    2    7    4    
1          9.425959091337543E-5   850.3464052287575      10         1    5    6    8    9    5    4    10   7    2    3    6    8    9    5    4    10   7    
7          6.598171363936281E-4   837.111111111111       8          3    4    5    7    8    4    3    1    6    3    4    5    7    8    4    3    2    6    
15         0.0014138938637006315  832.6209150326786      10         1    4    6    8    9    5    3    10   7    2    4    6    8    9    5    3    10   7    
1          9.425959091337543E-5   831.5947712418293      10         3    5    7    9    10   6    4    1    8    3    6    7    9    10   5    4    2    8    
7          6.598171363936281E-4   829.4836601307179      8          3    4    5    6    7    4    3    8    1    3    4    5    6    7    4    3    8    2    
4          3.7703836365350174E-4  829.0522875816997      10         6    7    1    9    2    7    6    10   8    6    3    4    9    5    7    6    10   8    
2          1.8851918182675087E-4  825.60130718954        7          2    3    1    6    7    4    2    7    5    2    3    5    6    7    4    2    7    5    
29         0.0027335281364878877  819.0588235294108      10         3    5    7    8    9    6    4    10   1    3    5    7    8    9    6    4    10   2    
2          1.8851918182675087E-4  815.0653594771272      9          4    5    1    8    9    6    4    9    7    4    5    2    8    3    6    4    9    7    
3          2.827787727401263E-4   779.9411764705875      9          2    3    5    7    8    4    1    9    6    2    3    5    7    8    4    2    9    6    
10         9.425959091337543E-4   774.9934640522868      9          5    6    7    9    1    6    5    2    8    5    6    7    9    3    6    5    4    8    
5          4.712979545668772E-4   772.0000000000001      8          2    3    4    6    7    3    1    8    5    2    3    4    6    7    3    2    8    5    
2          1.8851918182675087E-4  752.418300653597       9          4    1    6    8    9    5    4    9    7    4    2    6    8    3    5    4    9    7    
5          4.712979545668772E-4   746.405228758171       8          2    3    5    7    1    4    2    8    6    2    3    5    7    8    4    2    8    6    
3          2.827787727401263E-4   746.3660130718955      8          2    3    5    7    8    4    2    8    6    2    3    5    7    8    4    1    8    6    
1          9.425959091337543E-5   742.3921568627449      9          4    1    6    8    9    5    4    9    7    4    2    6    8    9    5    3    9    7    
9          8.48336318220379E-4    741.0588235294125      8          2    3    5    7    8    4    2    8    6    2    3    5    7    1    4    2    8    6    
1          9.425959091337543E-5   740.4575163398713      9          1    4    6    8    9    5    3    9    7    3    4    6    8    2    5    3    9    7    
22         0.0020737110000942595  739.0784313725495      8          2    4    5    7    8    4    3    8    6    2    4    5    7    1    4    3    8    6    
1          9.425959091337543E-5   734.3986928104576      8          3    4    5    7    8    4    3    8    6    3    4    5    7    1    4    2    8    6    
1          9.425959091337543E-5   730.6013071895426      10         6    1    2    9    10   7    6    10   8    6    3    4    9    10   7    5    10   8    
1          9.425959091337543E-5   730.5098039215683      9          4    5    1    8    9    6    4    9    7    4    5    2    8    9    6    3    9    7    
15         0.0014138938637006315  722.3267973856208      12         7    9    1    11   2    10   8    12   3    7    9    4    11   5    10   8    12   6    
1          9.425959091337543E-5   720.6797385620922      7          2    3    4    6    7    3    2    7    5    2    1    4    6    7    3    2    7    5    
3          2.827787727401263E-4   720.0588235294122      11         6    1    2    10   11   8    7    11   9    6    3    4    10   5    8    7    11   9    
1          9.425959091337543E-5   711.6797385620919      7          2    3    4    6    7    3    2    7    5    2    3    4    6    7    3    1    7    5    
2          1.8851918182675087E-4  707.9281045751627      11         5    6    7    9    10   1    2    11   8    5    6    7    9    10   3    4    11   8    
10         9.425959091337543E-4   706.3202614379062      9          1    3    5    7    8    3    2    9    6    1    4    5    7    8    4    2    9    6    
1          9.425959091337543E-5   698.2810457516342      13         9    11   12   13   1    2    10   3    4    9    11   12   13   5    6    10   7    8    
1          9.425959091337543E-5   697.8235294117642      9          5    6    1    8    9    6    2    9    7    5    6    3    8    4    6    5    9    7    
22         0.0020737110000942595  696.3986928104572      11         6    1    2    10   3    8    7    11   9    6    8    4    10   5    8    7    11   9    
1          9.425959091337543E-5   673.5555555555535      9          1    3    5    7    8    4    2    9    6    1    4    5    7    8    3    2    9    6    
1          9.425959091337543E-5   672.0849673202606      12         8    1    2    11   3    9    4    12   10   8    9    5    11   6    9    7    12   10   
11         0.0010368555000471297  671.3856209150309      10         3    5    7    9    1    5    4    10   8    3    6    7    9    2    6    4    10   8    
2          1.8851918182675087E-4  660.2549019607826      11         5    7    1    10   2    7    6    11   9    5    8    3    10   4    8    6    11   9    
2          1.8851918182675087E-4  656.51633986928        11         6    1    9    11   2    8    7    3    10   6    8    9    11   4    8    7    5    10   
5          4.712979545668772E-4   651.6013071895408      10         5    6    7    9    1    2    5    10   8    5    6    7    9    3    4    5    10   8    
1          9.425959091337543E-5   650.1307189542471      9          3    5    6    8    9    5    4    9    7    3    1    6    8    2    5    4    9    7    
5          4.712979545668772E-4   649.3725490196081      10         4    1    7    9    10   6    5    10   8    4    2    7    9    3    6    5    10   8    
4          3.7703836365350174E-4  643.7908496732016      11         5    7    8    10   1    2    6    11   9    5    3    8    10   4    7    6    11   9    
1          9.425959091337543E-5   634.228758169933       11         1    2    7    9    10   6    3    11   8    4    6    7    9    10   6    5    11   8    
1          9.425959091337543E-5   634.0718954248352      12         8    9    1    11   2    9    3    12   10   8    9    4    11   5    6    7    12   10   
4          3.7703836365350174E-4  633.2156862745095      9          4    6    1    8    9    6    5    9    7    4    2    3    8    9    6    5    9    7    
1          9.425959091337543E-5   632.6928104575168      11         1    7    2    9    10   7    6    11   8    3    7    4    9    10   5    6    11   8    
3          2.827787727401263E-4   632.6535947712414      10         4    6    7    8    9    6    5    10   1    4    6    7    8    9    2    5    10   3    
1          9.425959091337543E-5   632.6470588235298      10         6    7    1    9    2    7    6    10   8    6    7    3    9    4    7    5    10   8    
8          7.540767273070035E-4   631.7712418300653      11         5    1    8    9    10   7    6    11   2    5    3    8    9    10   7    6    11   4    
7          6.598171363936281E-4   613.8758169934626      9          4    5    1    7    8    5    4    9    6    4    2    3    7    8    5    4    9    6    
1          9.425959091337543E-5   609.915032679737       9          3    1    5    7    8    4    2    9    6    3    4    5    7    8    4    3    9    6    
4          3.7703836365350174E-4  609.4052287581695      8          2    4    5    7    8    4    3    8    6    2    1    5    7    8    4    3    8    6    
3          2.827787727401263E-4   607.2287581699339      13         9    1    11   13   2    10   3    4    12   9    5    11   13   6    10   7    8    12   
5          4.712979545668772E-4   606.1372549019601      10         4    1    6    8    9    5    2    10   7    4    5    6    8    9    5    3    10   7    
5          4.712979545668772E-4   601.9411764705873      12         7    1    2    10   11   3    8    12   9    7    4    5    10   11   6    8    12   9    
3          2.827787727401263E-4   593.0457516339867      9          4    5    6    8    1    5    4    9    7    4    5    6    8    2    5    3    9    7    
1          9.425959091337543E-5   591.5947712418296      12         7    1    9    10   11   2    8    12   3    7    4    9    10   11   5    8    12   6    
2          1.8851918182675087E-4  584.4705882352924      10         1    5    7    9    2    6    4    10   8    4    5    7    9    3    6    4    10   8    
1          9.425959091337543E-5   583.4836601307185      10         5    1    7    9    10   6    5    2    8    5    3    7    9    10   6    5    4    8    
4          3.7703836365350174E-4  577.8627450980384      9          4    5    6    8    1    2    4    9    7    4    5    6    8    3    5    4    9    7    
1          9.425959091337543E-5   577.5555555555547      9          4    5    1    7    8    5    2    9    6    4    5    6    7    8    5    3    9    6    
1          9.425959091337543E-5   577.3856209150315      14         11   13   1    14   2    3    12   4    5    11   13   6    14   7    8    12   9    10   
2          1.8851918182675087E-4  577.1764705882339      11         5    7    9    1    2    8    6    11   10   5    7    9    3    4    8    6    11   10   
1          9.425959091337543E-5   575.856209150326       10         1    7    8    10   2    7    6    3    9    6    7    8    10   4    7    6    5    9    
2          1.8851918182675087E-4  575.3921568627435      10         5    6    8    1    2    7    5    10   9    5    6    8    3    4    7    5    10   9    
4          3.7703836365350174E-4  575.1307189542474      10         4    6    7    8    9    6    5    10   1    4    2    7    8    9    6    5    10   3    
3          2.827787727401263E-4   574.1111111111107      11         7    8    1    11   2    9    7    3    10   7    8    4    11   5    9    7    6    10   
7          6.598171363936281E-4   573.2287581699331      10         3    5    6    8    9    5    4    10   7    3    1    6    8    9    2    4    10   7    
5          4.712979545668772E-4   562.8692810457503      12         7    9    1    11   2    9    8    12   10   7    3    4    11   5    6    8    12   10   
1          9.425959091337543E-5   560.3071895424828      8          1    4    5    7    8    4    3    8    6    2    4    5    7    8    4    3    8    6    
3          2.827787727401263E-4   555.8823529411754      13         9    10   1    12   2    11   3    13   4    9    10   5    12   6    11   7    13   8    
1          9.425959091337543E-5   554.647058823528       10         3    1    6    8    9    5    4    10   7    3    5    6    8    9    2    4    10   7    
1          9.425959091337543E-5   553.3267973856205      11         5    7    8    1    10   2    6    11   9    5    7    8    3    10   4    6    11   9    
1          9.425959091337543E-5   552.8169934640515      13         9    1    12   13   2    11   10   3    4    9    5    12   13   6    11   10   7    8    
1          9.425959091337543E-5   552.4575163398681      10         5    6    1    8    9    6    5    10   7    5    2    3    8    9    4    5    10   7    
9          8.48336318220379E-4    550.0915032679738      8          2    3    4    6    7    3    2    8    5    2    3    4    6    7    1    2    8    5    
3          2.827787727401263E-4   547.2352941176456      7          2    4    5    6    1    4    3    7    5    2    4    5    6    7    4    3    7    5    
2          1.8851918182675087E-4  541.7581699346397      9          5    1    7    8    2    6    5    9    7    5    3    7    8    4    6    5    9    7    
1          9.425959091337543E-5   540.6470588235276      9          5    6    7    1    2    6    5    9    8    5    6    7    3    4    6    5    9    8    
6          5.655575454802526E-4   539.7908496732023      11         5    7    1    10   11   8    6    2    9    5    7    3    10   11   8    6    4    9    
3          2.827787727401263E-4   539.1503267973841      9          4    5    1    7    8    5    4    9    6    4    5    2    7    8    5    3    9    6    
1          9.425959091337543E-5   539.0915032679724      10         4    6    7    1    9    6    5    10   8    4    2    7    3    9    6    5    10   8    
2          1.8851918182675087E-4  531.6013071895417      12         7    9    11   12   1    10   8    2    3    7    9    11   12   4    10   8    5    6    
4          3.7703836365350174E-4  529.0980392156852      11         1    2    7    9    10   6    5    11   8    3    4    7    9    10   6    5    11   8    
2          1.8851918182675087E-4  527.7712418300632      10         5    1    2    9    3    7    6    10   8    5    7    8    9    4    7    6    10   8    
9          8.48336318220379E-4    519.8954248366003      10         4    5    7    9    1    6    2    10   8    4    5    7    9    3    6    4    10   8    
1          9.425959091337543E-5   519.013071895423       10         4    5    7    8    9    6    4    10   1    2    5    7    8    9    6    4    10   3    
1          9.425959091337543E-5   515.2156862745081      8          3    1    5    7    2    4    3    8    6    3    4    5    7    8    4    3    8    6    
1          9.425959091337543E-5   509.7647058823513      9          4    1    7    8    9    6    5    9    2    4    6    7    8    9    6    5    9    3    
14         0.0013196342727872562  508.0588235294109      9          4    5    6    8    1    5    2    9    7    4    5    6    8    3    5    4    9    7    
1          9.425959091337543E-5   507.3660130718942      9          4    1    6    8    2    5    4    9    7    4    5    6    8    9    3    4    9    7    
2          1.8851918182675087E-4  503.7647058823515      12         9    1    2    11   3    10   9    12   4    9    5    6    11   7    10   9    12   8    
1          9.425959091337543E-5   494.33986928104446     11         7    1    9    10   2    8    3    11   9    7    4    9    10   5    8    6    11   9    
3          2.827787727401263E-4   486.30718954248283     10         4    6    1    8    9    6    5    10   7    4    6    2    8    9    3    5    10   7    
7          6.598171363936281E-4   483.3529411764695      11         6    8    1    10   2    8    7    11   9    6    8    3    10   4    5    7    11   9    
9          8.48336318220379E-4    476.54248366012934     9          3    1    6    7    8    5    4    9    6    3    2    6    7    8    5    4    9    6    
11         0.0010368555000471297  471.2745098039203      10         5    1    2    8    9    6    5    10   7    5    3    4    8    9    6    5    10   7    
8          7.540767273070035E-4   461.90196078431296     10         4    6    7    9    1    6    5    10   8    4    6    7    9    2    3    5    10   8    
1          9.425959091337543E-5   458.8039215686269      8          1    4    5    6    7    4    3    8    5    2    4    5    6    7    4    3    8    5    
2          1.8851918182675087E-4  450.1830065359462      11         7    1    9    10   2    8    7    11   3    7    4    9    10   5    8    7    11   6    
1          9.425959091337543E-5   445.248366013071       9          1    6    7    8    2    6    5    9    7    3    6    7    8    4    6    5    9    7    
4          3.7703836365350174E-4  444.99346405228664     10         4    1    2    8    9    6    5    10   7    4    3    7    8    9    6    5    10   7    
3          2.827787727401263E-4   442.4117647058817      9          4    6    1    8    2    6    5    9    7    4    6    3    8    9    6    5    9    7    
1          9.425959091337543E-5   442.2745098039203      9          3    1    2    7    8    5    4    9    6    3    5    6    7    8    5    4    9    6    
3          2.827787727401263E-4   437.39215686274423     8          3    5    6    7    8    5    4    8    1    3    5    6    7    8    5    4    8    2    
4          3.7703836365350174E-4  434.8104575163389      8          4    5    1    7    8    5    4    8    6    4    5    2    7    3    5    4    8    6    
5          4.712979545668772E-4   433.92810457516225     11         7    8    9    10   1    8    2    11   3    7    8    9    10   4    8    5    11   6    
3          2.827787727401263E-4   433.31372549019517     11         5    1    8    10   2    7    6    11   9    5    7    8    10   3    4    6    11   9    
1          9.425959091337543E-5   432.88888888888846     9          4    5    6    8    9    5    4    1    7    4    5    6    8    9    2    4    3    7    
2          1.8851918182675087E-4  432.61437908496595     9          3    4    5    7    8    4    3    9    6    3    1    5    7    8    2    3    9    6    
1          9.425959091337543E-5   429.52287581699215     8          4    1    2    7    8    5    4    8    6    4    3    6    7    8    5    4    8    6    
1          9.425959091337543E-5   428.86274509803854     13         9    1    10   12   2    3    4    13   11   9    5    10   12   6    7    8    13   11   
1          9.425959091337543E-5   428.5751633986918      10         4    5    6    8    9    5    4    10   7    4    1    6    8    9    2    3    10   7    
1          9.425959091337543E-5   424.67973856209034     12         7    8    1    10   11   2    3    12   9    7    4    5    10   11   8    6    12   9    
2          1.8851918182675087E-4  424.1111111111098      9          3    4    5    7    8    4    3    9    6    3    1    5    7    8    4    2    9    6    
1          9.425959091337543E-5   424.03921568627356     11         5    6    7    9    10   1    2    11   8    5    3    7    9    10   6    4    11   8    
1          9.425959091337543E-5   423.4183006535935      10         4    5    1    8    9    6    4    10   7    4    6    2    8    9    5    3    10   7    
1          9.425959091337543E-5   422.2875816993454      11         6    7    1    9    10   2    6    11   8    6    3    4    9    10   7    5    11   8    
1          9.425959091337543E-5   420.8300653594762      12         8    1    9    11   12   2    8    3    10   8    4    9    11   12   5    6    7    10   
2          1.8851918182675087E-4  420.2745098039206      11         6    1    2    9    10   7    3    11   8    6    7    4    9    10   7    5    11   8    
1          9.425959091337543E-5   417.37908496731905     11         7    1    2    9    10   8    7    11   3    7    8    4    9    10   8    5    11   6    
5          4.712979545668772E-4   415.7516339869271      9          3    4    6    8    9    5    3    1    7    3    4    6    8    9    5    3    2    7    
2          1.8851918182675087E-4  413.47712418300574     12         8    1    2    11   3    10   9    12   4    8    10   5    11   6    10   9    12   7    
5          4.712979545668772E-4   412.4248366013062      12         7    1    10   11   2    9    8    12   3    7    4    10   11   5    9    8    12   6    
4          3.7703836365350174E-4  398.2875816993456      10         5    6    1    8    9    7    5    10   2    5    6    3    8    9    7    5    10   4    
5          4.712979545668772E-4   397.41830065359346     11         7    8    1    10   2    3    7    11   9    7    8    4    10   5    6    7    11   9    
2          1.8851918182675087E-4  396.08496732026043     12         7    1    2    11   12   9    8    3    10   7    4    5    11   12   9    8    6    10   
3          2.827787727401263E-4   394.58823529411706     11         5    1    8    10   11   7    6    2    9    5    3    8    10   11   7    6    4    9    
1          9.425959091337543E-5   392.169934640522       12         9    10   11   12   1    2    3    4    11   9    5    11   12   6    10   7    8    11   
3          2.827787727401263E-4   385.6601307189533      10         5    7    8    9    10   7    6    1    2    5    7    8    9    10   7    6    3    4    
1          9.425959091337543E-5   384.0588235294107      9          2    4    6    7    8    5    3    9    6    2    4    1    7    8    5    3    9    6    
4          3.7703836365350174E-4  381.1503267973849      8          2    3    1    6    7    4    2    8    5    2    3    5    6    7    4    2    8    5    
1          9.425959091337543E-5   378.71241830065304     9          5    6    7    8    9    6    5    1    2    5    6    7    8    9    6    5    3    4    
3          2.827787727401263E-4   378.4248366013064      9          1    5    6    8    2    5    4    9    7    4    5    6    8    3    5    4    9    7    
2          1.8851918182675087E-4  374.96732026143707     8          2    3    5    6    7    4    2    8    5    2    3    1    6    7    4    2    8    5    
6          5.655575454802526E-4   371.76470588235185     11         1    8    2    10   3    8    7    11   9    4    8    5    10   6    8    7    11   9    
1          9.425959091337543E-5   370.14379084967203     10         6    7    1    9    2    7    3    10   8    6    7    8    9    4    7    5    10   8    
6          5.655575454802526E-4   369.2679738562085      10         1    6    2    8    9    6    5    10   7    3    6    4    8    9    6    5    10   7    
3          2.827787727401263E-4   367.2352941176468      7          2    1    4    6    7    3    2    7    5    2    3    4    6    7    3    2    7    5    
5          4.712979545668772E-4   359.9084967320256      10         5    6    1    8    9    2    5    10   7    5    6    3    8    9    4    5    10   7    
1          9.425959091337543E-5   359.3921568627446      11         5    7    9    10   11   8    6    1    2    5    7    9    10   11   8    6    3    4    
1          9.425959091337543E-5   357.0326797385614      10         5    1    8    9    2    7    6    10   8    5    7    3    9    4    7    6    10   8    
4          3.7703836365350174E-4  355.9999999999991      8          2    4    5    6    7    4    3    8    5    2    4    1    6    7    4    3    8    5    
5          4.712979545668772E-4   351.43137254901893     11         6    8    1    10   2    3    7    11   9    6    8    4    10   5    8    7    11   9    
1          9.425959091337543E-5   345.9477124183002      10         1    2    6    8    9    5    4    10   7    4    3    6    8    9    5    4    10   7    
2          1.8851918182675087E-4  343.7712418300647      13         1    2    3    12   4    10   9    13   11   5    6    7    12   8    10   9    13   11   
6          5.655575454802526E-4   343.2549019607837      9          2    4    6    8    1    5    3    9    7    2    4    6    8    9    5    3    9    7    
2          1.8851918182675087E-4  343.18300653594684     9          4    6    7    8    9    6    5    9    1    4    6    7    8    2    6    5    9    3    
1          9.425959091337543E-5   339.575163398692       9          4    5    7    8    9    6    4    9    1    4    5    7    8    2    6    4    9    3    
1          9.425959091337543E-5   335.5032679738554      12         1    8    10   11   2    9    7    12   3    4    8    10   11   5    9    7    12   6    
3          2.827787727401263E-4   333.9084967320253      10         6    7    1    9    2    3    6    10   8    6    7    4    9    5    7    6    10   8    
2          1.8851918182675087E-4  331.5098039215674      8          2    3    4    6    7    1    2    8    5    2    3    4    6    7    3    2    8    5    
1          9.425959091337543E-5   329.16339869280984     12         7    9    1    2    3    10   8    12   11   7    9    4    5    6    10   8    12   11   
2          1.8851918182675087E-4  328.83006535947624     12         7    9    10   11   1    2    8    12   3    7    9    10   11   4    5    8    12   6    
2          1.8851918182675087E-4  326.19607843137214     13         9    11   1    12   2    3    10   13   4    9    11   5    12   6    7    10   13   8    
1          9.425959091337543E-5   324.45751633986896     10         4    6    8    9    1    7    5    10   2    4    6    8    9    10   7    5    10   3    
1          9.425959091337543E-5   323.0261437908491      10         1    5    7    9    2    6    4    10   8    3    5    7    9    10   6    4    10   8    
1          9.425959091337543E-5   322.6078431372543      11         6    7    1    10   2    8    6    11   9    6    7    3    10   4    8    5    11   9    
1          9.425959091337543E-5   322.5555555555547      10         5    7    1    9    10   8    6    10   2    5    7    3    9    10   8    6    10   4    
1          9.425959091337543E-5   322.05228758169886     10         5    7    1    2    9    7    6    10   8    5    7    3    4    9    7    6    10   8    
1          9.425959091337543E-5   320.52941176470506     9          5    7    1    8    9    7    6    9    2    5    7    3    8    9    7    6    9    4    
6          5.655575454802526E-4   316.62091503267874     9          2    3    5    7    8    4    2    9    6    1    3    5    7    8    4    2    9    6    
5          4.712979545668772E-4   314.3464052287576      8          2    1    5    6    7    4    3    8    5    2    4    5    6    7    4    3    8    5    
6          5.655575454802526E-4   298.8039215686271      7          2    3    4    6    1    3    2    7    5    2    3    4    6    7    3    2    7    5    
5          4.712979545668772E-4   298.2679738562083      9          3    4    6    7    8    5    3    9    1    3    4    6    7    8    5    3    9    2    
2          1.8851918182675087E-4  297.7385620915028      10         5    1    8    9    2    7    6    10   8    5    3    8    9    4    7    6    10   8    
1          9.425959091337543E-5   297.6928104575162      10         4    5    6    8    9    1    2    10   7    4    5    6    8    9    5    3    10   7    
2          1.8851918182675087E-4  294.55555555555503     13         9    1    11   12   2    10   3    13   4    9    5    11   12   6    10   7    13   8    
1          9.425959091337543E-5   293.83006535947686     9          3    5    6    8    1    5    4    9    7    3    5    6    8    9    2    4    9    7    
1          9.425959091337543E-5   293.83006535947635     12         7    8    1    10   11   2    7    12   9    3    8    4    10   11   5    6    12   9    
1          9.425959091337543E-5   292.29411764705867     11         5    6    8    10   11   7    1    2    9    5    6    8    10   11   7    3    4    9    
1          9.425959091337543E-5   290.620915032679       11         6    1    2    9    10   8    7    11   3    6    8    4    9    10   8    7    11   5    
1          9.425959091337543E-5   289.6470588235293      13         9    11   1    2    3    12   10   4    13   9    11   5    6    7    12   10   8    13   
1          9.425959091337543E-5   285.43137254901904     10         6    8    9    10   1    8    7    2    9    6    8    9    10   3    4    7    5    9    
7          6.598171363936281E-4   282.9150326797381      9          3    1    6    8    9    5    4    9    7    3    2    6    8    9    5    4    9    7    
1          9.425959091337543E-5   278.31372549019574     12         1    7    2    10   11   8    3    12   9    4    7    5    10   11   8    6    12   9    
9          8.48336318220379E-4    278.2026143790846      12         7    9    1    12   2    10   8    3    11   7    9    4    12   5    10   8    6    11   
1          9.425959091337543E-5   270.0522875816988      11         7    1    9    11   2    8    7    3    10   7    4    9    11   5    8    7    6    10   
3          2.827787727401263E-4   268.8888888888885      11         7    1    8    10   2    3    7    11   9    7    4    8    10   5    6    7    11   9    
1          9.425959091337543E-5   263.0849673202613      11         6    7    1    9    10   2    3    11   8    6    7    4    9    10   7    5    11   8    
1          9.425959091337543E-5   261.5947712418297      12         1    7    9    11   2    8    3    12   10   4    7    9    11   5    8    6    12   10   
1          9.425959091337543E-5   260.19607843137214     7          3    4    5    6    7    4    3    1    5    3    4    5    6    7    4    3    2    5    
1          9.425959091337543E-5   259.85620915032644     10         5    6    1    9    2    6    5    10   8    5    7    3    9    4    7    5    10   8    
1          9.425959091337543E-5   257.91503267973843     13         9    10   12   13   1    11   2    3    4    9    10   12   13   5    11   6    7    8    
1          9.425959091337543E-5   256.58823529411717     9          4    6    7    8    1    2    5    9    7    4    6    7    8    3    6    5    9    7    
2          1.8851918182675087E-4  254.85620915032644     10         5    1    7    9    2    3    5    10   8    5    6    7    9    4    6    5    10   8    
4          3.7703836365350174E-4  253.81045751633943     12         7    1    8    10   11   2    3    12   9    7    4    8    10   11   5    6    12   9    
1          9.425959091337543E-5   253.56209150326782     9          4    6    7    8    1    6    5    9    7    4    6    2    8    3    6    5    9    7    
3          2.827787727401263E-4   251.43137254901936     10         5    1    6    8    9    2    5    10   7    5    3    6    8    9    4    5    10   7    
3          2.827787727401263E-4   249.20261437908457     8          3    4    5    6    7    4    1    8    5    3    4    5    6    7    4    2    8    5    
2          1.8851918182675087E-4  248.75163398692806     10         4    5    7    9    10   6    1    10   8    4    5    7    9    2    6    3    10   8    
2          1.8851918182675087E-4  247.7581699346402      12         7    1    2    11   3    9    8    12   10   7    9    4    11   5    6    8    12   10   
1          9.425959091337543E-5   246.0653594771237      8          3    5    1    7    2    5    4    8    6    3    5    6    7    8    5    4    8    6    
1          9.425959091337543E-5   245.35294117647027     11         6    7    8    10   1    2    3    11   9    6    7    8    10   4    7    5    11   9    
4          3.7703836365350174E-4  242.94117647058783     11         6    8    9    10   1    8    7    11   2    6    3    9    10   4    8    7    11   5    
1          9.425959091337543E-5   240.83660130718923     6          1    2    4    5    6    3    1    6    4    1    2    4    5    6    3    1    6    4    
2          1.8851918182675087E-4  240.7908496732023      7          2    4    5    6    7    4    3    7    5    2    4    5    6    1    4    3    7    5    
1          9.425959091337543E-5   239.26143790849648     10         1    2    6    8    9    5    4    10   7    3    5    6    8    9    5    4    10   7    
1          9.425959091337543E-5   238.3660130718952      10         4    1    7    9    10   6    5    2    8    4    6    7    9    10   6    5    3    8    
1          9.425959091337543E-5   236.83660130718923     9          4    5    6    8    1    5    2    9    7    4    5    6    8    9    5    3    9    7    
2          1.8851918182675087E-4  236.50980392156822     10         3    5    6    8    9    1    4    10   7    3    2    6    8    9    5    4    10   7    
1          9.425959091337543E-5   234.26797385620876     10         5    6    8    9    10   7    1    10   2    5    6    8    9    10   7    3    10   4    
1          9.425959091337543E-5   232.81699346405216     5          1    2    3    4    5    2    1    5    3    1    2    3    4    5    2    1    5    3    
1          9.425959091337543E-5   229.24836601307172     11         5    7    1    10   2    8    6    11   9    5    8    3    10   4    7    6    11   9    
1          9.425959091337543E-5   228.96732026143755     9          4    5    6    8    9    5    1    9    7    4    5    6    8    2    5    3    9    7    
5          4.712979545668772E-4   227.96078431372527     9          2    3    5    7    8    4    2    9    6    2    3    5    7    8    4    1    9    6    
4          3.7703836365350174E-4  224.32679738562058     9          5    6    1    7    8    6    5    9    2    5    6    3    7    8    6    5    9    4    
4          3.7703836365350174E-4  221.94117647058806     12         8    9    1    11   2    9    3    12   10   8    4    5    11   6    9    7    12   10   
1          9.425959091337543E-5   217.52287581699304     10         6    7    8    10   1    7    6    2    9    6    7    8    10   3    4    6    5    9    
1          9.425959091337543E-5   216.60784313725455     8          4    5    6    7    1    5    4    8    6    4    2    6    7    3    5    4    8    6    
1          9.425959091337543E-5   214.97385620915006     11         7    8    1    10   2    8    3    11   9    7    4    5    10   11   8    6    11   9    
1          9.425959091337543E-5   213.79738562091464     9          4    1    6    7    8    5    2    9    6    4    3    6    7    8    5    4    9    6    
2          1.8851918182675087E-4  213.76470588235276     9          3    5    6    8    1    5    4    9    7    3    2    6    8    9    5    4    9    7    
5          4.712979545668772E-4   212.5163398692807      11         6    7    8    10   1    7    2    11   9    6    3    8    10   4    7    5    11   9    
1          9.425959091337543E-5   211.9215686274506      8          3    5    6    7    8    5    4    1    6    3    5    6    7    8    5    4    2    6    
5          4.712979545668772E-4   207.60784313725475     13         9    1    2    12   3    11   10   13   4    9    5    6    12   7    11   10   13   8    
1          9.425959091337543E-5   199.20261437908474     12         7    8    1    11   12   9    2    3    10   7    8    4    11   12   9    5    6    10   
1          9.425959091337543E-5   197.55555555555532     13         9    11   1    12   13   2    10   3    4    9    11   5    12   13   6    10   7    8    
2          1.8851918182675087E-4  195.1437908496729      9          5    6    1    8    9    6    2    9    7    5    6    3    8    9    6    4    9    7    
3          2.827787727401263E-4   193.66666666666654     9          4    5    1    7    8    5    2    9    6    4    5    3    7    8    5    4    9    6    
1          9.425959091337543E-5   193.5620915032676      9          3    4    6    7    8    5    1    9    6    3    4    6    7    8    5    2    9    6    
1          9.425959091337543E-5   192.18954248365986     12         7    1    9    11   2    8    3    12   10   7    8    9    11   4    5    6    12   10   
2          1.8851918182675087E-4  192.05882352941154     10         4    5    6    8    9    5    1    10   7    4    5    6    8    9    2    3    10   7    
3          2.827787727401263E-4   191.4901960784311      9          4    1    7    8    2    6    5    9    7    4    6    7    8    3    6    5    9    7    
2          1.8851918182675087E-4  189.39869281045728     11         6    1    8    10   2    7    3    11   9    6    7    8    10   4    7    5    11   9    
3          2.827787727401263E-4   188.15032679738545     11         1    6    2    9    10   7    5    11   8    3    6    4    9    10   7    5    11   8    
1          9.425959091337543E-5   187.39869281045733     10         5    1    7    8    9    6    2    10   7    5    6    7    8    9    3    4    10   7    
1          9.425959091337543E-5   181.74509803921555     10         5    7    8    1    2    7    6    10   9    5    7    8    3    4    7    6    10   9    
1          9.425959091337543E-5   181.33986928104568     6          2    3    4    5    6    3    2    6    4    2    1    4    5    6    3    2    6    4    
3          2.827787727401263E-4   179.78431372549002     10         5    6    7    8    9    6    1    10   2    5    6    7    8    9    6    3    10   4    
5          4.712979545668772E-4   178.30065359477098     8          2    3    4    6    7    3    2    8    5    2    3    4    6    7    3    1    8    5    
1          9.425959091337543E-5   177.065359477124       8          3    4    5    6    7    1    3    8    5    3    4    5    6    7    2    3    8    5    
1          9.425959091337543E-5   173.18954248366        12         1    10   11   12   2    10   9    3    4    5    10   11   12   6    10   9    7    8    
1          9.425959091337543E-5   171.00653594771208     9          5    1    7    8    2    6    5    9    7    5    6    3    8    4    6    5    9    7    
2          1.8851918182675087E-4  170.70588235294096     10         5    1    7    8    9    6    5    10   2    5    3    7    8    9    6    5    10   4    
1          9.425959091337543E-5   168.77124183006515     9          4    1    6    8    2    5    4    9    7    4    3    6    8    9    5    4    9    7    
1          9.425959091337543E-5   168.59477124182982     11         7    1    2    10   11   8    7    3    9    7    4    5    10   11   8    7    6    9    
4          3.7703836365350174E-4  165.52287581699312     8          2    1    5    7    8    4    3    8    6    2    4    5    7    8    4    3    8    6    
1          9.425959091337543E-5   164.05228758169915     10         3    1    6    8    9    2    4    10   7    3    5    6    8    9    5    4    10   7    
2          1.8851918182675087E-4  163.81045751633965     10         7    8    1    10   2    8    7    3    9    7    8    4    10   5    8    7    6    9    
1          9.425959091337543E-5   162.15686274509784     15         13   1    2    14   3    4    5    15   6    13   7    8    14   9    10   11   15   12   
1          9.425959091337543E-5   162.0326797385619      12         7    8    9    11   1    2    3    12   10   7    8    9    11   4    5    6    12   10   
1          9.425959091337543E-5   161.23529411764687     11         7    8    1    10   11   8    2    3    9    7    8    4    10   11   8    5    6    9    
1          9.425959091337543E-5   161.13071895424815     10         4    6    7    9    10   6    5    1    8    4    6    7    9    10   2    5    3    8    
2          1.8851918182675087E-4  160.40522875816973     11         5    7    8    10   1    7    6    11   9    5    2    8    10   3    4    6    11   9    
1          9.425959091337543E-5   155.26143790849656     11         5    7    1    9    10   7    6    11   8    5    2    3    9    10   4    6    11   8    
2          1.8851918182675087E-4  152.93464052287567     11         7    8    1    9    10   8    2    11   3    7    8    4    9    10   8    5    11   6    
1          9.425959091337543E-5   152.7647058823527      11         7    8    9    10   1    2    7    11   3    7    8    9    10   4    5    7    11   6    
4          3.7703836365350174E-4  150.94117647058806     11         6    1    2    10   3    8    7    11   9    6    4    9    10   5    8    7    11   9    
1          9.425959091337543E-5   150.47712418300642     9          3    5    1    8    2    6    4    9    7    3    5    7    8    9    6    4    9    7    
1          9.425959091337543E-5   146.07189542483638     10         6    7    8    9    10   7    6    1    2    6    3    8    9    10   7    6    4    5    
5          4.712979545668772E-4   145.30718954248331     8          2    4    5    6    7    4    3    8    5    2    1    5    6    7    4    3    8    5    
1          9.425959091337543E-5   140.267973856209       12         8    9    1    11   2    3    4    12   10   8    9    5    11   6    7    8    12   10   
1          9.425959091337543E-5   140.14379084967305     9          1    5    2    7    8    5    4    9    6    4    5    3    7    8    5    4    9    6    
1          9.425959091337543E-5   139.84313725490176     11         8    9    1    11   2    9    3    4    10   8    9    5    11   6    9    8    7    10   
1          9.425959091337543E-5   137.9019607843136      11         1    8    9    10   2    8    7    11   3    4    8    9    10   5    8    7    11   6    
1          9.425959091337543E-5   136.99346405228744     12         8    9    10   12   1    2    3    4    11   8    9    10   12   5    6    8    7    11   
1          9.425959091337543E-5   136.94771241830048     12         7    9    10   11   1    9    8    12   2    7    3    10   11   4    5    8    12   6    
3          2.827787727401263E-4   134.07189542483644     9          3    4    6    8    1    4    3    9    7    3    5    6    8    2    5    3    9    7    
3          2.827787727401263E-4   132.07189542483647     9          3    1    5    7    8    2    3    9    6    3    4    5    7    8    4    3    9    6    
1          9.425959091337543E-5   131.17647058823516     9          5    6    1    8    9    2    5    9    7    5    6    3    8    9    4    5    9    7    
2          1.8851918182675087E-4  130.19607843137243     10         4    6    1    8    9    2    5    10   7    4    6    3    8    9    6    5    10   7    
1          9.425959091337543E-5   127.86274509803913     9          4    1    2    8    9    6    5    9    7    4    6    3    8    9    6    5    9    7    
1          9.425959091337543E-5   127.01960784313711     11         6    8    1    9    10   8    7    11   2    6    3    4    9    10   8    7    11   5    
1          9.425959091337543E-5   126.94771241830047     10         1    7    2    9    3    7    6    10   8    6    7    4    9    5    7    6    10   8    
1          9.425959091337543E-5   124.15032679738546     14         1    11   2    13   3    4    5    14   12   6    11   7    13   8    9    10   14   12   
2          1.8851918182675087E-4  121.11111111111099     10         4    5    1    8    9    6    2    10   7    4    5    7    8    9    6    3    10   7    
1          9.425959091337543E-5   120.47058823529392     9          4    5    1    8    9    6    4    2    7    4    5    7    8    9    6    4    3    7    
1          9.425959091337543E-5   119.99999999999984     8          3    5    6    1    8    5    4    8    7    3    5    6    2    8    5    4    8    7    
1          9.425959091337543E-5   118.11764705882334     9          3    5    7    8    9    6    4    1    7    3    5    7    8    9    6    4    2    7    
2          1.8851918182675087E-4  118.09803921568617     9          4    1    2    7    8    5    4    9    6    4    3    6    7    8    5    4    9    6    
1          9.425959091337543E-5   114.27450980392149     11         5    7    8    9    10   1    6    11   2    5    7    8    9    10   3    6    11   4    
1          9.425959091337543E-5   113.64052287581693     10         5    6    7    8    9    1    5    10   2    5    3    7    8    9    6    5    10   4    
1          9.425959091337543E-5   113.0784313725489      12         8    1    10   11   2    9    3    12   4    8    9    10   11   5    9    6    12   7    
1          9.425959091337543E-5   112.96732026143782     8          3    4    5    7    8    4    3    8    6    3    1    5    7    2    4    3    8    6    
1          9.425959091337543E-5   112.28758169934622     9          2    4    1    7    8    4    3    9    6    2    5    6    7    8    5    3    9    6    
2          1.8851918182675087E-4  112.18954248365998     12         7    1    10   11   2    3    8    12   4    7    9    10   11   5    9    8    12   6    
2          1.8851918182675087E-4  110.1633986928103      12         7    9    1    10   11   2    8    12   3    7    9    4    10   11   5    8    12   6    
1          9.425959091337543E-5   107.96732026143783     10         4    5    1    8    9    6    2    10   7    4    5    3    8    9    6    4    10   7    
1          9.425959091337543E-5   106.2418300653594      10         4    5    7    9    1    6    4    10   8    4    5    7    9    2    6    3    10   8    
1          9.425959091337543E-5   106.20915032679726     9          4    5    6    8    9    5    1    2    7    4    5    6    8    9    5    4    3    7    
1          9.425959091337543E-5   102.96078431372531     8          2    4    5    7    8    4    3    8    6    2    4    5    7    8    1    3    8    6    
2          1.8851918182675087E-4  102.8169934640522      13         9    10   1    12   2    3    4    13   11   9    10   5    12   6    7    8    13   11   
1          9.425959091337543E-5   100.04575163398685     10         5    1    2    9    10   7    6    10   8    5    3    4    9    10   7    6    10   8    
2          1.8851918182675087E-4  99.58169934640513      9          5    1    2    8    9    6    5    9    7    5    3    4    8    9    6    5    9    7    
2          1.8851918182675087E-4  98.44444444444427      10         6    1    2    9    3    7    6    10   8    6    4    8    9    5    7    6    10   8    
1          9.425959091337543E-5   97.1633986928103       10         5    1    2    9    3    7    6    10   8    5    7    4    9    10   7    6    10   8    
1          9.425959091337543E-5   96.56862745098022      11         7    9    1    2    3    9    8    11   10   7    9    4    5    6    9    8    11   10   
1          9.425959091337543E-5   96.31372549019592      9          4    1    2    8    3    6    5    9    7    4    6    7    8    9    6    5    9    7    
1          9.425959091337543E-5   95.67973856209147      11         1    6    8    10   11   7    5    2    9    3    6    8    10   11   7    5    4    9    
2          1.8851918182675087E-4  92.90196078431357      11         7    8    9    11   1    8    2    3    10   7    8    9    11   4    8    5    6    10   
1          9.425959091337543E-5   91.96078431372534      12         7    1    9    11   12   8    2    3    10   7    4    9    11   12   8    5    6    10   
1          9.425959091337543E-5   91.83660130718941      7          2    4    1    6    7    4    3    7    5    2    4    5    6    7    4    3    7    5    
1          9.425959091337543E-5   91.66013071895414      11         6    1    2    10   11   8    7    3    9    6    8    4    10   11   8    7    5    9    
1          9.425959091337543E-5   90.516339869281        10         4    6    8    9    10   7    5    10   1    4    6    8    9    2    7    5    10   3    
1          9.425959091337543E-5   90.49019607843132      12         9    1    10   11   2    3    9    12   4    9    5    10   11   6    7    9    12   8    
2          1.8851918182675087E-4  88.33986928104571      13         9    1    11   13   2    3    10   4    12   9    5    11   13   6    7    10   8    12   
1          9.425959091337543E-5   85.70588235294105      8          2    4    6    7    8    5    3    8    6    2    4    6    7    1    5    3    8    6    
1          9.425959091337543E-5   84.8496732026143       9          5    6    7    8    1    6    5    9    2    5    6    7    8    9    3    5    9    4    
1          9.425959091337543E-5   84.59477124183005      9          4    5    6    7    8    5    4    9    1    4    5    6    7    8    2    4    9    3    
1          9.425959091337543E-5   82.59477124182996      8          2    4    5    6    7    4    3    8    5    2    4    5    6    7    1    3    8    5    
3          2.827787727401263E-4   80.99346405228748      11         7    8    1    10   2    9    7    11   3    7    8    4    10   5    9    7    11   6    
1          9.425959091337543E-5   79.4183006535947       10         4    6    7    9    1    2    5    10   8    4    6    7    9    10   3    5    10   8    
2          1.8851918182675087E-4  78.83660130718945      11         1    7    8    10   2    7    3    11   9    4    7    8    10   5    7    6    11   9    
1          9.425959091337543E-5   78.11764705882344      12         7    8    9    11   1    8    2    12   10   7    3    9    11   4    5    6    12   10   
1          9.425959091337543E-5   76.88888888888881      11         5    7    9    10   1    7    6    11   2    5    8    9    10   3    8    6    11   4    
1          9.425959091337543E-5   75.235294117647        11         5    1    8    10   2    3    6    11   9    5    7    8    10   4    7    6    11   9    
1          9.425959091337543E-5   74.52287581699338      14         11   13   1    14   2    13   12   3    4    11   5    6    14   7    8    12   9    10   
1          9.425959091337543E-5   73.6339869281045       9          3    4    5    7    8    4    3    9    6    3    4    5    7    8    1    2    9    6    
1          9.425959091337543E-5   72.96078431372541      14         11   1    2    13   3    4    12   14   5    11   6    7    13   8    9    12   14   10   
2          1.8851918182675087E-4  72.62091503267966      9          1    2    5    7    8    4    3    9    6    3    4    5    7    8    4    3    9    6    
2          1.8851918182675087E-4  70.24183006535941      12         7    1    10   12   2    9    8    3    11   7    4    10   12   5    9    8    6    11   
2          1.8851918182675087E-4  68.56862745098033      9          4    6    7    8    1    6    5    9    7    4    2    7    8    3    6    5    9    7    
1          9.425959091337543E-5   63.3529411764705       11         7    8    1    10   2    8    3    11   9    7    4    5    10   6    8    7    11   9    
1          9.425959091337543E-5   62.65359477124175      8          4    5    1    7    2    5    4    8    6    4    5    3    7    8    5    4    8    6    
1          9.425959091337543E-5   62.57516339869273      12         9    10   1    11   2    10   3    12   4    9    10   5    11   6    10   7    12   8    
1          9.425959091337543E-5   62.176470588235276     8          2    4    1    7    8    5    3    8    6    2    4    6    7    8    5    3    8    6    
1          9.425959091337543E-5   61.437908496732014     11         1    8    9    11   2    8    7    3    10   4    8    9    11   5    8    7    6    10   
2          1.8851918182675087E-4  58.03267973856208      12         7    8    9    11   1    2    3    12   10   7    4    9    11   5    8    6    12   10   
1          9.425959091337543E-5   57.29411764705875      10         5    7    8    9    1    7    6    10   8    5    2    8    9    3    4    6    10   8    
2          1.8851918182675087E-4  55.48366013071889      8          4    5    1    7    8    5    4    8    6    4    2    3    7    8    5    4    8    6    
1          9.425959091337543E-5   54.40522875816987      12         9    1    11   12   2    3    10   4    11   9    5    11   12   6    7    10   8    11   
1          9.425959091337543E-5   54.16993464052281      11         5    6    8    9    10   7    1    11   2    5    6    8    9    10   7    3    11   4    
1          9.425959091337543E-5   53.052287581699346     12         7    8    1    10   11   9    2    12   3    7    8    4    10   11   9    5    12   6    
1          9.425959091337543E-5   52.83006535947707      9          3    5    1    7    8    5    4    9    6    3    2    6    7    8    5    4    9    6    
1          9.425959091337543E-5   50.967320261437905     10         5    7    1    9    2    7    6    10   8    5    3    8    9    4    7    6    10   8    
2          1.8851918182675087E-4  50.58169934640523      8          3    4    5    7    8    4    1    8    6    3    4    5    7    8    4    2    8    6    
1          9.425959091337543E-5   49.32026143790845      10         1    5    6    8    9    2    4    10   7    3    5    6    8    9    5    4    10   7    
1          9.425959091337543E-5   48.63398692810458      7          2    3    4    5    6    3    1    7    4    2    3    4    5    6    3    2    7    4    
1          9.425959091337543E-5   47.39869281045752      8          3    4    5    6    7    4    3    8    5    3    1    5    6    7    2    3    8    5    
1          9.425959091337543E-5   47.37908496732022      11         5    7    8    9    10   1    6    11   2    5    3    8    9    10   7    6    11   4    
3          2.827787727401263E-4   46.72549019607843      11         6    7    8    10   1    7    2    11   9    6    7    8    10   3    4    5    11   9    
1          9.425959091337543E-5   43.60784313725487      11         5    6    8    10   1    6    2    11   9    5    7    8    10   3    7    4    11   9    
1          9.425959091337543E-5   42.686274509803894     11         1    6    7    9    10   2    5    11   8    3    6    7    9    10   4    5    11   8    
1          9.425959091337543E-5   42.483660130718924     10         1    6    7    8    9    6    5    10   2    3    6    7    8    9    6    5    10   4    
1          9.425959091337543E-5   40.60130718954249      12         7    9    1    11   12   2    8    3    10   7    9    4    11   12   5    8    6    10   
1          9.425959091337543E-5   39.62091503267972      12         9    1    2    11   3    4    9    12   10   9    5    6    11   7    8    9    12   10   
2          1.8851918182675087E-4  38.82352941176471      10         6    7    1    9    2    7    3    10   8    6    7    4    9    5    7    6    10   8    
1          9.425959091337543E-5   38.411764705882334     9          4    5    1    8    2    6    4    9    7    4    5    3    8    9    6    4    9    7    
1          9.425959091337543E-5   35.41176470588235      11         7    1    2    10   11   8    7    11   9    7    3    4    10   5    8    6    11   9    
1          9.425959091337543E-5   35.0718954248366       11         5    6    8    10   1    7    2    11   9    5    7    8    10   3    6    4    11   9    
1          9.425959091337543E-5   34.882352941176464     11         7    8    1    10   2    8    3    11   9    7    8    4    10   5    6    7    11   9    
1          9.425959091337543E-5   31.98039215686275      10         5    7    8    9    1    2    6    10   8    5    7    8    9    3    4    6    10   8    
1          9.425959091337543E-5   30.24183006535948      10         1    5    6    8    9    5    2    10   7    3    5    6    8    9    5    4    10   7    
1          9.425959091337543E-5   29.960784313725494     8          4    5    6    7    8    5    4    8    1    4    5    6    7    2    5    4    8    3    
1          9.425959091337543E-5   29.93464052287582      9          1    5    6    7    8    5    2    9    6    3    5    6    7    8    5    4    9    6    
1          9.425959091337543E-5   29.777777777777782     9          1    4    6    8    9    5    3    9    7    2    4    6    8    9    5    3    9    7    
1          9.425959091337543E-5   28.31372549019608      11         6    7    9    11   1    8    2    3    10   6    7    9    11   4    8    6    5    10   
1          9.425959091337543E-5   27.52287581699347      12         7    1    2    11   3    4    8    12   10   7    9    5    11   6    9    8    12   10   
1          9.425959091337543E-5   26.522875816993466     11         5    1    2    9    10   3    6    11   8    5    7    4    9    10   7    6    11   8    
1          9.425959091337543E-5   25.496732026143793     10         5    7    8    1    9    7    6    10   2    5    7    8    3    9    7    6    10   4    
1          9.425959091337543E-5   24.58823529411765      10         6    1    8    9    2    7    6    10   3    6    7    8    9    4    7    6    10   5    
1          9.425959091337543E-5   22.568627450980394     11         6    8    1    2    3    9    7    11   10   6    8    10   4    5    9    7    11   10   
1          9.425959091337543E-5   21.751633986928105     12         1    9    2    11   3    9    4    12   10   5    9    6    11   7    9    8    12   10   
2          1.8851918182675087E-4  21.568627450980394     8          3    1    5    6    7    4    3    8    5    3    2    5    6    7    4    3    8    5    
1          9.425959091337543E-5   20.339869281045754     6          2    3    4    5    6    3    2    6    4    2    3    1    5    6    3    2    6    4    
1          9.425959091337543E-5   19.882352941176475     12         7    9    10   12   1    2    8    3    11   7    9    10   12   4    5    8    6    11   
1          9.425959091337543E-5   19.000000000000004     11         6    8    9    10   1    8    7    11   2    6    8    9    10   3    4    7    11   5    
1          9.425959091337543E-5   18.000000000000004     10         3    5    1    8    9    6    4    10   7    3    6    2    8    9    5    4    10   7    
1          9.425959091337543E-5   17.01307189542484      11         1    7    8    10   2    7    6    11   9    3    4    8    10   5    7    6    11   9    
1          9.425959091337543E-5   15.90196078431373      10         4    6    7    9    1    2    5    10   8    4    3    7    9    10   6    5    10   8    
1          9.425959091337543E-5   15.137254901960786     11         1    2    8    10   3    7    6    11   9    4    7    8    10   5    7    6    11   9    
1          9.425959091337543E-5   13.019607843137258     8          2    4    6    7    1    5    3    8    6    2    4    6    7    8    5    3    8    6    
1          9.425959091337543E-5   12.954248366013074     8          3    1    6    7    2    5    4    8    6    3    5    6    7    8    5    4    8    6    
1          9.425959091337543E-5   12.104575163398694     9          3    5    6    7    8    1    4    9    6    3    5    6    7    8    2    4    9    6    
1          9.425959091337543E-5   11.222222222222223     10         5    6    1    9    2    7    5    10   8    5    6    8    9    3    7    4    10   8    
2          1.8851918182675087E-4  10.575163398692812     8          1    3    4    6    7    3    2    8    5    2    3    4    6    7    3    2    8    5    
1          9.425959091337543E-5   8.509803921568627      11         7    1    8    10   11   2    7    3    9    7    4    8    10   11   5    7    6    9    
1          9.425959091337543E-5   7.732026143790851      9          4    5    6    7    8    5    1    9    2    4    5    6    7    8    5    4    9    3    
1          9.425959091337543E-5   6.725490196078432      10         6    7    1    8    9    7    2    10   3    6    7    4    8    9    7    6    10   5    
1          9.425959091337543E-5   5.738562091503269      10         6    7    8    9    1    7    2    10   3    6    7    8    9    4    7    6    10   5    
1          9.425959091337543E-5   4.816993464052288      7          2    3    4    5    6    3    2    7    4    2    3    4    5    6    3    2    7    1    
1          9.425959091337543E-5   3.764705882352941      8          2    4    5    6    7    4    3    8    5    2    4    5    6    7    4    3    8    1    
1          9.425959091337543E-5   2.9346405228758172     9          3    1    5    7    8    4    3    9    6    3    4    5    7    8    2    3    9    6    
1          9.425959091337543E-5   1.9607843137254903     10         6    7    1    9    2    7    6    10   8    6    7    3    9    4    5    6    10   8    
1          9.425959091337543E-5   1.0                    9          5    1    2    8    3    6    5    9    7    5    6    7    8    4    6    5    9    7    

