count      fraction               similarity             nclusters  pyra3 pella5 pyra2 pella6 pyra1 pella7 pella8 pella9 pyra4 
1658       0.034184862167790354   44255.44444445189      7          6    1    6    2    3    4    7    7    5    
2598       0.05356590585761118    35810.97222223415      7          1    2    6    3    4    5    7    7    6    
2853       0.058823529411764705   32424.527777792857     8          1    2    8    3    4    5    6    7    8    
7584       0.15636790994000124    31949.36111112308      6          5    1    5    2    3    4    6    6    5    
5336       0.11001835013711057    25323.833333341307     8          1    2    3    4    5    6    8    8    7    
2544       0.05245252675202573    24815.3333333423       8          8    1    2    3    4    5    6    7    8    
2286       0.04713304880311746    23051.527777785628     7          6    1    2    3    4    5    7    7    6    
11051      0.22785097214490424    20257.19444444603      9          1    2    3    4    5    6    7    8    9    
5048       0.10408032824065483    9661.833333333649      7          7    1    7    2    3    4    5    6    7    
182        0.003752499948454671   6427.388888889168      7          6    7    1    7    2    3    4    5    6    
415        0.008556524607740047   4247.194444444255      7          1    6    2    6    3    4    7    7    5    
1761       0.03630852972103668    4233.22222222207       8          8    1    8    2    3    4    5    6    7    
627        0.01292756850374219    3953.6111111109317     6          5    6    5    6    1    2    3    4    5    
1717       0.035401331931300385   3087.222222222145      5          3    4    3    4    1    2    5    5    3    
211        0.004350425764417228   1893.6944444444052     6          4    5    4    5    1    2    6    6    3    
223        0.004597843343436218   1750.5833333333126     7          1    7    6    7    2    3    4    5    6    
113        0.0023298488690954825  1479.083333333331      7          6    7    6    7    1    2    3    4    5    
305        0.006288530133399311   1460.3333333333164     6          4    5    1    5    2    3    6    6    4    
451        0.009298777344797015   1382.6388888888785     8          1    8    2    8    3    4    5    6    7    
117        0.002412321395435146   965.5833333333314      6          4    1    5    2    5    3    6    6    4    
385        0.007937980660192573   709.8611111111102      6          1    5    4    5    2    3    6    6    4    
162        0.0033401373167563555  643.2777777777783      7          1    2    6    3    6    4    7    7    5    
17         3.505082369435682E-4   517.6388888888935      7          1    2    3    4    6    5    7    7    6    
165        0.0034019917115111027  464.27777777777993     8          1    2    8    3    8    4    5    6    7    
30         6.185439475474733E-4   318.13888888888965     5          2    4    3    4    3    1    5    5    2    
21         4.329807632832313E-4   270.6944444444453      6          5    1    2    3    4    6    6    6    5    
16         3.298901053586524E-4   263.33333333333337     8          1    2    3    4    8    5    6    7    8    
35         7.216346054720521E-4   242.9166666666672      6          5    1    5    2    3    6    4    6    5    
5          1.0309065792457888E-4  208.3888888888886      8          1    2    3    4    5    8    8    6    7    
26         5.360714212078101E-4   199.5833333333331      8          1    2    3    4    5    8    6    8    7    
39         8.041071318117153E-4   199.1111111111114      4          2    3    2    3    1    4    4    4    2    
101        0.0020824312900764932  169.83333333333343     5          4    1    4    2    3    5    5    5    4    
12         2.474175790189893E-4   166.00000000000017     7          1    7    6    7    6    2    3    4    5    
19         3.917445001133997E-4   165.1944444444444      6          1    5    4    5    4    2    6    6    3    
33         6.803983423022206E-4   163.52777777777783     7          1    2    7    3    7    4    5    6    7    
15         3.0927197377373663E-4  151.5000000000001      7          6    1    2    3    4    7    5    7    6    
12         2.474175790189893E-4   115.52777777777784     5          1    4    3    4    3    2    5    5    3    
10         2.0618131584915775E-4  112.8333333333335      7          7    1    7    2    7    3    4    5    6    
18         3.7112636852848393E-4  92.77777777777786      7          1    2    3    4    5    7    7    7    6    
63         0.001298942289849694   90.27777777777781      7          6    1    7    2    7    3    4    5    6    
14         2.8865384218882084E-4  86.44444444444441      7          1    2    6    3    4    7    5    7    6    
10         2.0618131584915775E-4  78.13888888888889      6          4    1    4    2    5    3    6    6    5    
5          1.0309065792457888E-4  63.72222222222215      6          1    5    2    5    3    6    6    6    4    
16         3.298901053586524E-4   52.19444444444442      6          1    2    5    3    4    6    6    6    5    
3          6.185439475474733E-5   48.55555555555552      5          2    4    3    4    2    1    5    5    3    
8          1.649450526793262E-4   47.05555555555553      7          6    1    6    2    3    7    4    7    5    
34         7.010164738871364E-4   46.972222222222214     6          1    2    5    3    5    4    6    6    5    
13         2.6803571060390506E-4  44.49999999999999      6          5    1    5    2    5    3    6    6    4    
1          2.0618131584915776E-5  41.166666666666636     7          6    1    6    2    3    7    7    4    5    
3          6.185439475474733E-5   37.1111111111111       7          1    6    2    6    3    7    4    7    5    
8          1.649450526793262E-4   36.02777777777778      8          8    1    2    3    8    4    5    6    7    
10         2.0618131584915775E-4  30.333333333333336     6          4    6    5    6    5    1    2    3    4    
4          8.24725263396631E-5    27.944444444444436     7          6    1    7    2    6    3    4    5    7    
11         2.2679944743407354E-4  27.861111111111107     6          5    1    5    2    3    6    6    6    4    
5          1.0309065792457888E-4  23.555555555555557     5          3    4    3    4    1    5    5    5    2    
6          1.2370878950949466E-4  23.08333333333333      5          3    4    1    4    2    5    5    5    3    
2          4.123626316983155E-5   22.972222222222214     5          3    1    4    2    4    5    5    5    3    
7          1.4432692109441042E-4  21.027777777777775     6          4    1    5    2    4    3    6    6    5    
1          2.0618131584915776E-5  20.416666666666664     6          5    6    5    6    5    1    2    3    4    
9          1.8556318426424197E-4  19.194444444444443     6          5    1    5    2    3    6    6    4    5    
1          2.0618131584915776E-5  17.111111111111107     5          3    4    1    4    3    2    5    5    3    
5          1.0309065792457888E-4  15.305555555555555     7          6    1    2    3    6    4    7    7    5    
8          1.649450526793262E-4   14.61111111111111      4          1    3    2    3    2    4    4    4    1    
2          4.123626316983155E-5   14.027777777777775     6          4    5    1    5    2    6    3    6    4    
1          2.0618131584915776E-5  13.083333333333332     5          2    4    2    4    3    1    5    5    3    
1          2.0618131584915776E-5  12.916666666666664     5          2    4    3    1    3    4    5    5    2    
8          1.649450526793262E-4   10.86111111111111      6          5    1    2    3    5    4    6    6    5    
6          1.2370878950949466E-4  9.75                   5          3    4    3    4    1    5    2    5    3    
1          2.0618131584915776E-5  7.638888888888889      5          1    4    3    4    3    5    2    5    3    
2          4.123626316983155E-5   7.611111111111111      5          1    4    3    4    3    5    5    5    2    
3          6.185439475474733E-5   7.583333333333334      5          3    4    3    4    3    1    5    5    2    
1          2.0618131584915776E-5  7.416666666666667      5          4    5    4    5    1    5    2    3    4    
4          8.24725263396631E-5    6.777777777777778      6          1    6    5    6    5    2    3    4    5    
4          8.24725263396631E-5    6.75                   7          6    1    6    2    7    3    4    5    7    
1          2.0618131584915776E-5  6.666666666666667      7          1    6    2    6    3    7    7    4    5    
1          2.0618131584915776E-5  5.666666666666667      5          3    4    3    4    1    4    5    5    2    
1          2.0618131584915776E-5  4.833333333333333      6          1    5    4    5    2    6    6    3    4    
1          2.0618131584915776E-5  4.777777777777778      6          4    1    5    2    5    6    3    6    4    
3          6.185439475474733E-5   3.9722222222222223     4          2    3    2    3    1    3    4    4    2    
1          2.0618131584915776E-5  3.833333333333333      7          1    2    6    3    6    7    4    7    5    
1          2.0618131584915776E-5  3.8055555555555554     6          1    2    3    4    5    6    6    6    5    
1          2.0618131584915776E-5  3.8055555555555554     6          1    2    5    3    5    6    6    4    5    
1          2.0618131584915776E-5  3.7777777777777777     5          3    4    3    4    1    5    5    2    3    
2          4.123626316983155E-5   2.9166666666666665     7          1    2    6    3    4    7    7    5    6    
2          4.123626316983155E-5   2.0                    7          7    1    2    3    7    4    5    6    7    
2          4.123626316983155E-5   2.0                    6          1    2    5    3    5    6    6    6    4    
1          2.0618131584915776E-5  1.9166666666666665     5          2    4    3    4    3    5    1    5    2    
1          2.0618131584915776E-5  1.0                    6          1    5    2    5    4    3    6    6    4    
1          2.0618131584915776E-5  1.0                    6          4    5    1    5    2    6    6    3    4    

