count      fraction               similarity             nclusters  pyra3 pella5 pyra2 pella6 pyra1 pella7 pella8 pella9 pyra4 
15082      0.3109626605636997     41677.944444444984     6          5    1    5    2    3    4    6    6    5    
2990       0.06164821343889817    29829.25000001279      7          1    2    6    3    4    5    7    7    6    
4564       0.0941011525535556     19444.277777783063     8          1    2    3    4    5    6    8    8    7    
3228       0.06655532875610812    19214.7222222251       7          6    1    2    3    4    5    7    7    6    
159        0.0032782829220016083  17966.472222225053     7          6    7    1    7    2    3    4    5    6    
3613       0.0744933094163007     16642.05555555689      5          3    4    3    4    1    2    5    5    3    
5406       0.11146161934805468    14624.555555555928     7          7    1    7    2    3    4    5    6    7    
2892       0.05962763654357642    11445.666666668048     9          1    2    3    4    5    6    7    8    9    
1483       0.030576689140430095   8461.722222222377      8          8    1    2    3    4    5    6    7    8    
1388       0.028617966639863095   6776.52777777795       8          1    2    8    3    4    5    6    7    8    
868        0.017896538215706893   5238.750000000094      8          8    1    8    2    3    4    5    6    7    
1861       0.03837034287952826    4778.666666666563      7          6    1    6    2    3    4    7    7    5    
535        0.01103070039792994    3252.0833333332007     7          1    6    2    6    3    4    7    7    5    
10         2.0618131584915775E-4  2810.0833333332394     7          6    1    2    3    6    4    7    7    5    
753        0.015525453083441578   2554.361111111084      6          5    6    5    6    1    2    3    4    5    
278        0.005731840580606586   2203.055555555491      6          4    5    4    5    1    2    6    6    3    
258        0.00531947794890827    2064.388888888911      7          1    2    6    3    6    4    7    7    5    
148        0.003051483474567535   1768.7499999999884     7          1    7    6    7    2    3    4    5    6    
505        0.010412156450382466   1662.333333333313      6          1    5    4    5    2    3    6    6    4    
296        0.00610296694913507    1525.527777777752      6          4    1    5    2    5    3    6    6    4    
49         0.001010288447660873   1281.9444444444387     6          5    1    2    3    4    6    6    6    5    
515        0.010618337766231624   1144.7499999999984     6          4    5    1    5    2    3    6    6    4    
5          1.0309065792457888E-4  666.5833333333362      8          1    2    3    4    8    5    6    7    8    
251        0.005175151027813859   624.0000000000018      8          1    8    2    8    3    4    5    6    7    
80         0.001649450526793262   616.3888888888899      5          2    4    3    4    3    1    5    5    2    
83         0.0017113049215480094  610.472222222222       7          6    7    6    7    1    2    3    4    5    
255        0.005257623554153523   465.5555555555569      5          4    1    4    2    3    5    5    5    4    
46         9.484340529061256E-4   422.8055555555585      6          5    1    5    2    3    6    4    6    5    
115        0.002371085132265314   422.00000000000233     8          1    2    8    3    8    4    5    6    7    
84         0.0017319230531329252  323.5277777777783      6          1    2    5    3    5    4    6    6    5    
23         4.742170264530628E-4   243.88888888888945     5          1    4    3    4    3    2    5    5    3    
33         6.803983423022206E-4   225.74999999999974     7          1    2    3    4    6    5    7    7    6    
19         3.917445001133997E-4   221.47222222222197     6          4    1    4    2    5    3    6    6    5    
18         3.7112636852848393E-4  207.38888888888937     7          1    7    6    7    6    2    3    4    5    
78         0.0016082142636234305  185.19444444444434     4          2    3    2    3    1    4    4    4    2    
39         8.041071318117153E-4   181.8611111111109      6          1    5    4    5    4    2    6    6    3    
43         8.865796581513783E-4   163.86111111111134     7          1    2    3    4    5    7    7    7    6    
28         5.773076843776417E-4   157.41666666666683     6          5    1    5    2    3    6    6    6    4    
11         2.2679944743407354E-4  156.36111111111111     8          8    1    2    3    8    4    5    6    7    
7          1.4432692109441042E-4  148.11111111111117     7          6    1    2    3    4    7    5    7    6    
33         6.803983423022206E-4   139.86111111111126     7          1    2    7    3    7    4    5    6    7    
13         2.6803571060390506E-4  125.80555555555578     7          7    1    7    2    7    3    4    5    6    
16         3.298901053586524E-4   115.08333333333351     6          4    6    5    6    5    1    2    3    4    
27         5.56689552792726E-4    106.05555555555559     6          1    2    5    3    4    6    6    6    5    
5          1.0309065792457888E-4  98.88888888888899      5          2    4    3    4    2    1    5    5    3    
62         0.001278324158264778   96.1388888888889       7          6    1    7    2    7    3    4    5    6    
13         2.6803571060390506E-4  84.41666666666669      5          3    4    1    4    2    5    5    5    3    
12         2.474175790189893E-4   76.63888888888889      7          1    2    6    3    4    7    5    7    6    
1          2.0618131584915776E-5  67.83333333333327      5          2    4    3    1    3    4    5    5    2    
25         5.154532896228944E-4   61.9722222222222       6          5    1    5    2    5    3    6    6    4    
16         3.298901053586524E-4   57.08333333333328      8          1    2    3    4    5    8    6    8    7    
9          1.8556318426424197E-4  51.80555555555552      6          1    5    2    5    3    6    6    6    4    
19         3.917445001133997E-4   46.61111111111111      6          5    1    2    3    5    4    6    6    5    
1          2.0618131584915776E-5  42.249999999999986     7          1    6    2    3    4    6    7    7    5    
5          1.0309065792457888E-4  41.027777777777764     5          3    4    3    4    1    5    2    5    3    
8          1.649450526793262E-4   39.91666666666666      5          1    4    3    4    2    5    5    5    3    
3          6.185439475474733E-5   34.55555555555554      5          3    4    1    4    3    2    5    5    3    
5          1.0309065792457888E-4  31.916666666666668     6          4    5    1    5    2    6    3    6    4    
4          8.24725263396631E-5    29.69444444444445      7          6    1    7    2    6    3    4    5    7    
19         3.917445001133997E-4   25.694444444444443     6          4    1    5    2    4    3    6    6    5    
2          4.123626316983155E-5   24.361111111111107     6          1    2    5    3    5    6    6    6    4    
5          1.0309065792457888E-4  24.138888888888882     5          3    1    4    2    4    5    5    5    3    
6          1.2370878950949466E-4  23.666666666666668     7          6    1    6    2    7    3    4    5    7    
3          6.185439475474733E-5   21.861111111111104     5          2    4    2    4    3    1    5    5    3    
8          1.649450526793262E-4   20.944444444444443     6          1    6    5    6    5    2    3    4    5    
10         2.0618131584915775E-4  18.388888888888893     6          5    1    5    2    3    6    6    4    5    
4          8.24725263396631E-5    17.833333333333332     7          6    1    6    2    3    7    4    7    5    
4          8.24725263396631E-5    17.77777777777777      5          3    4    3    4    1    5    5    5    2    
11         2.2679944743407354E-4  16.52777777777778      4          1    3    2    3    2    4    4    4    1    
1          2.0618131584915776E-5  13.888888888888886     5          3    4    3    1    2    4    5    5    3    
4          8.24725263396631E-5    13.249999999999998     6          1    5    4    5    2    6    3    6    4    
5          1.0309065792457888E-4  12.472222222222221     6          1    5    2    5    4    3    6    6    4    
1          2.0618131584915776E-5  12.249999999999998     7          6    1    2    3    4    7    7    5    6    
5          1.0309065792457888E-4  11.527777777777777     5          3    4    3    4    3    1    5    5    2    
3          6.185439475474733E-5   11.36111111111111      8          1    2    3    4    5    8    8    6    7    
1          2.0618131584915776E-5  10.305555555555555     5          3    4    3    4    1    4    5    5    2    
1          2.0618131584915776E-5  8.38888888888889       7          1    2    3    4    6    7    5    7    6    
5          1.0309065792457888E-4  7.833333333333334      4          2    3    2    3    1    3    4    4    2    
1          2.0618131584915776E-5  7.4444444444444455     5          1    4    3    4    3    5    2    5    3    
1          2.0618131584915776E-5  7.444444444444445      5          4    5    4    5    1    5    2    3    4    
1          2.0618131584915776E-5  6.583333333333334      6          4    6    4    6    5    1    2    3    5    
2          4.123626316983155E-5   5.722222222222222      6          4    5    1    5    4    2    6    6    3    
1          2.0618131584915776E-5  5.666666666666667      7          1    6    2    6    3    7    4    7    5    
3          6.185439475474733E-5   4.888888888888888      6          4    1    5    2    5    6    3    6    4    
2          4.123626316983155E-5   4.75                   7          7    1    2    3    7    4    5    6    7    
1          2.0618131584915776E-5  4.722222222222222      6          4    5    4    5    1    6    6    2    3    
1          2.0618131584915776E-5  3.8055555555555554     4          1    3    2    3    2    4    4    4    2    
1          2.0618131584915776E-5  3.8055555555555554     7          6    1    6    2    3    7    7    4    5    
1          2.0618131584915776E-5  3.7777777777777772     7          1    7    2    7    6    3    4    5    6    
2          4.123626316983155E-5   2.9722222222222223     5          4    1    4    2    4    3    5    5    4    
1          2.0618131584915776E-5  2.888888888888889      6          1    2    3    4    5    6    6    6    5    
1          2.0618131584915776E-5  2.8611111111111107     5          3    4    3    4    1    5    5    2    3    
1          2.0618131584915776E-5  2.8611111111111107     7          6    7    1    7    6    2    3    4    5    
1          2.0618131584915776E-5  1.9444444444444444     5          1    2    4    3    4    5    5    5    4    
1          2.0618131584915776E-5  1.9166666666666665     5          2    4    3    4    3    5    1    5    2    
1          2.0618131584915776E-5  1.0                    6          1    2    5    3    5    6    6    4    5    
1          2.0618131584915776E-5  1.0                    6          5    6    5    1    2    6    3    4    5    
1          2.0618131584915776E-5  1.0                    6          4    5    1    5    2    6    6    3    4    
1          2.0618131584915776E-5  1.0                    6          6    1    6    2    6    3    4    5    6    
1          2.0618131584915776E-5  1.0                    6          5    6    5    6    5    1    2    3    4    

