count      fraction               similarity             nclusters  pyra3 pella5 pyra2 pella6 pyra1 pella7 pella8 pella9 pyra4 
5319       0.10966784190016701    35401.19444445648      5          4    1    4    2    3    5    5    5    4    
5866       0.12094595987711594    30596.166666679634     4          2    3    2    3    1    4    4    4    2    
13015      0.2683449825776788     28141.527777783354     6          5    1    5    2    3    4    6    6    5    
10709      0.22079957114286303    15068.999999999352     5          3    4    3    4    1    2    5    5    3    
3290       0.0678336529143729     10085.472222223007     5          4    1    4    2    4    3    5    5    4    
2261       0.046617595513494564   6864.055555555543      3          1    2    1    2    1    3    3    3    1    
1699       0.0350302055627719     4584.722222222156      4          3    1    3    2    3    4    4    4    3    
3053       0.06294715572874786    3199.7777777777724     4          2    3    2    3    2    1    4    4    2    
84         0.0017319230531329252  2010.4444444444043     8          1    2    3    4    5    6    8    8    7    
405        0.00835034329189089    2004.1388888888553     7          6    1    2    3    4    5    7    7    6    
117        0.002412321395435146   1812.2499999999877     7          6    1    6    2    3    4    7    7    5    
281        0.005793694975361333   1430.8611111111002     6          4    1    5    2    5    3    6    6    4    
79         0.0016288323952083463  1039.361111111105      6          4    5    4    5    1    2    6    6    3    
112        0.0023092307375105667  1021.6666666666574     5          3    4    1    4    2    5    5    5    3    
16         3.298901053586524E-4   929.4999999999926      7          1    2    3    4    5    7    7    7    6    
132        0.0027215933692088822  878.4722222222135      5          3    1    4    2    4    5    5    5    3    
181        0.0037318818168697553  872.0277777777696      7          7    1    7    2    3    4    5    6    7    
87         0.0017937774478876724  861.6944444444424      6          1    5    4    5    2    3    6    6    4    
238        0.004907115317209955   851.4444444444366      6          4    5    1    5    2    3    6    6    4    
162        0.0033401373167563555  821.6944444444412      7          1    2    6    3    4    5    7    7    6    
33         6.803983423022206E-4   689.8333333333336      5          3    4    3    4    1    5    5    5    2    
218        0.004494752685511639   504.638888888891       5          2    4    3    4    3    1    5    5    2    
31         6.39162079132389E-4    491.00000000000415     7          1    2    6    3    6    4    7    7    5    
125        0.0025772664481144717  464.4166666666697      6          5    1    2    3    4    6    6    6    5    
82         0.0016906867899630935  456.2222222222248      6          5    6    5    6    1    2    3    4    5    
24         4.948351580379786E-4   425.66666666666885     5          2    4    2    4    3    1    5    5    3    
41         8.453433949815467E-4   406.00000000000216     6          5    1    2    3    5    4    6    6    5    
37         7.628708686418837E-4   352.4722222222234      5          1    4    3    4    2    5    5    5    3    
5          1.0309065792457888E-4  333.30555555555657     5          3    1    4    2    3    5    5    5    4    
49         0.001010288447660873   213.41666666666666     6          1    2    5    3    5    4    6    6    5    
130        0.0026803571060390508  211.38888888888889     4          1    3    2    3    2    4    4    4    1    
30         6.185439475474733E-4   210.36111111111094     7          1    6    2    6    3    4    7    7    5    
16         3.298901053586524E-4   208.6666666666666      5          2    4    3    4    2    1    5    5    3    
4          8.24725263396631E-5    196.66666666666697     4          1    3    2    3    1    4    4    4    2    
6          1.2370878950949466E-4  153.72222222222237     6          1    2    5    3    5    6    6    6    4    
57         0.001175233500340199   141.49999999999997     6          1    2    5    3    4    6    6    6    5    
27         5.56689552792726E-4    130.94444444444463     4          1    3    2    3    2    4    4    4    2    
18         3.7112636852848393E-4  130.19444444444463     6          4    1    5    2    4    3    6    6    5    
59         0.0012164697635100308  123.36111111111111     5          1    4    3    4    3    2    5    5    3    
12         2.474175790189893E-4   108.97222222222226     6          1    5    2    5    3    6    6    6    4    
34         7.010164738871364E-4   96.13888888888889      5          3    4    1    4    3    2    5    5    3    
37         7.628708686418837E-4   92.77777777777783      6          5    1    5    2    3    6    6    6    4    
9          1.8556318426424197E-4  89.08333333333337      5          3    4    3    4    3    1    5    5    2    
5          1.0309065792457888E-4  77.52777777777771      5          4    1    4    2    4    5    5    5    3    
26         5.360714212078101E-4   77.1111111111111       6          4    1    4    2    5    3    6    6    5    
1          2.0618131584915776E-5  75.74999999999997      8          1    2    8    3    8    4    5    6    7    
16         3.298901053586524E-4   60.972222222222186     8          8    1    2    3    4    5    6    7    8    
28         5.773076843776417E-4   59.52777777777775      5          4    1    2    3    4    5    5    5    4    
16         3.298901053586524E-4   54.666666666666636     5          4    5    4    5    4    1    2    3    4    
5          1.0309065792457888E-4  41.24999999999998      7          1    2    3    4    6    5    7    7    6    
34         7.010164738871364E-4   38.77777777777777      6          6    1    6    2    6    3    4    5    6    
4          8.24725263396631E-5    37.24999999999999      6          1    5    2    5    4    3    6    6    4    
22         4.535988948681471E-4   33.94444444444445      4          2    3    1    3    2    4    4    4    2    
21         4.329807632832313E-4   33.888888888888886     5          1    2    4    3    4    5    5    5    4    
13         2.6803571060390506E-4  33.69444444444445      6          5    1    5    2    3    6    4    6    5    
6          1.2370878950949466E-4  33.63888888888889      4          2    3    2    3    2    4    4    4    1    
4          8.24725263396631E-5    30.888888888888896     7          6    1    7    2    7    3    4    5    6    
15         3.0927197377373663E-4  29.77777777777778      6          5    1    5    2    5    3    6    6    4    
9          1.8556318426424197E-4  26.583333333333336     6          1    5    4    5    4    2    6    6    3    
10         2.0618131584915775E-4  24.249999999999996     4          1    3    1    3    2    4    4    4    2    
5          1.0309065792457888E-4  22.83333333333333      8          1    2    8    3    4    5    6    7    8    
1          2.0618131584915776E-5  17.777777777777775     7          1    7    6    7    6    2    3    4    5    
9          1.8556318426424197E-4  17.305555555555557     5          3    4    3    4    1    5    2    5    3    
2          4.123626316983155E-5   15.055555555555554     7          1    7    6    7    2    3    4    5    6    
4          8.24725263396631E-5    14.277777777777775     7          6    7    1    7    2    3    4    5    6    
10         2.0618131584915775E-4  11.861111111111112     4          2    3    2    3    1    3    4    4    2    
4          8.24725263396631E-5    11.444444444444445     7          6    1    2    3    6    4    7    7    5    
1          2.0618131584915776E-5  11.138888888888888     4          2    3    2    3    2    4    1    4    2    
1          2.0618131584915776E-5  10.166666666666666     5          2    4    3    1    3    4    5    5    2    
8          1.649450526793262E-4   9.944444444444445      5          3    1    3    2    4    5    5    5    4    
1          2.0618131584915776E-5  8.444444444444445      7          6    1    2    3    4    7    5    7    6    
4          8.24725263396631E-5    7.833333333333334      9          1    2    3    4    5    6    7    8    9    
4          8.24725263396631E-5    6.777777777777778      5          1    4    3    4    3    5    5    5    2    
2          4.123626316983155E-5   4.75                   4          2    3    2    1    2    3    4    4    2    
2          4.123626316983155E-5   3.833333333333333      3          2    3    2    1    2    3    3    3    2    
3          6.185439475474733E-5   3.0                    8          8    1    8    2    3    4    5    6    7    
2          4.123626316983155E-5   2.9444444444444446     5          3    4    3    4    1    5    5    2    3    
2          4.123626316983155E-5   2.9166666666666665     6          1    2    3    4    5    6    6    6    5    
1          2.0618131584915776E-5  2.888888888888889      3          1    2    1    2    1    2    3    3    1    
1          2.0618131584915776E-5  2.833333333333333      4          2    4    3    1    3    4    4    4    2    
2          4.123626316983155E-5   2.0                    4          3    4    3    1    2    4    4    4    3    
1          2.0618131584915776E-5  1.9444444444444444     5          4    1    4    2    4    5    3    5    4    
1          2.0618131584915776E-5  1.0                    2          1    2    1    2    1    2    2    2    1    
1          2.0618131584915776E-5  1.0                    5          4    1    4    2    4    5    5    3    4    
1          2.0618131584915776E-5  1.0                    5          3    4    1    4    3    5    5    5    2    
1          2.0618131584915776E-5  1.0                    6          4    5    1    5    2    6    6    3    4    
1          2.0618131584915776E-5  1.0                    5          3    4    3    1    2    4    5    5    3    
1          2.0618131584915776E-5  1.0                    4          3    1    3    4    2    4    4    4    3    

