count      fraction               similarity             nclusters  e1--0 d1--0 z1--0 y1--0 x1--0 d2--0 e2--0 x2--0 z2--0 e1--1 d1--1 z1--1 y1--1 x1--1 d2--1 e2--1 x2--1 z2--1 
3157       0.4837572785779957     3652.934640522879      5          1    2    3    4    5    2    1    5    3    1    2    3    4    5    2    1    5    3    
2268       0.3475329451425069     2824.5751633987065     4          1    1    2    3    4    1    1    4    2    1    1    2    3    4    1    1    4    2    
451        0.06910818265399939    573.0392156862742      3          1    1    2    2    3    1    1    3    2    1    1    2    2    3    1    1    3    2    
162        0.02482378179589335    482.04575163398766     4          1    2    3    3    4    2    1    4    3    1    2    3    3    4    2    1    4    3    
283        0.043365001532332206   349.0718954248362      6          1    2    3    4    5    2    1    6    3    1    2    3    4    5    2    1    6    3    
116        0.017775053631627336   132.18954248366012     5          1    1    2    3    4    1    1    5    2    1    1    2    3    4    1    1    5    2    
36         0.0055163959546429666  62.98039215686271      6          1    2    3    5    6    2    1    6    4    1    2    3    5    6    2    1    6    4    
4          6.129328838492185E-4   31.93464052287582      7          3    4    5    6    7    4    3    1    5    3    4    5    6    7    4    3    2    5    
5          7.661661048115232E-4   27.797385620915037     7          1    2    3    5    6    2    1    7    4    1    2    3    5    6    2    1    7    4    
1          1.5323322096230462E-4  22.849673202614383     6          2    3    4    5    6    3    2    6    1    2    3    4    5    6    3    2    6    4    
3          4.5969966288691386E-4  21.000000000000004     6          2    3    4    5    6    3    2    6    4    2    3    4    5    6    3    2    6    1    
1          1.5323322096230462E-4  18.104575163398696     7          2    3    4    5    6    3    2    7    4    2    3    4    5    6    3    2    7    1    
6          9.193993257738277E-4   17.418300653594773     6          2    3    4    5    6    3    2    6    4    2    3    4    5    6    3    2    1    4    
1          1.5323322096230462E-4  17.13071895424837      6          1    2    4    5    6    3    1    6    4    1    2    4    5    6    3    1    6    4    
2          3.0646644192460924E-4  15.130718954248367     5          2    2    3    4    5    2    2    5    3    2    2    3    4    5    2    2    5    1    
3          4.5969966288691386E-4  11.444444444444446     6          2    3    4    5    6    3    2    1    4    2    3    4    5    6    3    2    6    4    
5          7.661661048115232E-4   10.673202614379086     4          1    1    2    2    3    1    1    4    2    1    1    2    2    3    1    1    4    2    
2          3.0646644192460924E-4  8.666666666666668      5          2    2    3    4    5    2    2    1    3    2    2    3    4    5    2    2    5    3    
2          3.0646644192460924E-4  8.444444444444445      7          2    3    4    6    7    3    2    7    5    2    3    4    6    7    3    2    1    5    
1          1.5323322096230462E-4  7.4640522875817        3          1    1    2    3    3    1    1    3    2    1    1    2    3    3    1    1    3    2    
1          1.5323322096230462E-4  6.65359477124183       6          3    3    4    5    6    3    3    1    4    3    3    4    5    6    3    3    2    4    
5          7.661661048115232E-4   5.901960784313726      5          1    2    3    3    4    2    1    5    3    1    2    3    3    4    2    1    5    3    
1          1.5323322096230462E-4  5.601307189542484      4          2    2    3    3    4    2    2    4    3    2    2    3    3    4    2    2    1    3    
3          4.5969966288691386E-4  3.980392156862745      5          1    1    2    4    5    1    1    5    3    1    1    2    4    5    1    1    5    3    
3          4.5969966288691386E-4  3.0                    2          1    1    2    2    2    1    1    2    2    1    1    2    2    2    1    1    2    2    
1          1.5323322096230462E-4  1.9869281045751634     7          3    4    1    6    7    4    3    7    5    3    4    2    6    7    4    3    7    5    
1          1.5323322096230462E-4  1.0                    5          3    3    4    4    5    3    3    1    4    3    3    4    4    5    3    3    2    4    
1          1.5323322096230462E-4  1.0                    5          2    2    1    4    5    2    2    5    3    2    2    3    4    5    2    2    5    3    
1          1.5323322096230462E-4  1.0                    6          2    3    1    5    6    3    2    6    4    2    3    4    5    6    3    2    6    4    

