count      fraction               similarity             nclusters  e1--0 d1--0 z1--0 y1--0 x1--0 d2--0 e2--0 x2--0 z2--0 e1--1 d1--1 z1--1 y1--1 x1--1 d2--1 e2--1 x2--1 z2--1 
226        0.03463070793748085    6227.81699346419       8          1    3    5    6    7    4    2    8    5    1    3    5    6    7    4    2    8    5    
131        0.020073551946061908   5937.627450980528      7          1    2    4    5    6    3    1    7    4    1    2    4    5    6    3    1    7    4    
148        0.022678516702421086   5815.091503268137      7          1    3    4    5    6    3    2    7    4    1    3    4    5    6    3    2    7    4    
52         0.00796812749003984    5735.385620915114      10         3    4    6    8    9    5    1    10   7    3    4    6    8    9    5    2    10   7    
1099       0.1684033098375728     5718.869281045891      9          1    3    5    7    8    4    2    9    6    1    3    5    7    8    4    2    9    6    
56         0.008581060373889058   5672.7843137256295     9          3    5    7    8    9    6    4    1    7    3    5    7    8    9    6    4    2    7    
35         0.005363162733680662   5638.503267974021      8          3    5    6    7    8    5    4    1    6    3    5    6    7    8    5    4    2    6    
1          1.5323322096230462E-4  5599.516339869431      12         1    8    9    10   11   2    7    12   3    4    8    9    10   11   5    7    12   6    
14         0.0021452650934722646  4587.18300653607       10         3    5    7    1    9    6    4    10   8    3    5    7    2    9    6    4    10   8    
35         0.005363162733680662   4575.477124183048      9          2    3    5    7    8    4    1    9    6    2    3    5    7    8    4    2    9    6    
2          3.0646644192460924E-4  4516.104575163439      10         5    6    8    1    2    7    5    10   9    5    6    8    3    4    7    5    10   9    
31         0.004750229849831444   4502.261437908573      9          3    4    5    7    8    4    1    9    6    3    4    5    7    8    4    2    9    6    
33         0.005056696291756053   4493.882352941299      10         3    5    7    9    1    6    4    10   8    3    5    7    9    2    6    4    10   8    
534        0.08182653999387067    4467.130718954342      8          1    3    4    6    7    3    2    8    5    1    3    4    6    7    3    2    8    5    
2          3.0646644192460924E-4  4443.692810457557      12         1    7    9    11   12   8    2    3    10   4    7    9    11   12   8    5    6    10   
15         0.0022984983144345695  4432.875816993541      9          3    4    6    7    8    5    1    9    6    3    4    6    7    8    5    2    9    6    
117        0.017928286852589643   3950.509803921672      10         3    5    1    8    9    6    4    10   7    3    5    2    8    9    6    4    10   7    
271        0.041526202880784555   3843.843137254999      10         3    5    7    9    10   6    4    1    8    3    5    7    9    10   6    4    2    8    
137        0.020992951271835734   3570.9215686275165     10         3    5    7    8    9    6    4    10   1    3    5    7    8    9    6    4    10   2    
572        0.08764940239043825    3412.0980392157007     8          1    2    4    6    7    3    1    8    5    1    2    4    6    7    3    1    8    5    
17         0.002604964756359179   3391.8104575163534     11         5    6    8    10   11   7    1    2    9    5    6    8    10   11   7    3    4    9    
27         0.004137296965982225   3246.6535947713196     8          1    3    5    7    8    4    2    8    6    1    3    5    7    8    4    2    8    6    
72         0.011032791909285933   2829.8692810457705     10         3    5    6    8    9    1    4    10   7    3    5    6    8    9    2    4    10   7    
41         0.00628256205945449    2749.457516339889      9          3    4    5    7    8    1    3    9    6    3    4    5    7    8    2    3    9    6    
6          9.193993257738277E-4   2708.9542483660184     9          3    5    6    1    8    5    4    9    7    3    5    6    2    8    5    4    9    7    
32         0.004903463070793748   2702.9542483660025     8          2    3    5    6    7    4    2    8    5    2    3    5    6    7    4    2    8    1    
26         0.00398406374501992    2659.8627450980657     7          2    3    4    5    6    3    2    7    4    2    3    4    5    6    3    2    7    1    
2          3.0646644192460924E-4  2648.8692810457733     8          3    4    1    6    7    4    3    8    5    3    4    5    6    7    4    3    8    2    
35         0.005363162733680662   2627.9999999999886     8          2    4    5    6    7    4    3    8    5    2    4    5    6    7    4    3    8    1    
1          1.5323322096230462E-4  2622.5294117647218     10         1    6    8    9    10   7    5    2    8    5    6    8    9    10   7    5    3    4    
5          7.661661048115232E-4   2610.5098039215973     9          4    5    7    8    9    6    4    1    7    4    5    7    8    9    6    4    2    3    
7          0.0010726325467361323  2609.124183006537      9          5    6    1    7    8    6    5    9    2    5    6    3    7    8    6    5    9    4    
4          6.129328838492185E-4   2599.620915032643      9          3    5    6    8    9    1    4    9    7    3    5    6    8    9    2    4    9    7    
106        0.01624272142200429    2598.9803921568773     9          3    5    6    8    9    5    4    1    7    3    5    6    8    9    5    4    2    7    
10         0.0015323322096230463  2588.6143790849806     9          5    6    7    8    9    6    5    1    2    5    6    7    8    9    6    5    3    4    
1          1.5323322096230462E-4  2571.6601307189753     11         6    7    9    10   11   8    6    1    2    3    7    9    10   11   8    6    4    5    
1          1.5323322096230462E-4  2563.2352941176546     9          1    5    6    7    8    5    4    9    6    2    5    6    7    8    5    4    9    3    
2          3.0646644192460924E-4  2553.2614379085353     12         7    8    1    10   11   9    2    12   3    7    8    4    10   11   9    5    12   6    
1          1.5323322096230462E-4  2523.352941176475      10         7    8    9    10   1    8    7    2    9    3    8    9    10   4    8    7    5    6    
42         0.006435795280416794   2494.758169934633      11         5    7    9    10   11   8    6    1    2    5    7    9    10   11   8    6    3    4    
14         0.0021452650934722646  2446.2810457516157     11         5    7    9    11   1    8    6    2    10   5    7    9    11   3    8    6    4    10   
17         0.002604964756359179   2430.6470588235234     9          3    5    6    8    1    5    4    9    7    3    5    6    8    2    5    4    9    7    
69         0.010573092246399018   2415.3006535947834     8          3    4    5    7    8    4    3    1    6    3    4    5    7    8    4    3    2    6    
35         0.005363162733680662   2349.607843137226      11         5    7    8    10   11   1    6    2    9    5    7    8    10   11   3    6    4    9    
3          4.5969966288691386E-4  2313.6405228758017     8          2    4    5    7    8    4    3    8    6    2    4    5    7    8    4    3    1    6    
35         0.005363162733680662   2303.882352941149      11         5    7    1    10   11   8    6    2    9    5    7    3    10   11   8    6    4    9    
5          7.661661048115232E-4   2299.875816993468      9          2    4    6    8    9    5    3    9    7    2    4    6    8    9    5    3    1    7    
9          0.0013790989886607416  2299.405228758178      10         5    7    8    10   1    7    6    2    9    5    7    8    10   3    7    6    4    9    
12         0.0018387986515476554  2254.228758169937      10         5    7    8    9    10   7    6    1    2    5    7    8    9    10   7    6    3    4    
314        0.048115231382163656   2253.9477124182954     7          1    2    3    5    6    2    1    7    4    1    2    3    5    6    2    1    7    4    
10         0.0015323322096230463  2246.6666666666733     12         7    9    10   12   1    2    8    3    11   7    9    10   12   4    5    8    6    11   
1          1.5323322096230462E-4  2192.06535947713       13         9    1    11   2    13   10   3    4    12   9    5    11   6    13   10   7    8    12   
2          3.0646644192460924E-4  1969.2352941176325     7          2    4    5    6    7    4    3    7    5    2    4    5    6    7    4    3    1    5    
5          7.661661048115232E-4   1945.653594771225      11         5    7    9    1    11   8    6    2    10   5    7    9    3    11   8    6    4    10   
55         0.008427827152926755   1938.209150326793      9          3    5    6    7    8    5    4    9    1    3    5    6    7    8    5    4    9    2    
27         0.004137296965982225   1886.8104575163284     10         5    6    8    9    10   7    5    1    2    5    6    8    9    10   7    5    3    4    
8          0.001225865767698437   1872.7320261437892     9          2    3    5    7    8    4    2    9    6    1    3    5    7    8    4    2    9    6    
1          1.5323322096230462E-4  1868.5228758169915     12         7    9    10   1    12   2    8    3    11   7    9    10   4    12   5    8    6    11   
36         0.0055163959546429666  1859.1372549019636     10         1    4    6    8    9    5    3    10   7    2    4    6    8    9    5    3    10   7    
66         0.010113392583512106   1816.8169934640484     9          3    4    6    7    8    5    3    9    1    3    4    6    7    8    5    3    9    2    
5          7.661661048115232E-4   1788.4771241829947     9          5    6    7    9    1    6    5    2    8    5    6    7    9    3    6    5    4    8    
17         0.002604964756359179   1751.0915032679625     11         5    7    8    9    10   1    6    11   2    5    7    8    9    10   3    6    11   4    
2          3.0646644192460924E-4  1748.934640522864      11         5    7    9    1    10   8    6    11   2    5    7    9    3    10   8    6    11   4    
123        0.01884768617836347    1731.5424836601276     9          3    4    6    8    9    5    3    1    7    3    4    6    8    9    5    3    2    7    
1          1.5323322096230462E-4  1716.8888888888828     10         5    6    8    1    9    7    5    10   2    5    6    8    3    9    7    5    10   4    
12         0.0018387986515476554  1612.1699346405148     11         1    6    8    10   11   7    5    2    9    3    6    8    10   11   7    5    4    9    
1          1.5323322096230462E-4  1588.0261437908368     11         6    1    8    9    10   7    6    11   2    3    4    8    9    10   7    6    11   5    
3          4.5969966288691386E-4  1586.8888888888805     10         4    5    7    8    9    6    4    10   1    2    5    7    8    9    6    4    10   3    
34         0.005209929512718358   1579.7647058823445     8          3    4    5    6    7    4    3    8    1    3    4    5    6    7    4    3    8    2    
19         0.0029114311982837877  1555.3594771241794     10         5    6    1    9    10   7    5    2    8    5    6    3    9    10   7    5    4    8    
6          9.193993257738277E-4   1547.9607843137182     11         5    1    8    10   11   7    6    2    9    5    3    8    10   11   7    6    4    9    
1          1.5323322096230462E-4  1529.725490196073      10         5    7    8    1    9    7    6    10   2    5    7    8    3    9    7    6    10   4    
16         0.002451731535396874   1519.5032679738517     8          3    4    1    6    7    4    3    8    5    3    4    2    6    7    4    3    8    5    
62         0.009500459699662888   1519.1045751633972     9          3    4    1    7    8    5    3    9    6    3    4    2    7    8    5    3    9    6    
29         0.004443763407906834   1458.562091503265      11         5    7    1    9    10   8    6    11   2    5    7    3    9    10   8    6    11   4    
1          1.5323322096230462E-4  1450.1699346405185     10         1    4    6    8    9    5    2    10   7    3    4    6    8    9    5    3    10   7    
2          3.0646644192460924E-4  1449.725490196072      10         4    5    1    8    9    6    4    10   7    2    5    3    8    9    6    4    10   7    
10         0.0015323322096230463  1436.7124183006515     9          5    6    1    8    9    6    5    2    7    5    6    3    8    9    6    5    4    7    
13         0.00199203187250996    1428.712418300649      9          2    4    6    9    7    5    3    8    6    2    4    1    9    7    5    3    8    6    
3          4.5969966288691386E-4  1408.9607843137167     8          2    4    5    6    7    4    3    8    5    2    4    1    6    7    4    3    8    5    
1          1.5323322096230462E-4  1402.5032679738538     10         5    1    2    8    9    6    5    10   7    5    3    4    8    9    6    5    10   7    
1          1.5323322096230462E-4  1393.3267973856164     10         1    5    7    8    9    6    4    10   2    3    5    7    8    9    6    4    10   7    
47         0.007201961385228318   1391.862745098036      9          2    4    5    7    8    4    3    9    6    2    4    5    7    8    1    3    9    6    
27         0.004137296965982225   1372.3006535947645     8          3    4    6    7    8    5    3    1    6    3    4    6    7    8    5    3    2    6    
3          4.5969966288691386E-4  1329.3464052287584     10         4    6    1    8    9    6    5    10   7    4    6    2    8    9    3    5    10   7    
1          1.5323322096230462E-4  1306.4052287581687     12         7    8    9    10   11   1    2    12   3    7    8    9    10   11   4    5    12   6    
103        0.015783021759117378   1297.13725490196       6          1    2    3    4    5    2    1    6    3    1    2    3    4    5    2    1    6    3    
14         0.0021452650934722646  1236.2418300653605     11         5    6    8    9    10   7    1    11   2    5    6    8    9    10   7    3    11   4    
71         0.010879558688323628   1229.0130718954194     9          2    4    6    7    8    5    3    9    6    2    4    6    7    8    5    3    9    1    
4          6.129328838492185E-4   1211.3790849673214     7          3    4    5    6    7    4    3    7    1    3    4    5    6    7    4    3    7    2    
2          3.0646644192460924E-4  1207.9607843137223     12         7    1    2    10   11   9    8    12   3    7    4    5    10   11   9    8    12   6    
7          0.0010726325467361323  1133.2875816993446     8          2    3    5    6    7    4    1    8    5    2    3    5    6    7    4    2    8    5    
1          1.5323322096230462E-4  1131.6993464052264     10         4    5    7    9    1    6    2    10   8    4    5    7    9    3    6    4    10   8    
7          0.0010726325467361323  1129.6797385620903     9          1    4    6    7    8    5    3    9    6    2    4    6    7    8    5    3    9    6    
25         0.003830830524057616   1123.5294117647038     8          2    3    4    6    7    3    2    8    5    2    3    4    6    7    1    2    8    5    
8          0.001225865767698437   1117.7385620915038     10         5    6    7    9    10   1    5    2    8    5    6    7    9    10   3    5    4    8    
6          9.193993257738277E-4   1103.0130718954233     7          2    3    4    5    6    3    2    7    4    2    3    4    5    6    1    2    7    4    
6          9.193993257738277E-4   1087.7189542483666     10         4    5    7    8    9    6    1    10   2    4    5    7    8    9    6    4    10   3    
1          1.5323322096230462E-4  1087.1633986928098     10         6    7    9    10   1    8    2    3    9    6    7    9    10   4    8    6    5    9    
14         0.0021452650934722646  1082.6666666666658     8          2    3    4    6    7    3    1    8    5    2    3    4    6    7    3    2    8    5    
8          0.001225865767698437   1079.8235294117642     10         4    5    1    8    9    6    2    10   7    4    5    3    8    9    6    4    10   7    
2          3.0646644192460924E-4  1075.9215686274515     9          4    5    6    7    8    5    1    9    2    4    5    6    7    8    5    4    9    3    
1          1.5323322096230462E-4  1068.2156862745082     10         4    5    7    1    9    6    2    10   8    4    5    7    3    9    6    4    10   8    
8          0.001225865767698437   1047.4640522875804     8          2    3    5    6    7    4    2    8    5    2    3    1    6    7    4    2    8    5    
14         0.0021452650934722646  1044.967320261438      8          3    4    5    7    1    4    3    8    6    3    4    5    7    2    4    3    8    6    
5          7.661661048115232E-4   1041.8888888888887     8          2    3    4    6    7    1    2    8    5    2    3    4    6    7    3    2    8    5    
3          4.5969966288691386E-4  1021.3006535947753     9          4    5    6    7    8    5    4    9    1    4    5    6    7    8    2    4    9    3    
20         0.0030646644192460926  1020.4444444444453     9          3    5    6    7    8    1    4    9    6    3    5    6    7    8    2    4    9    6    
1          1.5323322096230462E-4  1014.1568627450997     10         5    6    8    9    1    7    5    10   2    5    6    3    9    4    7    5    10   8    
9          0.0013790989886607416  1010.1045751633995     10         5    7    1    9    10   7    6    2    8    5    7    3    9    10   7    6    4    8    
1          1.5323322096230462E-4  1006.8627450980399     10         5    1    2    8    9    3    5    10   7    5    6    4    8    9    6    5    10   7    
37         0.0056696291756052715  1002.3071895424871     9          3    5    1    7    8    5    4    9    6    3    5    2    7    8    5    4    9    6    
1          1.5323322096230462E-4  984.5555555555549      9          5    6    7    8    9    1    5    2    7    5    6    7    8    9    3    5    4    7    
6          9.193993257738277E-4   974.2418300653578      9          2    1    5    7    8    4    3    9    6    2    4    5    7    8    4    3    9    6    
8          0.001225865767698437   967.2679738562106      9          3    5    7    8    9    6    4    9    1    3    5    7    8    9    6    4    9    2    
10         0.0015323322096230463  956.1372549019591      9          2    4    5    7    8    4    3    9    6    2    1    5    7    8    4    3    9    6    
5          7.661661048115232E-4   955.3398692810466      10         4    6    7    9    10   6    5    1    8    4    2    7    9    10   6    5    3    8    
2          3.0646644192460924E-4  954.1895424836603      10         4    1    7    9    2    6    5    10   8    4    6    7    9    3    6    5    10   8    
4          6.129328838492185E-4   948.1307189542486      10         4    5    6    8    9    5    1    10   7    4    2    6    8    9    5    3    10   7    
1          1.5323322096230462E-4  939.6601307189552      11         6    7    8    10   11   7    1    2    9    6    3    8    10   11   7    4    5    9    
16         0.002451731535396874   937.7124183006539      10         3    1    6    8    9    5    4    10   7    3    2    6    8    9    5    4    10   7    
2          3.0646644192460924E-4  937.3529411764722      10         3    1    6    8    9    5    4    10   7    3    5    6    8    9    2    4    10   7    
1          1.5323322096230462E-4  930.8104575163397      9          1    3    5    7    8    4    2    9    6    1    4    5    7    8    3    2    9    6    
1          1.5323322096230462E-4  922.4052287581693      11         5    7    8    1    10   7    6    11   9    5    2    8    3    10   4    6    11   9    
8          0.001225865767698437   905.0261437908497      9          3    4    6    1    8    5    3    9    7    3    4    6    2    8    5    3    9    7    
3          4.5969966288691386E-4  901.8235294117657      10         4    5    6    8    9    5    1    10   7    4    5    6    8    9    2    3    10   7    
10         0.0015323322096230463  901.1503267973866      10         4    6    7    9    10   6    5    1    8    4    6    7    9    10   2    5    3    8    
1          1.5323322096230462E-4  899.6274509803906      12         7    1    9    11   2    8    3    12   10   7    8    9    11   4    5    6    12   10   
1          1.5323322096230462E-4  897.0653594771248      8          3    4    5    6    7    4    1    8    5    3    2    5    6    7    4    3    8    5    
7          0.0010726325467361323  892.8169934640515      9          1    3    5    7    8    4    2    9    6    2    3    5    7    8    4    2    9    6    
2          3.0646644192460924E-4  890.9281045751618      11         7    8    1    10   11   8    2    3    9    7    8    4    10   11   8    5    6    9    
1          1.5323322096230462E-4  887.6993464052326      8          2    4    5    7    8    4    3    8    6    2    1    5    7    8    4    3    8    6    
1          1.5323322096230462E-4  886.4901960784309      10         5    1    6    8    9    2    5    10   7    5    3    6    8    9    4    5    10   7    
1          1.5323322096230462E-4  876.444444444445       8          1    3    4    6    7    3    2    8    5    2    3    4    6    7    3    2    8    5    
2          3.0646644192460924E-4  876.1830065359474      10         1    5    2    8    9    6    4    10   7    4    5    3    8    9    6    4    10   7    
1          1.5323322096230462E-4  872.0196078431379      8          1    3    5    6    7    4    2    8    5    2    3    5    6    7    4    2    8    5    
10         0.0015323322096230463  871.9477124183018      10         4    6    7    8    9    6    5    10   1    4    6    7    8    9    2    5    10   3    
1          1.5323322096230462E-4  870.9934640522895      11         7    8    9    11   1    8    2    3    10   7    4    9    11   5    8    7    6    10   
1          1.5323322096230462E-4  861.248366013074       10         1    7    2    8    9    7    6    10   3    6    7    4    8    9    7    6    10   5    
2          3.0646644192460924E-4  859.5294117647048      13         9    11   1    2    13   12   10   3    4    9    11   5    6    13   12   10   7    8    
1          1.5323322096230462E-4  859.4248366013065      9          1    5    6    8    2    5    4    9    7    4    5    6    8    3    5    4    9    7    
1          1.5323322096230462E-4  859.3725490196076      7          1    3    4    5    6    3    2    7    4    2    3    4    5    6    3    2    7    4    
6          9.193993257738277E-4   859.320261437908       8          2    4    5    6    7    4    3    8    5    2    4    5    6    7    1    3    8    5    
1          1.5323322096230462E-4  858.4575163398699      10         4    6    7    1    9    6    5    10   8    4    6    7    2    9    3    5    10   8    
7          0.0010726325467361323  857.8431372548995      9          2    4    1    7    8    5    3    9    6    2    4    6    7    8    5    3    9    6    
4          6.129328838492185E-4   854.183006535949       11         5    7    1    10   2    8    6    11   9    5    7    3    10   4    8    6    11   9    
3          4.5969966288691386E-4  849.1830065359487      10         5    7    9    10   1    8    6    2    9    5    7    9    10   3    8    6    4    9    
1          1.5323322096230462E-4  848.2091503267969      11         1    8    2    10   11   8    7    3    9    4    8    5    10   11   8    7    6    9    
4          6.129328838492185E-4   843.8039215686264      9          2    3    5    7    8    4    2    9    6    2    3    5    7    8    4    1    9    6    
2          3.0646644192460924E-4  837.6993464052298      11         5    7    1    2    10   8    6    11   9    5    7    3    4    10   8    6    11   9    
4          6.129328838492185E-4   836.0261437908496      10         4    6    1    9    10   7    5    2    8    4    6    8    9    10   7    5    3    8    
1          1.5323322096230462E-4  828.8692810457522      12         7    1    9    11   2    8    3    12   10   7    4    9    11   5    8    6    12   10   
15         0.0022984983144345695  815.0065359477111      10         5    6    1    8    9    7    5    10   2    5    6    3    8    9    7    5    10   4    
2          3.0646644192460924E-4  813.9477124183027      11         6    7    8    10   11   1    6    2    9    6    7    8    10   11   3    4    5    9    
1          1.5323322096230462E-4  811.1960784313726      12         8    9    10   11   12   1    8    2    3    8    9    10   11   12   4    5    6    7    
1          1.5323322096230462E-4  806.8888888888889      9          1    5    2    8    9    6    4    9    7    4    5    3    8    9    6    4    9    7    
2          3.0646644192460924E-4  806.3202614379072      8          3    5    6    1    7    5    4    8    6    3    5    6    2    7    5    4    8    6    
1          1.5323322096230462E-4  804.5163398692803      11         7    8    1    2    11   9    7    3    10   7    8    4    5    11   9    7    6    10   
13         0.00199203187250996    802.9607843137247      10         4    5    7    9    10   6    1    2    8    4    5    7    9    10   6    4    3    8    
1          1.5323322096230462E-4  796.313725490195       13         10   11   12   13   1    2    10   3    4    10   11   12   13   5    6    7    8    9    
1          1.5323322096230462E-4  793.2745098039213      12         8    9    1    11   2    10   8    12   3    8    9    4    11   5    10   6    12   7    
3          4.5969966288691386E-4  792.5490196078425      12         7    9    10   11   12   1    8    2    3    7    9    10   11   12   4    8    5    6    
1          1.5323322096230462E-4  792.5032679738563      10         1    7    2    9    10   3    6    10   8    6    7    4    9    10   5    6    10   8    
7          0.0010726325467361323  788.2352941176475      10         4    6    7    8    9    1    5    10   7    4    6    7    8    9    2    5    10   3    
1          1.5323322096230462E-4  786.8169934640517      11         6    7    8    10   1    7    2    11   9    6    7    8    10   3    4    5    11   9    
1          1.5323322096230462E-4  782.5228758169934      12         1    9    10   11   2    9    8    12   3    4    9    10   11   5    6    8    12   7    
4          6.129328838492185E-4   779.0980392156878      11         6    8    9    10   11   1    7    2    9    6    8    9    10   11   3    7    4    5    
1          1.5323322096230462E-4  771.9803921568644      12         8    10   11   12   1    2    9    3    11   8    10   11   12   4    5    9    6    7    
9          0.0013790989886607416  768.7843137254902      9          4    6    7    8    9    6    5    1    7    4    6    7    8    9    6    5    2    3    
13         0.00199203187250996    767.8954248365999      12         7    9    1    11   12   10   8    2    3    7    9    4    11   12   10   8    5    6    
1          1.5323322096230462E-4  765.4705882352953      10         1    5    7    8    9    6    4    10   7    2    5    7    8    9    6    4    10   3    
1          1.5323322096230462E-4  764.9869281045767      11         1    7    8    9    10   2    6    11   8    3    7    8    9    10   4    6    11   5    
1          1.5323322096230462E-4  757.1830065359459      7          1    3    5    6    7    4    2    7    5    2    3    5    6    7    4    2    7    5    
3          4.5969966288691386E-4  754.5294117647056      10         5    7    8    9    1    7    6    10   2    5    7    8    9    3    7    6    10   4    
1          1.5323322096230462E-4  749.5555555555558      9          3    4    6    7    8    5    3    9    6    3    4    1    7    8    5    3    9    2    
4          6.129328838492185E-4   744.1764705882354      11         5    7    1    10   11   8    6    2    9    5    7    9    10   11   8    6    3    4    
1          1.5323322096230462E-4  743.5620915032694      10         4    5    7    8    9    6    4    10   7    1    5    2    8    9    6    4    10   3    
1          1.5323322096230462E-4  741.7516339869279      11         5    7    1    10   2    8    6    11   9    5    7    9    10   3    8    6    11   4    
2          3.0646644192460924E-4  736.8431372549018      8          3    4    5    6    7    4    3    8    5    3    4    1    6    7    4    3    8    2    
2          3.0646644192460924E-4  730.9346405228758      12         7    9    1    12   2    10   8    3    11   7    9    11   12   4    10   8    5    6    
2          3.0646644192460924E-4  727.6209150326791      11         6    8    10   11   1    9    7    2    10   6    8    10   11   3    9    7    4    5    
18         0.0027581979773214833  723.7450980392147      10         4    6    8    9    10   7    5    1    8    4    6    8    9    10   7    5    2    3    
3          4.5969966288691386E-4  722.9281045751634      10         5    6    8    9    1    7    5    10   2    5    6    8    9    3    7    5    10   4    
2          3.0646644192460924E-4  721.928104575162       11         7    8    1    10   2    3    7    11   9    7    8    4    10   5    6    7    11   9    
5          7.661661048115232E-4   717.1960784313725      10         5    6    1    9    10   7    5    2    8    5    6    8    9    10   7    5    3    4    
2          3.0646644192460924E-4  712.7777777777767      11         1    6    8    9    10   7    5    11   2    3    6    8    9    10   7    5    11   4    
1          1.5323322096230462E-4  705.4379084967313      13         9    11   1    12   2    3    10   13   4    9    11   5    12   6    7    10   13   8    
3          4.5969966288691386E-4  703.7647058823525      12         7    8    10   11   12   9    1    2    3    7    8    10   11   12   9    4    5    6    
1          1.5323322096230462E-4  702.9150326797389      11         7    9    1    11   2    9    8    3    10   7    9    10   11   4    9    8    5    6    
1          1.5323322096230462E-4  701.9084967320251      12         1    10   11   2    12   10   9    3    4    5    10   11   6    12   10   9    7    8    
22         0.003371130861170702   700.2222222222211      9          3    4    6    8    1    5    3    9    7    3    4    6    8    2    5    3    9    7    
11         0.001685565430585351   696.2745098039197      9          2    4    5    7    8    1    3    9    6    2    4    5    7    8    4    3    9    6    
1          1.5323322096230462E-4  680.3398692810453      11         7    1    2    10   11   8    7    3    9    7    4    9    10   11   8    7    5    6    
2          3.0646644192460924E-4  674.6339869281052      14         11   12   1    14   2    13   3    4    5    11   12   6    14   7    13   8    9    10   
5          7.661661048115232E-4   673.2941176470582      10         4    6    1    8    9    2    5    10   7    4    6    3    8    9    6    5    10   7    
1          1.5323322096230462E-4  667.4705882352926      10         4    6    7    9    1    2    5    10   8    4    6    7    9    3    6    5    10   8    
3          4.5969966288691386E-4  651.7647058823521      9          4    5    6    8    9    1    4    2    7    4    5    6    8    9    5    4    3    7    
1          1.5323322096230462E-4  648.3006535947712      10         7    8    9    1    2    8    7    3    10   7    8    9    4    5    8    7    6    10   
2          3.0646644192460924E-4  638.5751633986928      9          4    5    1    7    8    2    4    9    6    4    5    3    7    8    5    4    9    6    
4          6.129328838492185E-4   637.8692810457499      10         4    6    7    9    10   1    5    2    8    4    6    7    9    10   6    5    3    8    
7          0.0010726325467361323  636.7712418300655      10         5    6    8    10   1    7    5    2    9    5    6    8    10   3    7    5    4    9    
9          0.0013790989886607416  632.4183006535941      8          3    4    5    6    7    1    3    8    5    3    4    5    6    7    2    3    8    5    
2          3.0646644192460924E-4  629.5882352941173      11         5    7    8    10   1    2    6    11   9    5    7    8    10   3    4    6    11   9    
3          4.5969966288691386E-4  628.1830065359466      11         7    8    1    10   11   9    7    2    3    7    8    4    10   11   9    7    5    6    
3          4.5969966288691386E-4  627.2091503267962      11         1    6    7    9    10   2    5    11   8    3    6    7    9    10   4    5    11   8    
2          3.0646644192460924E-4  625.3267973856196      11         7    8    1    9    10   2    7    11   3    7    8    4    9    10   5    7    11   6    
1          1.5323322096230462E-4  625.0784313725478      9          3    5    6    7    8    1    4    9    6    3    5    6    7    8    5    4    9    2    
2          3.0646644192460924E-4  622.6732026143785      11         7    8    1    10   2    9    7    11   3    7    8    4    10   5    9    7    11   6    
1          1.5323322096230462E-4  621.2222222222208      10         1    5    6    8    9    2    4    10   7    4    5    6    8    9    3    4    10   7    
2          3.0646644192460924E-4  621.1176470588227      9          3    5    6    7    8    5    4    9    6    3    5    1    7    8    5    4    9    2    
4          6.129328838492185E-4   620.1699346405226      10         5    6    7    8    9    1    5    10   2    5    6    7    8    9    3    5    10   4    
1          1.5323322096230462E-4  618.7516339869275      10         3    5    1    8    9    6    4    10   7    3    5    7    8    9    6    4    10   2    
1          1.5323322096230462E-4  614.9084967320237      7          2    3    4    5    6    3    2    7    4    2    3    1    5    6    3    2    7    4    
2          3.0646644192460924E-4  613.0588235294102      11         7    8    9    10   11   1    7    2    3    7    8    9    10   11   4    7    5    6    
2          3.0646644192460924E-4  611.9411764705864      10         7    8    1    10   2    8    7    3    9    7    8    4    10   5    8    7    6    9    
3          4.5969966288691386E-4  609.5228758169934      10         5    6    7    9    1    2    5    10   8    5    6    7    9    3    4    5    10   8    
1          1.5323322096230462E-4  607.3986928104567      10         4    1    7    8    9    6    5    10   7    4    2    7    8    9    6    5    10   3    
5          7.661661048115232E-4   605.901960784313       11         5    6    1    9    10   7    2    11   8    5    6    3    9    10   7    4    11   8    
2          3.0646644192460924E-4  605.6143790849665      10         4    6    8    1    9    7    5    10   8    4    6    8    2    9    7    5    10   3    
2          3.0646644192460924E-4  602.915032679738       8          2    4    5    6    7    4    3    8    5    2    1    5    6    7    4    3    8    5    
2          3.0646644192460924E-4  597.2287581699335      8          4    5    6    7    8    5    4    1    6    4    5    6    7    8    5    4    2    3    
1          1.5323322096230462E-4  590.1241830065358      9          4    1    7    8    9    6    5    2    7    4    6    7    8    9    6    5    3    7    
1          1.5323322096230462E-4  589.2810457516342      9          4    5    6    7    8    1    4    9    6    4    5    6    7    8    2    4    9    3    
1          1.5323322096230462E-4  588.2875816993454      11         7    9    10   11   1    2    8    3    10   7    9    10   11   4    5    8    6    10   
1          1.5323322096230462E-4  586.2091503267966      10         6    7    8    9    10   1    6    2    8    6    7    8    9    10   3    6    4    5    
1          1.5323322096230462E-4  574.4640522875798      9          3    1    6    7    8    5    4    9    6    3    5    6    7    8    5    4    9    2    
6          9.193993257738277E-4   574.4117647058811      12         7    9    1    11   12   2    8    3    10   7    9    4    11   12   5    8    6    10   
2          3.0646644192460924E-4  574.3137254901951      12         1    8    9    11   12   2    7    3    10   4    8    9    11   12   5    7    6    10   
1          1.5323322096230462E-4  574.0915032679729      10         5    7    8    9    1    2    6    10   8    5    7    8    9    3    4    6    10   8    
3          4.5969966288691386E-4  572.0653594771234      8          1    4    5    6    7    4    3    8    5    2    4    5    6    7    4    3    8    5    
1          1.5323322096230462E-4  566.4640522875801      10         1    6    7    8    9    6    5    10   7    2    3    7    8    9    4    5    10   7    
7          0.0010726325467361323  565.1633986928097      8          3    4    5    6    7    4    1    8    5    3    4    5    6    7    4    2    8    5    
2          3.0646644192460924E-4  561.2287581699339      9          5    6    1    8    2    6    5    9    7    5    6    3    8    4    6    5    9    7    
3          4.5969966288691386E-4  558.59477124183        8          2    1    5    6    7    4    3    8    5    2    4    5    6    7    4    3    8    5    
14         0.0021452650934722646  557.241830065358       8          2    4    1    6    7    4    3    8    5    2    4    5    6    7    4    3    8    5    
1          1.5323322096230462E-4  556.320261437907       9          1    5    6    7    8    5    4    9    6    2    5    6    7    8    3    4    9    6    
3          4.5969966288691386E-4  556.1960784313712      9          5    6    7    8    9    6    1    2    7    5    6    7    8    9    6    3    4    7    
5          7.661661048115232E-4   555.9346405228757      9          3    1    6    7    8    5    4    9    6    3    2    6    7    8    5    4    9    6    
1          1.5323322096230462E-4  554.411764705881       12         1    2    9    11   12   8    3    4    10   5    8    9    11   12   8    6    7    10   
1          1.5323322096230462E-4  551.8169934640515      10         1    7    8    9    10   7    6    2    8    3    7    8    9    10   4    6    5    8    
1          1.5323322096230462E-4  547.8954248366001      10         4    1    7    8    9    6    5    10   7    4    6    2    8    9    3    5    10   7    
1          1.5323322096230462E-4  541.1699346405219      10         4    1    2    8    9    6    5    10   7    4    6    3    8    9    6    5    10   7    
9          0.0013790989886607416  536.2810457516331      10         5    6    7    9    10   6    1    2    8    5    6    7    9    10   6    3    4    8    
1          1.5323322096230462E-4  536.1307189542474      9          4    1    2    7    8    5    4    9    6    4    5    3    7    8    5    4    9    6    
2          3.0646644192460924E-4  535.3202614379084      8          3    4    1    7    8    5    3    8    6    3    4    2    7    8    5    3    8    6    
1          1.5323322096230462E-4  534.3398692810446      9          1    2    6    7    8    5    4    9    6    3    5    6    7    8    5    4    9    6    
1          1.5323322096230462E-4  533.8758169934632      12         7    1    9    11   12   8    2    3    10   7    4    9    11   12   8    5    6    10   
1          1.5323322096230462E-4  532.70588235294        10         6    7    8    9    1    7    2    10   8    6    7    8    9    3    4    5    10   8    
2          3.0646644192460924E-4  531.8300653594752      8          3    1    5    6    7    4    3    8    5    3    2    5    6    7    4    3    8    5    
4          6.129328838492185E-4   529.0915032679734      12         7    8    10   12   1    9    2    3    11   7    8    10   12   4    9    5    6    11   
1          1.5323322096230462E-4  525.0784313725485      9          3    1    6    7    8    5    4    9    6    3    5    6    7    8    2    4    9    6    
2          3.0646644192460924E-4  521.3071895424829      10         5    6    7    9    1    6    2    10   8    5    6    7    9    3    6    4    10   8    
3          4.5969966288691386E-4  519.7516339869275      8          1    2    4    6    7    3    1    8    5    1    3    4    6    7    2    1    8    5    
1          1.5323322096230462E-4  513.4052287581687      10         1    8    9    10   2    8    7    3    9    4    8    9    10   5    8    7    6    9    
17         0.002604964756359179   495.8758169934625      7          1    3    4    6    7    3    2    7    5    1    3    4    6    7    3    2    7    5    
3          4.5969966288691386E-4  482.45098039215594     12         7    8    1    11   12   9    2    3    10   7    8    4    11   12   9    5    6    10   
2          3.0646644192460924E-4  479.06535947712285     9          1    3    5    7    8    4    1    9    6    2    3    5    7    8    4    2    9    6    
21         0.003217897640208397   475.9215686274494      7          3    4    5    6    7    4    3    1    5    3    4    5    6    7    4    3    2    5    
4          6.129328838492185E-4   473.4575163398682      11         5    1    2    9    10   7    6    11   8    5    3    4    9    10   7    6    11   8    
6          9.193993257738277E-4   466.9477124182994      11         5    7    1    9    10   2    6    11   8    5    7    3    9    10   4    6    11   8    
4          6.129328838492185E-4   466.287581699345       11         7    8    10   11   1    9    7    2    3    7    8    10   11   4    9    7    5    6    
1          1.5323322096230462E-4  465.98039215686094     11         7    8    1    11   2    9    7    3    10   7    8    4    11   5    9    7    6    10   
3          4.5969966288691386E-4  463.56209150326686     12         7    9    1    10   11   2    8    12   3    7    9    4    10   11   5    8    12   6    
1          1.5323322096230462E-4  462.15032679738454     9          6    7    8    9    1    7    6    2    8    6    7    8    9    3    7    6    4    5    
1          1.5323322096230462E-4  453.6666666666659      12         7    1    10   12   2    9    8    3    11   7    4    10   12   5    9    8    6    11   
2          3.0646644192460924E-4  442.15032679738493     10         5    6    1    8    9    2    5    10   7    5    6    3    8    9    4    5    10   7    
6          9.193993257738277E-4   438.50326797385515     5          1    2    3    4    5    2    1    5    3    1    2    3    4    5    2    1    5    3    
2          3.0646644192460924E-4  428.1764705882346      8          2    3    5    7    8    4    1    8    6    2    3    5    7    8    4    2    8    6    
6          9.193993257738277E-4   426.549019607842       11         5    1    8    9    10   7    6    11   2    5    3    8    9    10   7    6    11   4    
11         0.001685565430585351   425.9934640522863      7          1    2    4    6    7    3    1    7    5    1    2    4    6    7    3    1    7    5    
1          1.5323322096230462E-4  418.03267973856146     9          4    5    6    7    8    5    4    9    1    4    5    6    7    8    5    2    9    3    
1          1.5323322096230462E-4  407.6078431372536      8          2    1    4    6    7    3    2    8    5    2    3    4    6    7    3    2    8    5    
7          0.0010726325467361323  407.01307189542365     9          3    1    5    7    8    4    3    9    6    3    2    5    7    8    4    3    9    6    
1          1.5323322096230462E-4  405.6535947712414      9          4    5    6    1    8    5    2    9    7    4    5    6    3    8    5    4    9    7    
8          0.001225865767698437   404.0065359477116      6          1    2    3    5    6    2    1    6    4    1    2    3    5    6    2    1    6    4    
2          3.0646644192460924E-4  400.6862745098027      9          4    5    7    8    9    6    1    2    7    4    5    7    8    9    6    4    3    7    
2          3.0646644192460924E-4  399.6732026143781      10         4    5    7    9    10   6    4    1    8    2    5    7    9    10   6    4    3    8    
3          4.5969966288691386E-4  398.41176470588204     8          2    4    6    7    8    5    3    8    6    2    4    6    7    8    5    3    8    1    
2          3.0646644192460924E-4  397.20261437908425     10         5    6    1    8    9    6    2    10   7    5    6    3    8    9    6    4    10   7    
2          3.0646644192460924E-4  395.78431372548926     11         5    6    8    1    10   7    2    11   9    5    6    8    3    10   7    4    11   9    
1          1.5323322096230462E-4  394.0849673202605      7          2    3    4    5    6    3    1    7    4    2    3    4    5    6    3    2    7    4    
1          1.5323322096230462E-4  392.2549019607832      13         9    1    2    12   13   3    10   4    11   9    5    6    12   13   7    10   8    11   
3          4.5969966288691386E-4  391.4509803921561      11         6    7    1    10   11   8    2    3    9    6    7    4    10   11   8    6    5    9    
1          1.5323322096230462E-4  390.9281045751633      10         6    7    9    1    10   8    2    3    9    6    7    9    4    10   8    6    5    9    
10         0.0015323322096230463  390.6470588235283      7          1    3    5    6    7    4    2    7    5    1    3    5    6    7    4    2    7    5    
3          4.5969966288691386E-4  386.1241830065353      8          2    3    5    7    8    4    2    8    6    2    3    5    7    8    4    2    1    6    
1          1.5323322096230462E-4  385.6013071895417      11         5    7    1    10   11   8    5    2    9    6    7    3    10   11   8    6    4    9    
2          3.0646644192460924E-4  382.65359477124133     7          2    4    5    6    7    4    3    7    5    2    4    5    6    7    4    3    7    1    
3          4.5969966288691386E-4  380.20261437908397     8          2    3    4    6    7    3    2    8    5    2    3    4    6    7    3    1    8    5    
1          1.5323322096230462E-4  379.53594771241745     12         1    9    2    11   12   9    3    4    10   5    9    6    11   12   9    7    8    10   
1          1.5323322096230462E-4  377.7254901960779      11         7    8    9    10   1    8    2    11   3    7    8    9    10   4    8    5    11   6    
1          1.5323322096230462E-4  377.24183006535844     9          3    4    5    7    8    4    3    9    6    3    4    5    7    8    1    2    9    6    
8          0.001225865767698437   373.2222222222214      8          3    4    6    7    1    5    3    8    6    3    4    6    7    2    5    3    8    6    
1          1.5323322096230462E-4  371.8169934640517      10         4    6    1    8    9    2    5    10   7    4    6    7    8    9    3    5    10   7    
1          1.5323322096230462E-4  370.2287581699336      12         8    9    1    11   12   9    2    3    10   8    9    4    11   12   5    6    7    10   
1          1.5323322096230462E-4  368.94117647058744     9          4    5    1    8    9    6    4    9    7    4    5    2    8    9    6    4    3    7    
1          1.5323322096230462E-4  368.52941176470483     11         5    7    9    1    2    8    6    11   10   5    7    9    3    4    8    6    11   10   
2          3.0646644192460924E-4  367.313725490195       7          2    3    4    6    7    3    2    7    5    2    3    4    6    7    3    2    1    5    
1          1.5323322096230462E-4  367.2875816993461      11         8    9    1    10   11   9    8    2    3    8    9    4    10   11   9    5    6    7    
8          0.001225865767698437   365.6405228758161      10         5    6    8    9    10   7    1    2    8    5    6    8    9    10   7    3    4    8    
1          1.5323322096230462E-4  363.0130718954242      7          2    3    5    6    7    4    2    7    5    2    3    5    6    7    4    2    7    1    
4          6.129328838492185E-4   360.91503267973775     10         4    5    7    8    9    6    1    10   7    4    5    7    8    9    6    2    10   3    
3          4.5969966288691386E-4  355.1437908496721      9          3    4    6    7    8    5    1    9    6    3    4    6    7    8    5    3    9    2    
1          1.5323322096230462E-4  354.6666666666662      10         4    5    7    9    10   6    1    10   8    4    5    7    9    10   6    2    3    8    
1          1.5323322096230462E-4  354.6405228758159      11         5    6    8    9    10   7    1    11   8    5    6    2    9    10   7    3    11   4    
2          3.0646644192460924E-4  350.385620915032       11         6    7    9    10   11   8    1    2    9    6    7    9    10   11   8    3    4    5    
4          6.129328838492185E-4   350.21568627450887     10         7    8    1    9    10   8    7    2    3    7    8    4    9    10   8    7    5    6    
12         0.0018387986515476554  346.3594771241824      9          1    4    5    7    8    4    3    9    6    2    4    5    7    8    4    3    9    6    
3          4.5969966288691386E-4  345.0653594771234      12         7    9    1    12   2    10   8    3    11   7    9    4    12   5    10   8    6    11   
5          7.661661048115232E-4   341.0522875816986      6          1    2    4    5    6    3    1    6    4    1    2    4    5    6    3    1    6    4    
1          1.5323322096230462E-4  340.8823529411758      12         7    1    2    11   12   9    8    3    10   7    4    10   11   12   9    8    5    6    
1          1.5323322096230462E-4  333.5490196078428      13         10   11   12   13   1    2    3    4    12   10   11   12   13   5    6    7    8    9    
2          3.0646644192460924E-4  329.4705882352935      11         5    7    8    1    10   2    6    11   9    5    7    8    3    10   4    6    11   9    
1          1.5323322096230462E-4  328.3267973856205      11         6    7    8    10   11   7    1    2    9    6    7    8    10   11   3    4    5    9    
1          1.5323322096230462E-4  325.3660130718947      10         5    7    8    9    10   1    6    10   2    5    7    8    9    10   7    6    3    4    
3          4.5969966288691386E-4  324.7581699346399      10         5    7    8    9    10   1    6    2    8    5    7    8    9    10   3    6    4    8    
4          6.129328838492185E-4   323.19607843137186     9          4    6    7    8    9    1    5    2    7    4    6    7    8    9    6    5    3    7    
1          1.5323322096230462E-4  320.14379084967254     8          3    4    5    7    8    1    3    8    6    3    4    5    7    8    2    3    8    6    
4          6.129328838492185E-4   319.555555555555       11         1    6    2    9    10   7    5    11   8    3    6    4    9    10   7    5    11   8    
1          1.5323322096230462E-4  319.4640522875812      8          2    4    5    7    8    1    3    8    6    2    4    5    7    8    4    3    8    6    
2          3.0646644192460924E-4  317.9999999999995      9          4    6    7    8    9    6    5    1    7    4    6    7    8    9    2    5    3    7    
1          1.5323322096230462E-4  316.45098039215645     7          3    4    1    6    7    4    3    7    5    3    4    2    6    7    4    3    7    5    
2          3.0646644192460924E-4  310.7777777777773      9          4    5    6    8    9    5    1    2    7    4    5    6    8    9    5    4    3    7    
2          3.0646644192460924E-4  310.31372549019557     9          2    4    6    8    9    5    3    1    7    2    4    6    8    9    5    3    9    7    
1          1.5323322096230462E-4  300.6470588235287      11         6    1    8    10   11   7    2    3    9    6    4    8    10   11   7    6    5    9    
1          1.5323322096230462E-4  300.02614379084895     11         6    7    9    11   1    8    2    3    10   6    7    9    11   4    8    6    5    10   
3          4.5969966288691386E-4  295.13725490196026     10         5    1    7    8    9    6    5    10   2    5    3    7    8    9    6    5    10   4    
1          1.5323322096230462E-4  294.2614379084964      8          1    4    5    7    8    4    3    8    6    2    4    5    7    8    4    3    8    6    
1          1.5323322096230462E-4  293.92156862745054     11         7    1    9    11   2    8    7    3    10   7    4    9    11   5    8    7    6    10   
1          1.5323322096230462E-4  293.1764705882346      7          2    3    4    5    6    3    2    7    1    2    3    4    5    6    3    2    7    4    
2          3.0646644192460924E-4  288.6470588235288      9          4    6    7    8    1    6    5    9    7    4    6    7    8    2    6    5    9    3    
1          1.5323322096230462E-4  284.86928104575134     10         1    5    7    8    9    6    4    10   2    4    5    7    8    9    6    4    10   3    
2          3.0646644192460924E-4  280.6928104575157      10         5    6    8    9    10   7    1    2    8    5    6    8    9    10   7    5    3    4    
5          7.661661048115232E-4   280.16993464052246     7          3    4    5    6    1    4    3    7    5    3    4    5    6    2    4    3    7    5    
4          6.129328838492185E-4   276.50326797385554     9          3    5    7    1    8    6    4    9    7    3    5    7    2    8    6    4    9    7    
1          1.5323322096230462E-4  275.99999999999966     10         5    6    8    9    1    7    2    10   8    5    6    8    9    3    7    4    10   8    
1          1.5323322096230462E-4  273.75163398692786     11         1    6    8    10   11   7    5    2    9    5    6    8    10   11   7    3    4    9    
3          4.5969966288691386E-4  272.0849673202608      9          3    5    7    8    1    6    4    9    7    3    5    7    8    2    6    4    9    7    
2          3.0646644192460924E-4  270.05882352941114     11         6    7    1    10   11   8    6    2    9    6    7    3    10   11   8    4    5    9    
1          1.5323322096230462E-4  267.6993464052286      10         6    7    8    9    10   1    2    3    8    6    7    8    9    10   4    6    5    8    
2          3.0646644192460924E-4  266.8823529411759      12         7    1    10   11   12   9    8    2    3    7    4    10   11   12   9    8    5    6    
1          1.5323322096230462E-4  266.26143790849653     11         7    1    9    10   11   8    2    3    9    7    4    9    10   11   8    5    6    9    
4          6.129328838492185E-4   265.9281045751632      9          3    4    1    7    8    5    3    9    6    3    4    6    7    8    5    3    9    2    
1          1.5323322096230462E-4  264.941176470588       10         5    6    1    9    2    7    5    10   8    5    6    3    9    4    7    5    10   8    
2          3.0646644192460924E-4  263.62091503267914     8          3    5    6    7    8    5    4    8    1    3    5    6    7    8    5    4    8    2    
4          6.129328838492185E-4   260.09803921568596     11         5    6    7    9    10   1    2    11   8    5    6    7    9    10   3    4    11   8    
1          1.5323322096230462E-4  259.13071895424775     12         7    8    1    11   12   9    2    3    10   7    8    10   11   12   9    4    5    6    
1          1.5323322096230462E-4  256.67973856209096     12         7    1    10   2    3    9    8    12   11   7    4    10   5    6    9    8    12   11   
1          1.5323322096230462E-4  254.4705882352936      8          3    4    6    7    8    5    3    8    1    3    4    6    7    8    5    3    8    2    
3          4.5969966288691386E-4  254.33333333333297     9          4    5    6    8    1    5    4    9    7    4    5    6    8    2    3    4    9    7    
1          1.5323322096230462E-4  253.5359477124179      11         6    7    8    9    10   7    1    11   2    6    7    8    9    10   3    4    11   5    
1          1.5323322096230462E-4  250.26143790849613     8          3    4    5    6    7    1    3    8    5    3    4    5    6    7    4    3    8    2    
1          1.5323322096230462E-4  249.43790849673186     10         4    1    7    8    9    6    5    10   2    4    6    7    8    9    6    5    10   3    
1          1.5323322096230462E-4  248.95424836601254     11         6    8    9    10   11   8    7    1    9    6    8    2    10   11   3    7    4    5    
13         0.00199203187250996    244.45751633986916     6          1    3    4    5    6    3    2    6    4    1    3    4    5    6    3    2    6    4    
2          3.0646644192460924E-4  243.9150326797383      8          2    3    5    7    8    4    2    1    6    2    3    5    7    8    4    2    8    6    
1          1.5323322096230462E-4  243.9084967320261      8          4    5    6    7    8    1    4    2    6    4    5    6    7    8    5    4    3    6    
2          3.0646644192460924E-4  242.76470588235293     11         5    1    7    9    10   2    6    11   8    5    3    7    9    10   4    6    11   8    
2          3.0646644192460924E-4  241.2156862745095      11         7    9    1    10   11   9    8    2    3    7    9    4    10   11   9    8    5    6    
3          4.5969966288691386E-4  239.28758169934588     10         3    4    6    8    9    5    1    10   7    2    4    6    8    9    5    3    10   7    
1          1.5323322096230462E-4  237.12418300653584     10         1    5    7    8    9    6    2    10   7    3    5    7    8    9    6    4    10   7    
2          3.0646644192460924E-4  233.0261437908492      8          2    3    5    6    7    4    2    8    5    1    3    5    6    7    4    2    8    5    
2          3.0646644192460924E-4  232.72549019607806     7          2    3    4    5    6    3    2    7    4    1    3    4    5    6    3    2    7    4    
1          1.5323322096230462E-4  231.22875816993414     8          3    4    5    6    7    4    3    8    5    1    4    2    6    7    4    3    8    5    
3          4.5969966288691386E-4  228.83660130718937     10         5    6    7    8    9    6    1    10   2    5    6    7    8    9    6    3    10   4    
2          3.0646644192460924E-4  227.85620915032638     9          3    4    6    7    8    5    1    9    6    2    4    6    7    8    5    3    9    6    
2          3.0646644192460924E-4  226.50326797385583     9          1    4    6    8    9    5    3    9    7    2    4    6    8    9    5    3    9    7    
2          3.0646644192460924E-4  224.62091503267962     7          2    3    4    5    6    1    2    7    4    2    3    4    5    6    3    2    7    4    
1          1.5323322096230462E-4  223.13071895424787     10         6    7    8    9    10   1    6    2    3    6    7    8    9    10   7    6    4    5    
2          3.0646644192460924E-4  223.09803921568613     10         4    6    1    8    9    6    5    10   7    4    2    3    8    9    6    5    10   7    
1          1.5323322096230462E-4  220.81699346405176     12         7    1    9    10   11   2    8    12   3    7    4    9    10   11   5    8    12   6    
1          1.5323322096230462E-4  220.13071895424787     11         6    7    8    9    10   1    2    11   3    6    7    8    9    10   4    5    11   8    
2          3.0646644192460924E-4  218.10457516339832     9          4    5    6    8    9    5    4    1    7    4    5    6    8    9    2    4    3    7    
4          6.129328838492185E-4   217.96078431372501     9          2    4    6    7    8    5    3    9    1    2    4    6    7    8    5    3    9    6    
1          1.5323322096230462E-4  216.77124183006507     12         7    1    9    11   12   2    8    3    10   7    4    9    11   12   5    8    6    10   
2          3.0646644192460924E-4  209.91503267973826     9          3    5    1    7    8    5    4    9    6    3    5    6    7    8    5    4    9    2    
1          1.5323322096230462E-4  209.85620915032658     11         7    1    9    2    10   3    8    11   9    7    4    9    5    10   6    8    11   9    
1          1.5323322096230462E-4  208.58823529411745     12         9    11   1    12   2    11   10   3    4    9    11   5    12   6    11   10   7    8    
1          1.5323322096230462E-4  205.2549019607842      11         5    7    8    9    10   1    6    11   8    5    7    2    9    10   3    6    11   4    
1          1.5323322096230462E-4  205.2418300653591      14         11   13   1    14   2    3    12   4    5    11   13   6    14   7    8    12   9    10   
4          6.129328838492185E-4   204.28104575163388     10         4    6    8    9    1    7    5    10   8    4    6    8    9    2    7    5    10   3    
1          1.5323322096230462E-4  204.19607843137223     12         9    10   1    11   12   2    9    3    4    9    10   5    11   12   6    9    7    8    
1          1.5323322096230462E-4  203.3333333333331      12         7    9    10   1    11   2    8    12   10   7    9    3    4    11   5    8    12   6    
2          3.0646644192460924E-4  201.18300653594758     13         9    11   1    13   2    12   10   3    4    9    11   5    13   6    12   10   7    8    
1          1.5323322096230462E-4  198.97385620914991     10         3    5    7    8    9    6    4    10   1    3    5    2    8    9    6    4    10   7    
1          1.5323322096230462E-4  198.6732026143788      8          2    4    6    7    8    5    3    8    6    2    4    1    7    8    5    3    8    6    
2          3.0646644192460924E-4  196.0261437908495      11         5    1    8    10   2    7    6    11   9    5    3    8    10   4    7    6    11   9    
2          3.0646644192460924E-4  194.3660130718951      11         7    9    1    11   2    9    8    3    10   7    9    4    11   5    9    8    6    10   
1          1.5323322096230462E-4  194.1568627450978      10         4    1    2    8    9    6    5    10   7    4    3    7    8    9    6    5    10   7    
2          3.0646644192460924E-4  194.13071895424807     10         5    7    8    1    10   7    6    2    9    5    7    8    3    10   7    6    4    9    
5          7.661661048115232E-4   191.88235294117618     9          4    6    1    8    9    6    5    2    7    4    6    7    8    9    6    5    3    7    
1          1.5323322096230462E-4  187.49673202614352     8          2    4    6    7    8    5    3    8    1    2    4    6    7    8    5    3    8    6    
1          1.5323322096230462E-4  186.42483660130702     10         5    7    1    9    10   7    6    2    8    5    7    8    9    10   7    6    3    4    
1          1.5323322096230462E-4  185.18954248366        10         5    7    1    9    10   7    6    2    3    5    7    8    9    10   7    6    4    8    
8          0.001225865767698437   182.4575163398691      10         5    7    1    8    9    7    6    10   2    5    7    3    8    9    7    6    10   4    
1          1.5323322096230462E-4  182.27450980392132     9          3    1    6    8    9    5    4    9    7    3    2    6    8    9    5    4    9    7    
1          1.5323322096230462E-4  180.99346405228738     10         6    7    9    10   1    8    6    2    9    6    7    9    10   3    8    6    4    5    
1          1.5323322096230462E-4  172.84313725490182     11         6    7    9    1    10   8    2    11   9    6    7    9    3    10   8    4    11   5    
1          1.5323322096230462E-4  169.98039215686254     10         5    6    7    8    9    1    5    10   7    5    6    2    8    9    3    5    10   4    
1          1.5323322096230462E-4  168.04575163398684     9          1    3    5    7    8    4    2    9    6    1    3    6    7    8    4    2    9    5    
1          1.5323322096230462E-4  167.73202614379068     8          4    5    6    7    8    5    4    1    2    4    5    6    7    8    5    4    3    6    
1          1.5323322096230462E-4  167.39215686274477     8          2    3    1    6    7    4    2    8    5    2    3    5    6    7    4    2    8    5    
1          1.5323322096230462E-4  165.7843137254901      9          4    5    7    8    9    6    4    9    1    4    5    7    8    9    6    4    2    3    
4          6.129328838492185E-4   164.12418300653584     8          3    5    6    7    1    5    4    8    6    3    5    6    7    2    5    4    8    6    
5          7.661661048115232E-4   163.77777777777757     10         1    6    7    9    10   6    5    2    8    3    6    7    9    10   6    5    4    8    
1          1.5323322096230462E-4  162.75163398692794     8          4    5    6    1    7    2    4    8    6    4    5    6    3    7    5    4    8    6    
1          1.5323322096230462E-4  154.49673202614366     8          4    5    1    7    8    5    4    2    6    4    5    6    7    8    5    4    3    6    
1          1.5323322096230462E-4  154.25490196078417     11         6    8    9    11   1    2    7    3    10   6    8    9    11   4    8    7    5    10   
1          1.5323322096230462E-4  153.60784313725463     11         6    8    9    10   11   1    7    2    3    6    8    9    10   11   8    7    4    5    
2          3.0646644192460924E-4  152.96078431372524     8          2    4    1    7    8    5    3    8    6    2    4    6    7    8    5    3    8    6    
1          1.5323322096230462E-4  152.1307189542482      12         8    10   11   12   1    2    9    3    4    8    10   11   12   5    10   9    6    7    
2          3.0646644192460924E-4  151.71895424836583     10         5    1    8    9    10   7    6    2    8    5    3    8    9    10   7    6    4    8    
6          9.193993257738277E-4   150.31372549019588     8          2    3    4    6    7    3    2    8    5    2    1    4    6    7    3    2    8    5    
1          1.5323322096230462E-4  146.41176470588218     11         5    7    9    10   1    8    6    11   2    5    7    9    10   3    8    6    11   4    
1          1.5323322096230462E-4  142.77124183006518     10         4    6    7    1    9    2    5    10   8    4    6    7    3    9    6    5    10   8    
1          1.5323322096230462E-4  140.73202614379065     10         1    5    6    8    9    5    4    10   7    2    5    6    8    9    3    4    10   7    
1          1.5323322096230462E-4  137.1830065359475      9          5    6    7    1    9    6    5    2    8    5    6    7    3    9    6    5    4    8    
1          1.5323322096230462E-4  135.84967320261424     11         8    9    1    11   2    9    8    3    10   8    9    4    11   5    6    8    7    10   
1          1.5323322096230462E-4  135.32679738562072     6          2    3    1    5    6    3    2    6    4    2    3    4    5    6    3    2    6    4    
1          1.5323322096230462E-4  133.64705882352925     11         1    5    7    9    10   6    2    11   8    3    5    7    9    10   6    4    11   8    
5          7.661661048115232E-4   133.6339869281044      8          3    4    5    1    7    4    3    8    6    3    4    5    2    7    4    3    8    6    
1          1.5323322096230462E-4  131.4509803921567      8          2    3    5    7    8    4    2    8    6    2    3    5    7    8    4    1    8    6    
1          1.5323322096230462E-4  125.88888888888881     11         1    9    10   11   2    9    8    3    10   8    4    10   11   5    9    8    6    7    
2          3.0646644192460924E-4  125.67973856209132     8          3    5    1    7    8    5    4    8    6    3    5    2    7    8    5    4    8    6    
2          3.0646644192460924E-4  124.58823529411758     9          5    6    7    8    9    6    5    1    7    5    2    7    8    9    6    5    3    4    
2          3.0646644192460924E-4  124.49673202614362     6          2    3    4    5    6    3    2    6    4    2    3    4    5    6    3    2    1    4    
2          3.0646644192460924E-4  124.35947712418285     9          5    7    8    9    1    7    6    2    8    5    7    8    9    3    7    6    4    8    
1          1.5323322096230462E-4  122.99999999999982     8          2    4    6    7    8    5    3    8    6    2    4    6    7    8    5    3    1    6    
1          1.5323322096230462E-4  122.83006535947702     8          3    4    5    6    7    4    3    8    5    3    1    5    6    7    4    3    8    2    
2          3.0646644192460924E-4  122.19607843137243     8          3    4    5    6    7    4    1    8    5    3    4    5    6    7    4    3    8    2    
1          1.5323322096230462E-4  121.74509803921559     10         3    5    7    8    9    6    4    10   7    3    5    1    8    9    6    4    10   2    
1          1.5323322096230462E-4  119.9738562091502      9          5    6    7    8    9    6    1    2    7    5    6    7    8    9    6    5    3    4    
1          1.5323322096230462E-4  119.57516339869265     12         9    1    11   12   2    10   3    4    11   9    5    11   12   6    10   7    8    11   
1          1.5323322096230462E-4  119.13725490196059     10         4    6    8    9    10   7    5    1    8    4    6    2    9    10   7    5    3    8    
1          1.5323322096230462E-4  116.64705882352929     9          3    5    7    8    9    6    4    1    7    3    5    2    8    9    6    4    9    7    
1          1.5323322096230462E-4  116.05882352941165     9          3    5    7    8    9    6    4    9    7    3    5    7    8    9    6    4    1    2    
1          1.5323322096230462E-4  115.78431372549007     12         7    9    1    2    11   10   8    12   3    7    9    4    5    11   10   8    12   6    
1          1.5323322096230462E-4  115.31372549019594     7          3    4    5    6    7    1    3    7    5    3    4    5    6    7    2    3    7    5    
1          1.5323322096230462E-4  114.47058823529402     11         6    8    1    10   11   8    7    2    9    6    8    3    10   11   4    7    5    9    
1          1.5323322096230462E-4  113.65359477124176     10         4    6    7    9    1    6    5    10   8    4    6    7    9    2    3    5    10   8    
1          1.5323322096230462E-4  111.76470588235284     8          3    5    6    7    8    5    4    8    6    3    5    6    7    8    5    4    1    2    
1          1.5323322096230462E-4  111.6928104575162      10         6    7    8    10   1    7    6    2    9    6    7    8    10   3    4    6    5    9    
1          1.5323322096230462E-4  109.77777777777762     11         7    8    9    10   11   8    1    2    3    7    8    9    10   11   8    4    5    6    
2          3.0646644192460924E-4  109.30718954248353     11         1    6    8    10   2    7    5    11   9    3    6    8    10   4    7    5    11   9    
1          1.5323322096230462E-4  106.75816993464039     12         9    10   1    11   2    10   3    12   4    9    10   5    11   6    10   7    12   8    
1          1.5323322096230462E-4  106.61437908496717     10         5    6    1    2    9    7    5    10   8    5    6    3    4    9    7    5    10   8    
2          3.0646644192460924E-4  105.69281045751622     10         5    1    7    9    10   6    5    2    8    5    3    7    9    10   6    5    4    8    
1          1.5323322096230462E-4  103.67320261437902     10         6    7    8    9    10   7    1    2    3    6    7    8    9    10   7    6    4    5    
1          1.5323322096230462E-4  102.2745098039215      11         6    7    9    10   1    8    2    11   3    6    7    9    10   4    8    6    11   5    
2          3.0646644192460924E-4  101.32679738562086     11         6    7    9    10   11   8    1    2    3    6    7    9    10   11   8    6    4    5    
1          1.5323322096230462E-4  100.69281045751625     10         7    8    9    10   1    8    7    2    3    7    8    9    10   4    8    7    5    6    
1          1.5323322096230462E-4  100.18954248366003     11         1    7    8    9    10   7    2    11   3    4    7    8    9    10   7    5    11   6    
1          1.5323322096230462E-4  99.23529411764696      7          2    3    5    6    7    4    2    7    5    2    3    5    6    7    4    2    1    5    
1          1.5323322096230462E-4  99.17647058823518      12         8    9    1    11   12   10   2    3    4    8    9    5    11   12   10   8    6    7    
1          1.5323322096230462E-4  98.04575163398684      11         6    7    9    1    10   8    2    11   3    6    7    9    4    10   8    6    11   5    
1          1.5323322096230462E-4  96.86274509803913      10         5    6    7    8    9    1    2    10   7    5    6    7    8    9    3    5    10   4    
1          1.5323322096230462E-4  94.96078431372541      10         5    6    8    9    10   7    5    1    8    5    6    8    9    10   7    2    3    4    
1          1.5323322096230462E-4  94.44444444444439      12         1    8    2    10   11   9    7    12   3    7    8    4    10   11   9    5    12   6    
1          1.5323322096230462E-4  90.99999999999986      10         4    5    7    8    9    6    4    10   1    4    5    7    8    9    6    2    10   3    
1          1.5323322096230462E-4  90.25490196078422      11         6    8    1    10   2    3    7    11   9    6    8    4    10   5    8    7    11   9    
1          1.5323322096230462E-4  90.13071895424825      10         1    6    8    9    10   7    5    2    8    3    6    8    9    10   7    5    4    8    
1          1.5323322096230462E-4  89.59477124182995      12         9    10   11   12   1    10   2    3    4    9    10   11   12   5    10   6    7    8    
1          1.5323322096230462E-4  88.75816993464045      11         6    8    9    11   1    8    7    2    10   6    8    9    11   3    4    7    5    10   
1          1.5323322096230462E-4  87.91503267973849      11         6    7    8    9    10   1    2    11   3    6    7    8    9    10   4    6    11   5    
1          1.5323322096230462E-4  87.71241830065354      7          3    4    5    6    7    4    1    7    5    3    4    5    6    7    4    2    7    5    
1          1.5323322096230462E-4  86.31372549019599      10         1    6    2    9    10   7    5    10   8    3    6    4    9    10   7    5    10   8    
7          0.0010726325467361323  83.8169934640522       8          2    4    5    6    7    1    3    8    5    2    4    5    6    7    4    3    8    5    
1          1.5323322096230462E-4  83.05882352941168      9          5    6    8    9    1    7    5    2    8    5    6    8    9    3    7    5    4    8    
1          1.5323322096230462E-4  80.53594771241823      11         7    1    9    10   11   2    8    3    9    7    4    9    10   11   5    8    6    9    
1          1.5323322096230462E-4  78.87581699346399      7          3    4    5    6    7    4    1    7    5    3    4    5    6    7    4    3    7    2    
1          1.5323322096230462E-4  76.6274509803921       11         6    7    8    10   11   1    2    3    9    6    7    8    10   11   7    4    5    9    
1          1.5323322096230462E-4  75.96078431372543      9          5    6    7    8    1    2    5    9    7    5    6    7    8    3    6    5    9    4    
1          1.5323322096230462E-4  75.69281045751627      11         5    7    8    10   1    2    6    11   9    5    3    8    10   4    7    6    11   9    
1          1.5323322096230462E-4  73.47058823529404      8          3    4    5    6    7    1    3    8    5    3    2    5    6    7    4    3    8    5    
2          3.0646644192460924E-4  73.41830065359468      12         7    9    1    11   2    10   8    12   3    7    9    4    11   5    10   8    12   6    
1          1.5323322096230462E-4  72.75816993464046      9          1    5    6    7    8    2    4    9    6    3    5    6    7    8    5    4    9    6    
1          1.5323322096230462E-4  71.20915032679731      12         1    8    2    11   12   9    7    3    10   4    8    5    11   12   9    7    6    10   
1          1.5323322096230462E-4  68.74509803921565      9          4    5    6    1    8    5    4    9    7    4    2    6    3    8    5    4    9    7    
3          4.5969966288691386E-4  68.3464052287581       8          2    3    4    6    7    3    2    8    5    1    3    4    6    7    3    2    8    5    
1          1.5323322096230462E-4  65.1960784313725       10         1    5    6    8    9    5    2    10   7    3    5    6    8    9    5    4    10   7    
1          1.5323322096230462E-4  64.70588235294112      9          4    6    7    8    9    1    5    2    7    4    6    7    8    9    3    5    9    7    
1          1.5323322096230462E-4  64.66666666666663      7          2    3    4    6    7    3    2    7    5    2    1    4    6    7    3    2    7    5    
1          1.5323322096230462E-4  64.45751633986924      10         1    6    2    8    9    6    5    10   7    3    6    4    8    9    6    5    10   7    
1          1.5323322096230462E-4  63.228758169934586     10         6    7    1    9    10   7    6    2    8    3    7    4    9    10   7    6    5    8    
1          1.5323322096230462E-4  62.28104575163395      11         8    9    1    10   11   9    8    2    3    4    9    5    10   11   9    8    6    7    
1          1.5323322096230462E-4  61.44444444444439      10         6    7    1    8    9    7    6    10   2    3    7    4    8    9    7    6    10   5    
5          7.661661048115232E-4   60.18300653594767      7          2    3    1    5    6    3    2    7    4    2    3    4    5    6    3    2    7    4    
2          3.0646644192460924E-4  55.6862745098039       9          4    5    7    8    1    6    4    9    7    4    5    7    8    2    6    4    9    3    
1          1.5323322096230462E-4  53.92156862745096      12         9    10   11   12   1    2    9    3    4    9    10   11   12   5    6    9    7    8    
1          1.5323322096230462E-4  53.431372549019585     13         9    10   1    12   13   11   2    3    4    9    10   5    12   13   11   6    7    8    
1          1.5323322096230462E-4  52.45098039215683      12         1    8    10   11   12   9    7    2    3    4    8    10   11   12   9    7    5    6    
1          1.5323322096230462E-4  51.4771241830065       12         7    9    1    11   2    3    8    12   10   7    9    4    11   5    6    8    12   10   
1          1.5323322096230462E-4  50.248366013071866     13         9    1    12   2    13   11   10   3    4    9    5    12   6    13   11   10   7    8    
1          1.5323322096230462E-4  49.03921568627448      9          3    1    5    7    8    2    3    9    6    3    4    5    7    8    4    3    9    6    
1          1.5323322096230462E-4  47.575163398692794     9          4    6    7    8    1    6    5    9    7    4    2    7    8    3    6    5    9    7    
1          1.5323322096230462E-4  47.2941176470588       11         6    8    10   11   1    9    7    2    3    6    8    10   11   4    9    7    5    10   
1          1.5323322096230462E-4  46.65359477124181      11         5    6    1    9    10   7    2    11   8    5    6    8    9    10   7    3    11   4    
1          1.5323322096230462E-4  45.74509803921566      12         7    8    10   11   1    9    2    12   3    7    8    10   11   4    9    5    12   6    
1          1.5323322096230462E-4  44.1830065359477       10         6    7    1    9    10   7    6    2    8    3    7    8    9    10   7    6    4    5    
2          3.0646644192460924E-4  43.66666666666665      11         6    8    9    10   11   8    7    1    2    6    8    9    10   11   3    7    4    5    
1          1.5323322096230462E-4  41.50980392156861      11         7    9    1    2    11   9    8    3    10   7    9    4    5    11   9    8    6    10   
1          1.5323322096230462E-4  39.921568627450974     13         9    1    2    12   13   11   10   3    4    9    5    6    12   13   11   10   7    8    
1          1.5323322096230462E-4  39.24183006535947      10         1    6    7    8    9    2    5    10   7    3    6    7    8    9    4    5    10   7    
1          1.5323322096230462E-4  38.61437908496731      11         6    7    9    10   11   8    1    2    3    6    7    9    10   11   8    4    5    9    
1          1.5323322096230462E-4  37.9673202614379       11         6    8    9    10   1    8    7    11   2    6    3    9    10   4    8    7    11   5    
1          1.5323322096230462E-4  36.8235294117647       10         6    7    1    9    2    7    3    10   8    6    7    4    9    5    7    6    10   8    
1          1.5323322096230462E-4  35.95424836601307      11         5    6    8    10   11   7    5    1    9    2    6    8    10   11   7    3    4    9    
1          1.5323322096230462E-4  35.091503267973856     12         1    8    2    10   11   9    3    12   4    7    8    5    10   11   9    7    12   6    
1          1.5323322096230462E-4  34.11764705882353      10         3    4    6    8    9    5    3    10   7    1    4    6    8    9    5    2    10   7    
1          1.5323322096230462E-4  33.00653594771242      9          4    5    6    8    9    5    4    1    7    4    5    6    8    9    5    2    3    7    
1          1.5323322096230462E-4  32.372549019607845     9          4    5    6    7    8    1    4    9    2    4    5    6    7    8    5    4    9    3    
1          1.5323322096230462E-4  31.431372549019613     12         7    9    10   11   1    2    8    12   3    7    9    10   11   4    5    8    12   6    
1          1.5323322096230462E-4  30.352941176470594     11         6    8    1    9    10   8    7    11   2    6    8    3    9    10   4    7    11   5    
1          1.5323322096230462E-4  29.20915032679739      11         6    8    9    1    10   8    7    11   2    6    8    9    3    10   4    7    11   5    
1          1.5323322096230462E-4  28.47058823529412      12         7    8    1    11   2    9    3    12   10   7    8    4    11   5    9    6    12   10   
1          1.5323322096230462E-4  25.59477124183007      11         1    8    2    9    10   8    7    11   3    4    8    5    9    10   8    7    11   6    
1          1.5323322096230462E-4  25.58823529411765      10         4    6    7    8    9    6    5    10   1    4    2    7    8    9    6    5    10   3    
1          1.5323322096230462E-4  25.16339869281046      10         5    7    9    1    10   8    6    2    9    5    7    9    3    10   8    6    4    9    
1          1.5323322096230462E-4  24.705882352941178     9          5    6    7    8    1    6    5    9    2    5    6    7    8    3    6    5    9    4    
1          1.5323322096230462E-4  23.35947712418301      11         6    1    2    10   11   8    7    3    9    6    4    5    10   11   8    7    11   9    
1          1.5323322096230462E-4  21.875816993464053     11         8    9    10   11   1    2    8    3    4    8    9    10   11   5    9    8    6    7    
1          1.5323322096230462E-4  20.679738562091504     8          3    4    6    1    7    5    3    8    6    3    4    6    2    7    5    3    8    6    
1          1.5323322096230462E-4  19.836601307189543     9          4    1    6    7    8    5    4    9    2    4    3    6    7    8    5    4    9    6    
1          1.5323322096230462E-4  19.82352941176471      10         5    7    8    1    2    7    6    10   9    5    7    8    3    4    7    6    10   9    
1          1.5323322096230462E-4  18.006535947712422     11         5    6    8    10   1    7    2    11   9    5    6    8    10   3    7    4    11   9    
1          1.5323322096230462E-4  17.03267973856209      12         7    9    11   12   1    10   8    2    3    7    9    11   12   4    10   8    5    6    
2          3.0646644192460924E-4  16.117647058823533     9          4    1    6    7    8    5    4    9    6    4    2    6    7    8    5    4    9    3    
1          1.5323322096230462E-4  16.01960784313726      12         1    9    10   12   2    9    3    4    11   5    9    10   12   6    9    7    8    11   
1          1.5323322096230462E-4  14.222222222222223     9          1    5    6    7    8    5    4    9    2    4    5    6    7    8    5    4    9    3    
1          1.5323322096230462E-4  13.444444444444446     10         6    7    1    9    10   2    6    3    8    6    7    4    9    10   7    6    5    8    
2          3.0646644192460924E-4  12.411764705882355     9          3    5    1    7    8    2    4    9    6    3    5    6    7    8    5    4    9    6    
1          1.5323322096230462E-4  10.50980392156863      9          5    6    1    8    2    3    5    9    7    5    6    7    8    4    6    5    9    7    
1          1.5323322096230462E-4  9.627450980392158      10         6    7    1    8    9    2    6    10   3    6    7    4    8    9    7    6    10   5    
1          1.5323322096230462E-4  8.588235294117649      8          3    4    1    6    7    4    3    8    2    3    4    5    6    7    4    3    8    5    
1          1.5323322096230462E-4  7.653594771241831      11         8    9    1    10   2    3    8    11   4    8    9    5    10   6    9    8    11   7    
1          1.5323322096230462E-4  6.69281045751634       10         5    6    1    2    9    7    5    10   8    5    6    8    3    9    7    5    10   4    
1          1.5323322096230462E-4  5.73202614379085       10         5    6    1    9    2    7    5    10   8    5    6    8    9    3    7    5    10   4    
1          1.5323322096230462E-4  4.764705882352941      11         7    1    2    10   3    8    7    11   9    7    4    5    10   6    8    7    11   9    
1          1.5323322096230462E-4  3.8562091503267975     11         1    7    8    10   11   7    2    3    9    4    7    8    10   11   7    5    6    9    
1          1.5323322096230462E-4  2.9215686274509807     12         1    8    2    10   11   9    7    12   3    4    8    5    10   11   9    7    12   6    
1          1.5323322096230462E-4  1.9477124183006536     10         4    5    1    8    9    6    4    10   7    4    5    2    8    9    6    3    10   7    
1          1.5323322096230462E-4  1.0                    10         5    7    1    9    2    7    6    10   8    5    7    3    9    4    7    6    10   8    

