count      fraction               similarity             nclusters  e1--0 d1--0 z1--0 y1--0 x1--0 d2--0 e2--0 x2--0 z2--0 e1--1 d1--1 z1--1 y1--1 x1--1 d2--1 e2--1 x2--1 z2--1 
8891       0.794761777062662      11095.915032679424     5          1    2    3    4    5    2    1    5    3    1    2    3    4    5    2    1    5    3    
23         0.0020559578081701976  2186.0457516339757     7          3    4    1    6    7    4    3    7    5    3    4    5    6    7    4    3    7    2    
188        0.016805220345043354   2166.339869281087      6          2    3    1    5    6    3    2    6    4    2    3    4    5    6    3    2    6    4    
600        0.053633681952266025   1996.83660130721       6          2    3    4    5    6    3    2    6    4    2    3    4    5    6    3    2    6    1    
19         0.0016983999284884241  1383.1503267973972     6          2    3    4    5    6    3    2    6    4    1    3    4    5    6    3    2    6    4    
78         0.006972378653794583   1374.8888888888769     6          1    2    3    5    6    2    1    6    3    1    2    4    5    6    2    1    6    4    
50         0.0044694734960221685  1307.2156862745194     6          1    2    3    4    5    2    1    6    3    1    2    3    4    5    2    1    6    3    
632        0.05649414498972021    1274.4248366013112     6          2    3    4    5    6    3    2    6    4    2    3    4    5    1    3    2    6    4    
29         0.002592294627692858   635.4575163398682      7          3    4    5    6    1    4    3    7    5    3    4    5    6    2    4    3    7    5    
1          8.938946992044337E-5   632.1568627450989      8          5    6    7    1    2    6    5    8    7    5    6    7    3    4    6    5    8    7    
4          3.575578796817735E-4   615.0065359477113      6          2    3    4    5    6    3    2    6    1    2    3    4    5    6    3    2    6    4    
10         8.938946992044337E-4   612.2810457516349      6          1    2    3    5    6    2    1    6    4    1    2    4    5    6    2    1    6    3    
177        0.015821936175918476   606.8300653594781      6          2    3    4    5    6    3    2    6    4    2    3    1    5    6    3    2    6    4    
1          8.938946992044337E-5   600.2614379084946      7          2    3    5    6    7    3    2    7    5    2    4    5    6    7    4    2    7    1    
90         0.008045052292839904   430.7581699346398      7          3    4    5    6    7    4    3    7    5    3    4    1    6    7    4    3    7    2    
14         0.001251452578886207   340.2614379084959      7          3    4    1    6    7    4    3    7    5    3    4    2    6    7    4    3    7    5    
12         0.0010726736390453205  323.6339869281032      6          2    3    4    5    6    3    2    6    4    2    3    4    5    6    3    1    6    4    
22         0.0019665683382497543  312.9542483660119      6          2    3    4    5    6    1    2    6    4    2    3    4    5    6    3    2    6    4    
77         0.00688298918387414    294.7908496732021      7          3    4    5    6    7    4    3    7    5    3    4    5    6    1    4    3    7    2    
1          8.938946992044337E-5   292.6274509803923      7          2    3    4    5    6    3    2    7    4    2    3    1    5    7    3    2    6    4    
2          1.7877893984088674E-4  290.01960784313695     7          3    4    5    6    7    4    3    7    5    3    4    5    6    7    4    1    7    2    
44         0.003933136676499509   217.60130718954244     6          2    3    4    5    1    3    2    6    4    2    3    4    5    6    3    2    6    4    
1          8.938946992044337E-5   214.4836601307191      8          4    5    6    7    1    5    4    8    2    4    5    3    7    8    5    4    8    6    
18         0.0016090104585679806  173.0522875816991      6          2    1    4    5    6    3    2    6    4    2    3    4    5    6    3    2    6    4    
5          4.4694734960221686E-4  154.71241830065344     8          4    5    6    7    1    5    4    8    6    4    5    2    7    3    5    4    8    6    
8          7.15115759363547E-4    152.94117647058798     7          3    4    5    6    7    4    3    7    5    3    4    1    6    2    4    3    7    5    
9          8.045052292839903E-4   145.17647058823505     8          5    6    1    7    8    6    5    8    2    5    6    3    7    8    6    5    8    4    
3          2.681684097613301E-4   134.176470588235       7          3    4    5    6    7    4    3    7    5    1    4    5    6    7    4    3    7    2    
4          3.575578796817735E-4   130.02614379084946     8          4    5    1    7    8    5    4    8    6    4    5    6    7    2    5    4    8    3    
2          1.7877893984088674E-4  129.62745098039193     8          4    5    6    7    8    5    4    8    6    1    5    6    7    2    5    4    8    3    
2          1.7877893984088674E-4  124.65359477124173     6          2    3    4    5    6    3    1    6    4    2    3    4    5    6    3    2    6    4    
1          8.938946992044337E-5   123.13725490196062     7          3    4    5    6    7    4    1    7    5    3    4    5    6    7    4    2    7    5    
1          8.938946992044337E-5   121.8431372549018      6          1    3    4    5    6    3    2    6    4    1    3    4    5    6    3    2    6    4    
1          8.938946992044337E-5   121.22875816993462     7          2    3    5    6    7    3    2    7    5    2    4    1    6    7    4    2    7    5    
6          5.363368195226602E-4   121.18300653594753     8          4    5    6    7    8    5    4    8    6    4    5    1    7    2    5    4    8    3    
30         0.0026816840976133013  117.77124183006522     7          3    4    1    6    7    4    3    7    5    3    4    5    6    2    4    3    7    5    
2          1.7877893984088674E-4  86.94771241830058      6          1    2    4    5    6    2    1    6    4    1    3    4    5    6    3    1    6    4    
4          3.575578796817735E-4   83.87581699346396      8          4    5    6    7    1    5    4    8    6    4    5    6    7    2    5    4    8    3    
2          1.7877893984088674E-4  81.60130718954238      7          2    3    1    5    6    3    2    7    4    2    3    4    5    6    3    2    7    4    
1          8.938946992044337E-5   79.00653594771238      6          2    3    4    5    6    3    2    6    4    2    3    4    5    6    3    2    1    4    
1          8.938946992044337E-5   78.85620915032669      7          2    1    4    5    6    3    2    7    4    2    3    4    5    6    3    2    7    4    
3          2.681684097613301E-4   76.22222222222216      7          3    1    5    6    7    2    3    7    5    3    4    5    6    7    4    3    7    5    
1          8.938946992044337E-5   74.9999999999999       8          3    1    5    7    8    4    3    8    5    3    4    6    7    8    2    3    8    6    
3          2.681684097613301E-4   74.30065359477119      7          3    4    5    6    7    4    3    7    1    3    4    5    6    7    4    3    7    2    
1          8.938946992044337E-5   71.98692810457509      7          3    4    5    6    7    4    1    7    5    2    4    5    6    7    4    3    7    5    
5          4.4694734960221686E-4  70.45098039215682      6          1    2    3    4    5    2    1    6    3    1    2    3    4    6    2    1    5    3    
2          1.7877893984088674E-4  64.75816993464048      7          3    4    5    6    7    4    3    7    5    1    4    5    6    2    4    3    7    5    
4          3.575578796817735E-4   62.52941176470582      7          2    3    4    6    7    3    2    7    5    2    3    4    6    1    3    2    7    5    
1          8.938946992044337E-5   62.22875816993461      7          3    1    5    6    7    4    3    7    5    3    4    5    6    2    4    3    7    5    
1          8.938946992044337E-5   61.58169934640519      8          4    5    6    7    8    5    1    8    6    4    5    2    7    8    5    4    8    3    
4          3.575578796817735E-4   57.40522875816991      7          3    4    5    6    1    4    3    7    5    3    4    5    6    7    4    3    7    2    
1          8.938946992044337E-5   55.79084967320259      8          4    5    1    7    8    5    4    8    6    4    5    6    7    2    5    4    3    6    
18         0.0016090104585679806  54.28104575163396      6          1    2    3    5    6    2    1    6    4    1    2    3    5    6    2    1    6    4    
30         0.0026816840976133013  38.823529411764696     4          1    1    2    3    4    1    1    4    2    1    1    2    3    4    1    1    4    2    
1          8.938946992044337E-5   36.04575163398693      7          3    1    5    6    7    4    3    7    5    3    4    5    6    7    4    3    7    2    
3          2.681684097613301E-4   35.27450980392157      6          3    4    5    1    6    4    3    6    5    3    4    5    2    6    4    3    6    5    
1          8.938946992044337E-5   32.43137254901961      7          3    4    5    6    7    4    3    7    1    3    4    2    6    7    4    3    7    5    
1          8.938946992044337E-5   29.36601307189543      9          6    1    2    8    9    7    6    9    3    6    7    4    8    9    7    6    9    5    
1          8.938946992044337E-5   28.601307189542485     9          6    7    1    8    9    7    6    9    2    6    7    3    8    4    7    6    9    5    
1          8.938946992044337E-5   28.42483660130719      7          2    3    4    6    7    3    2    7    5    2    3    5    6    1    3    2    7    4    
1          8.938946992044337E-5   27.59477124183007      8          4    5    6    7    8    5    4    8    1    4    5    6    7    2    5    4    8    3    
1          8.938946992044337E-5   27.326797385620917     6          1    2    4    5    6    3    1    6    4    1    3    4    5    6    2    1    6    4    
2          1.7877893984088674E-4  26.392156862745104     7          3    1    5    6    2    4    3    7    5    3    4    5    6    7    4    3    7    5    
1          8.938946992044337E-5   23.35294117647059      6          1    3    4    5    6    3    2    6    4    2    3    4    5    6    3    1    6    4    
1          8.938946992044337E-5   22.862745098039216     9          5    6    7    8    1    6    5    9    7    5    6    2    8    3    6    5    9    4    
1          8.938946992044337E-5   22.718954248366018     7          3    1    5    6    7    4    3    7    5    3    4    2    6    7    4    3    7    5    
1          8.938946992044337E-5   20.764705882352942     7          3    4    5    6    7    1    3    7    5    3    4    5    6    2    4    3    7    5    
1          8.938946992044337E-5   19.96732026143791      7          2    3    4    6    7    3    2    7    4    2    3    5    6    1    3    2    7    5    
1          8.938946992044337E-5   19.88235294117647      9          5    1    7    8    9    6    5    9    7    5    6    2    8    3    6    5    9    4    
1          8.938946992044337E-5   18.77124183006536      7          2    3    1    6    7    3    2    7    5    2    4    5    6    7    4    2    7    5    
1          8.938946992044337E-5   15.921568627450982     7          3    4    5    6    7    4    1    7    5    3    4    5    6    2    4    3    7    5    
1          8.938946992044337E-5   15.143790849673206     8          3    4    5    6    7    1    3    8    5    3    4    5    6    7    4    3    8    2    
1          8.938946992044337E-5   14.294117647058826     7          2    3    4    5    6    3    2    7    4    2    3    4    5    6    3    2    7    1    
2          1.7877893984088674E-4  13.823529411764708     4          1    2    3    3    4    2    1    4    3    1    2    3    3    4    2    1    4    3    
1          8.938946992044337E-5   13.372549019607844     7          2    3    4    5    6    3    2    7    4    2    3    1    5    6    3    2    7    4    
1          8.938946992044337E-5   12.163398692810459     8          4    5    6    7    8    5    4    8    6    4    5    6    7    1    5    2    8    3    
3          2.681684097613301E-4   11.555555555555557     7          3    4    1    6    7    4    3    7    2    3    4    5    6    7    4    3    7    5    
6          5.363368195226602E-4   8.895424836601308      5          2    2    3    4    5    2    2    5    3    2    2    3    4    5    2    2    5    1    
1          8.938946992044337E-5   8.477124183006536      7          2    3    5    6    7    3    2    7    5    2    4    5    6    1    4    2    7    5    
1          8.938946992044337E-5   7.712418300653596      7          3    4    5    6    7    1    3    7    5    3    4    2    6    7    4    3    7    5    
1          8.938946992044337E-5   6.666666666666667      7          3    4    5    6    1    4    3    7    5    3    4    5    6    7    4    3    2    5    
1          8.938946992044337E-5   5.77124183006536       8          4    5    6    7    8    1    4    8    6    4    5    2    7    8    5    4    8    3    
1          8.938946992044337E-5   4.705882352941177      8          4    1    6    7    8    2    4    8    6    4    5    6    7    8    5    4    8    3    
1          8.938946992044337E-5   3.901960784313726      7          4    5    6    1    7    5    4    7    6    4    5    2    3    7    5    4    7    6    
2          1.7877893984088674E-4  2.980392156862745      7          3    4    5    6    1    4    3    7    5    3    4    2    6    7    4    3    7    5    
2          1.7877893984088674E-4  2.9607843137254903     5          2    2    3    4    5    2    2    5    3    2    2    3    4    1    2    2    5    3    
1          8.938946992044337E-5   1.0                    5          2    2    3    4    5    2    2    5    3    2    2    1    4    5    2    2    5    3    
1          8.938946992044337E-5   1.0                    7          2    3    4    6    1    3    2    7    5    2    3    4    6    7    3    2    7    5    

