count      fraction               similarity             nclusters  T_pella8--0 T_pyra1--0 T_pyra2--0 T_pella7--0 T_pella6--0 T_pella5--0 T_pyra3--0 T_pella9--0 T_pyra4--0 T_pella8--1 T_pyra1--1 T_pyra2--1 T_pella7--1 T_pella6--1 T_pella5--1 T_pyra3--1 T_pella9--1 T_pyra4--1 
115        0.03731343283582089    2608.5424836601937     4          1    4    4    1    2    3    4    1    4    1    4    4    1    2    3    4    1    4    
1064       0.34523036988968203    2563.2156862745464     3          1    3    3    1    2    2    3    1    3    1    3    3    1    2    2    3    1    3    
259        0.08403634003893576    1567.8823529412111     5          1    5    5    2    3    4    5    1    5    1    5    5    2    3    4    5    1    5    
1298       0.42115509409474366    1342.9477124183002     4          1    4    4    2    3    3    4    1    4    1    4    4    2    3    3    4    1    4    
45         0.014600908500973394   274.01307189542337     6          1    5    5    2    3    4    6    1    6    1    5    5    2    3    4    6    1    6    
9          0.0029201817001946787  227.32679738561964     6          1    4    5    2    3    3    6    1    6    1    4    5    2    3    3    6    1    6    
144        0.04672290720311486    225.3202614379083      5          1    4    4    2    3    3    5    1    5    1    4    4    2    3    3    5    1    5    
48         0.015574302401038288   70.61437908496733      4          1    3    3    1    2    2    4    1    4    1    3    3    1    2    2    4    1    4    
6          0.001946787800129786   64.45098039215688      6          1    5    5    3    4    4    6    2    6    1    5    5    3    4    4    6    2    6    
15         0.004866969500324465   38.359477124183        6          1    6    6    3    4    5    6    2    6    1    6    6    3    4    5    6    2    6    
22         0.007138221933809215   24.80392156862745      5          1    5    5    3    4    4    5    2    5    1    5    5    3    4    4    5    2    5    
1          3.244646333549643E-4   22.771241830065364     6          1    4    5    1    2    3    6    1    6    1    4    5    1    2    3    6    1    6    
1          3.244646333549643E-4   21.61437908496732      8          1    5    6    2    3    4    7    1    8    1    5    6    2    3    4    7    1    8    
1          3.244646333549643E-4   20.797385620915033     5          1    3    4    1    2    2    5    1    5    1    3    4    1    2    2    5    1    5    
4          0.0012978585334198572  20.797385620915033     7          1    5    6    2    3    4    7    1    7    1    5    6    2    3    4    7    1    7    
5          0.0016223231667748216  17.058823529411768     6          1    4    4    2    3    3    5    1    6    1    4    4    2    3    3    5    1    6    
5          0.0016223231667748216  16.16339869281046      7          1    6    6    3    4    5    7    2    7    1    6    6    3    4    5    7    2    7    
2          6.489292667099286E-4   14.503267973856211     5          1    4    5    2    3    3    4    1    4    1    4    5    2    3    3    4    1    4    
7          0.0022712524334847503  12.529411764705884     6          1    5    6    2    3    4    5    1    5    1    5    6    2    3    4    5    1    5    
3          9.73393900064893E-4    10.503267973856211     5          1    4    5    2    3    3    5    1    5    1    4    5    2    3    3    5    1    5    
2          6.489292667099286E-4   9.320261437908497      6          3    6    6    4    1    5    6    3    6    3    6    6    4    2    5    6    3    6    
8          0.0025957170668397143  8.0                    5          1    4    4    1    2    3    5    1    5    1    4    4    1    2    3    5    1    5    
6          0.001946787800129786   6.0                    4          1    3    4    1    2    2    3    1    3    1    3    4    1    2    2    3    1    3    
4          0.0012978585334198572  4.0                    2          1    2    2    1    1    1    2    1    2    1    2    2    1    1    1    2    1    2    
3          9.73393900064893E-4    3.973856209150327      5          1    4    4    2    3    3    5    1    4    1    4    4    2    3    3    5    1    4    
3          9.73393900064893E-4    3.9215686274509807     4          1    3    4    1    2    2    4    1    4    1    3    4    1    2    2    4    1    4    
1          3.244646333549643E-4   1.0                    6          1    5    6    2    3    4    6    1    6    1    5    6    2    3    4    6    1    6    
1          3.244646333549643E-4   1.0                    6          1    5    5    3    4    4    6    2    5    1    5    5    3    4    4    6    2    5    

