count      fraction               similarity             nclusters  T_pella8--0 T_pyra1--0 T_pyra2--0 T_pella7--0 T_pella6--0 T_pella5--0 T_pyra3--0 T_pella9--0 T_pyra4--0 T_pella8--1 T_pyra1--1 T_pyra2--1 T_pella7--1 T_pella6--1 T_pella5--1 T_pyra3--1 T_pella9--1 T_pyra4--1 
285        0.09247242050616483    3042.3986928104855     10         3    7    8    5    1    6    10   4    9    3    7    8    5    2    6    10   4    9    
175        0.05678131083711875    2757.084967320285      12         7    10   11   8    1    9    2    3    12   7    10   11   8    4    9    5    6    12   
336        0.109020116807268      2586.8300653595056     9          1    6    7    3    4    5    8    2    9    1    6    7    3    4    5    8    2    9    
145        0.04704737183646982    2241.2875816993633     10         3    7    8    4    5    6    9    1    10   3    7    8    4    5    6    9    2    10   
8          0.0025957170668397143  2230.934640522905      12         7    9    10   1    2    3    11   8    12   7    9    10   4    5    6    11   8    12   
30         0.00973393900064893    2092.4771241830113     13         9    11   12   10   1    2    3    4    13   9    11   12   10   5    6    7    8    13   
45         0.014600908500973394   2065.320261437928      12         7    10   11   9    1    2    3    8    12   7    10   11   9    4    5    6    8    12   
25         0.008111615833874108   2009.9019607843509     12         7    9    10   8    1    2    11   3    12   7    9    10   8    4    5    11   6    12   
28         0.009085009733939001   1987.2679738562238     10         3    7    8    5    6    1    9    4    10   3    7    8    5    6    2    9    4    10   
4          0.0012978585334198572  1972.529411764691      8          1    6    7    3    4    5    8    2    8    1    6    7    3    4    5    8    2    8    
24         0.007787151200519144   1963.692810457539      11         5    9    10   7    8    1    2    6    11   5    9    10   7    8    3    4    6    11   
25         0.008111615833874108   1933.424836601325      12         7    10   11   8    9    1    2    3    12   7    10   11   8    9    4    5    6    12   
4          0.0012978585334198572  1930.6339869281253     13         9    1    12   11   2    3    4    10   13   9    5    12   11   6    7    8    10   13   
281        0.09117456197274497    1920.3986928104832     10         3    8    9    5    6    7    1    4    10   3    8    9    5    6    7    2    4    10   
1          3.244646333549643E-4   1891.4967320261617     15         13   14   15   1    2    3    4    5    6    13   14   15   7    8    9    10   11   12   
33         0.010707332900713823   1631.163398692824      11         5    8    9    7    1    2    10   6    11   5    8    9    7    3    4    10   6    11   
33         0.010707332900713823   1603.4183006535982     13         9    11   12   1    2    10   3    4    13   9    11   12   5    6    10   7    8    13   
161        0.05223880597014925    1574.0000000000043     11         5    8    9    6    1    7    10   2    11   5    8    9    6    3    7    10   4    11   
21         0.00681375730045425    1411.2287581699456     12         7    11   12   9    1    10   2    8    3    7    11   12   9    4    10   5    8    6    
41         0.013303049967553536   1392.5032679738667     12         7    10   11   1    2    9    3    8    12   7    10   11   4    5    9    6    8    12   
19         0.006164828033744322   1349.8104575163425     11         5    1    10   7    8    9    2    6    11   5    3    10   7    8    9    4    6    11   
2          6.489292667099286E-4   1324.810457516348      12         1    2    11   8    9    10   3    7    12   4    5    11   8    9    10   6    7    12   
35         0.01135626216742375    1324.2875816993528     11         5    8    9    1    2    7    10   6    11   5    8    9    3    4    7    10   6    11   
4          0.0012978585334198572  1318.7581699346474     13         9    1    11   10   2    3    12   4    13   9    5    11   10   6    7    12   8    13   
155        0.050292018170019465   1292.705882352947      11         5    9    10   6    7    8    1    2    11   5    9    10   6    7    8    3    4    11   
3          9.73393900064893E-4    1284.9477124183074     13         1    11   12   2    9    10   3    4    13   5    11   12   6    9    10   7    8    13   
21         0.00681375730045425    1134.6339869281094     11         5    1    9    7    2    8    10   6    11   5    3    9    7    4    8    10   6    11   
39         0.012654120700843608   1115.2810457516382     11         5    9    10   1    7    8    2    6    11   5    9    10   3    7    8    4    6    11   
251        0.08144062297209605    1077.202614379091      11         5    9    10   7    1    8    2    6    11   5    9    10   7    3    8    4    6    11   
5          0.0016223231667748216  1073.2352941176512     13         9    12   13   1    2    11   3    10   4    9    12   13   5    6    11   7    10   8    
22         0.007138221933809215   823.522875816992       11         5    8    9    1    6    7    10   2    11   5    8    9    3    6    7    10   4    11   
18         0.005840363400389357   801.3921568627447      11         5    9    10   7    1    8    11   6    2    5    9    10   7    3    8    11   6    4    
15         0.004866969500324465   783.5359477124169      11         5    9    1    7    2    8    10   6    11   5    9    3    7    4    8    10   6    11   
4          0.0012978585334198572  767.4117647058828      14         1    2    13   11   3    12   4    5    14   6    7    13   11   8    12   9    10   14   
20         0.006489292667099286   765.7777777777767      13         9    1    12   10   2    11   3    4    13   9    5    12   10   6    11   7    8    13   
40         0.012978585334198572   746.0522875816989      10         3    7    8    1    5    6    9    4    10   3    7    8    2    5    6    9    4    10   
5          0.0016223231667748216  703.7385620915006      12         7    10   11   1    9    2    3    8    12   7    10   11   4    9    5    6    8    12   
19         0.006164828033744322   702.1633986928108      12         1    9    10   7    2    8    11   3    12   4    9    10   7    5    8    11   6    12   
17         0.0055158987670343934  683.8954248366013      13         1    11   12   9    2    10   3    4    13   5    11   12   9    6    10   7    8    13   
10         0.003244646333549643   665.7712418300645      11         5    8    9    6    7    1    10   2    11   5    8    9    6    7    3    10   4    11   
13         0.004218040233614536   656.4771241830058      11         1    8    9    5    6    7    10   2    11   3    8    9    5    6    7    10   4    11   
28         0.009085009733939001   644.2745098039219      13         9    12   13   10   1    11   2    3    4    9    12   13   10   5    11   6    7    8    
6          0.001946787800129786   615.6862745098025      12         7    10   11   8    1    9    12   2    3    7    10   11   8    4    9    12   5    6    
14         0.004542504866969501   611.2810457516339      11         1    9    10   6    7    8    2    5    11   3    9    10   6    7    8    4    5    11   
15         0.004866969500324465   597.3464052287576      12         7    1    11   8    9    10   2    3    12   7    4    11   8    9    10   5    6    12   
14         0.004542504866969501   582.6535947712417      11         5    10   1    7    8    9    2    6    11   5    10   3    7    8    9    4    6    11   
6          0.001946787800129786   568.0653594771243      11         5    9    1    6    7    8    10   2    11   5    9    3    6    7    8    10   4    11   
11         0.0035691109669046075  561.3790849673203      11         5    1    9    6    7    8    10   2    11   5    3    9    6    7    8    10   4    11   
1          3.244646333549643E-4   560.9150326797384      11         1    8    9    2    6    7    10   5    11   3    8    9    4    6    7    10   5    11   
3          9.73393900064893E-4    549.0392156862732      12         7    1    2    9    3    10   11   8    12   7    4    5    9    6    10   11   8    12   
26         0.008436080467229072   547.5032679738548      12         7    1    11   9    2    10   3    8    12   7    4    11   9    5    10   6    8    12   
1          3.244646333549643E-4   544.4183006535941      13         9    1    12   2    3    11   13   10   4    9    5    12   6    7    11   13   10   8    
22         0.007138221933809215   521.9215686274495      12         7    10   11   1    8    9    2    3    12   7    10   11   4    8    9    5    6    12   
23         0.007462686567164179   499.0326797385626      11         5    10   11   7    8    9    1    6    2    5    10   11   7    8    9    3    6    4    
1          3.244646333549643E-4   494.6862745098039      15         13   1    2    3    4    5    14   6    15   13   7    8    9    10   11   14   12   15   
7          0.0022712524334847503  474.91503267973667     14         11   1    2    12   3    13   4    5    14   11   6    7    12   8    13   9    10   14   
26         0.008436080467229072   467.934640522874       12         7    9    10   1    2    8    11   3    12   7    9    10   4    5    8    11   6    12   
1          3.244646333549643E-4   466.29411764705935     15         13   1    15   2    3    14   4    5    6    13   7    15   8    9    14   10   11   12   
1          3.244646333549643E-4   465.4967320261418      14         11   12   13   1    2    3    14   4    5    11   12   13   6    7    8    14   9    10   
4          0.0012978585334198572  440.95424836601114     12         7    10   1    2    3    9    11   8    12   7    10   4    5    6    9    11   8    12   
2          6.489292667099286E-4   436.6013071895425      13         9    11   1    2    3    10   12   4    13   9    11   5    6    7    10   12   8    13   
3          9.73393900064893E-4    434.745098039216       13         9    1    12   10   11   2    3    4    13   9    5    12   10   11   6    7    8    13   
4          0.0012978585334198572  432.1830065359459      12         7    11   1    2    9    10   3    8    12   7    11   4    5    9    10   6    8    12   
6          0.001946787800129786   428.6274509803904      12         1    10   11   2    8    9    3    7    12   4    10   11   5    8    9    6    7    12   
10         0.003244646333549643   423.60784313725355     10         3    1    8    5    6    7    9    4    10   3    2    8    5    6    7    9    4    10   
5          0.0016223231667748216  412.3398692810442      12         7    1    11   9    2    10   12   8    3    7    4    11   9    5    10   12   8    6    
2          6.489292667099286E-4   407.22222222222194     13         9    11   12   1    2    10   13   3    4    9    11   12   5    6    10   13   7    8    
3          9.73393900064893E-4    406.0980392156848      14         1    12   13   2    3    11   4    5    14   6    12   13   7    8    11   9    10   14   
6          0.001946787800129786   403.0653594771242      13         9    12   13   11   1    2    3    10   4    9    12   13   11   5    6    7    10   8    
2          6.489292667099286E-4   396.18300653594775     13         9    1    2    11   3    12   4    10   13   9    5    6    11   7    12   8    10   13   
1          3.244646333549643E-4   396.07189542483655     13         1    12   13   10   11   2    3    9    4    5    12   13   10   11   6    7    9    8    
4          0.0012978585334198572  393.96078431372405     14         11   1    13   12   2    3    4    5    14   11   6    13   12   7    8    9    10   14   
4          0.0012978585334198572  389.5947712418306      13         9    1    13   10   11   12   2    3    4    9    5    13   10   11   12   6    7    8    
11         0.0035691109669046075  387.17647058823434     12         7    11   12   8    9    10   1    2    3    7    11   12   8    9    10   4    5    6    
17         0.0055158987670343934  374.50980392156765     10         1    7    8    4    5    6    9    3    10   2    7    8    4    5    6    9    3    10   
2          6.489292667099286E-4   371.6993464052288      12         8    10   11   9    1    2    3    8    12   8    10   11   9    4    5    6    7    12   
1          3.244646333549643E-4   371.35294117646924     13         10   11   13   1    2    3    4    10   12   10   11   13   5    6    7    8    9    12   
14         0.004542504866969501   356.0326797385608      12         7    1    10   8    2    9    11   3    12   7    4    10   8    5    9    11   6    12   
1          3.244646333549643E-4   355.4640522875815      13         1    2    3    10   4    11   12   9    13   5    6    7    10   8    11   12   9    13   
4          0.0012978585334198572  341.11764705882274     14         11   1    13   2    3    12   4    5    14   11   6    13   7    8    12   9    10   14   
1          3.244646333549643E-4   336.6470588235292      13         9    1    2    11   3    4    12   10   13   9    5    6    11   7    8    12   10   13   
4          0.0012978585334198572  336.5947712418292      14         11   14   1    12   2    13   3    4    5    11   14   6    12   7    13   8    9    10   
7          0.0022712524334847503  333.8235294117636      12         7    10   1    8    2    9    11   3    12   7    10   4    8    5    9    11   6    12   
3          9.73393900064893E-4    326.7973856209149      13         1    12   2    10   3    11   4    9    13   5    12   6    10   7    11   8    9    13   
16         0.005191434133679429   324.28758169934576     12         1    10   11   7    8    9    2    3    12   4    10   11   7    8    9    5    6    12   
6          0.001946787800129786   307.7581699346402      11         5    8    9    1    7    2    10   6    11   5    8    9    3    7    4    10   6    11   
1          3.244646333549643E-4   301.07843137254906     11         5    1    10   7    8    9    11   6    2    5    3    10   7    8    9    11   6    4    
1          3.244646333549643E-4   299.66013071895406     15         1    2    3    13   4    14   5    6    15   7    8    9    13   10   14   11   12   15   
3          9.73393900064893E-4    299.0261437908496      13         1    12   13   10   2    11   3    9    4    5    12   13   10   6    11   7    9    8    
1          3.244646333549643E-4   297.7254901960777      14         1    2    3    12   13   14   4    11   5    6    7    8    12   13   14   9    11   10   
3          9.73393900064893E-4    295.67320261437885     11         1    2    9    6    7    8    10   5    11   3    4    9    6    7    8    10   5    11   
11         0.0035691109669046075  294.1764705882351      11         1    8    9    6    2    7    10   5    11   3    8    9    6    4    7    10   5    11   
2          6.489292667099286E-4   281.3790849673196      14         11   12   14   1    2    3    4    5    13   11   12   14   6    7    8    9    10   13   
1          3.244646333549643E-4   281.0588235294118      15         1    14   15   2    3    13   4    5    6    7    14   15   8    9    13   10   11   12   
21         0.00681375730045425    279.46405228758124     12         1    10   11   8    2    9    3    7    12   4    10   11   8    5    9    6    7    12   
1          3.244646333549643E-4   277.6666666666657      14         1    14   2    3    12   13   4    11   5    6    14   7    8    12   13   9    11   10   
3          9.73393900064893E-4    257.9411764705882      13         1    11   12   10   2    3    4    9    13   5    11   12   10   6    7    8    9    13   
5          0.0016223231667748216  253.60130718954244     13         1    10   11   2    3    9    12   4    13   5    10   11   6    7    9    12   8    13   
1          3.244646333549643E-4   253.30718954248405     10         4    8    9    6    1    7    10   5    10   4    8    9    6    2    7    3    5    10   
2          6.489292667099286E-4   248.92156862745082     12         7    10   11   1    2    9    12   8    3    7    10   11   4    5    9    12   8    6    
2          6.489292667099286E-4   247.2679738562089      13         9    13   1    11   2    12   3    10   4    9    13   5    11   6    12   7    10   8    
8          0.0025957170668397143  245.4640522875815      13         9    11   12   1    2    3    4    10   13   9    11   12   5    6    7    8    10   13   
4          0.0012978585334198572  237.4967320261432      12         7    9    10   1    8    2    11   3    12   7    9    10   4    8    5    11   6    12   
1          3.244646333549643E-4   232.48366013071893     15         13   1    14   2    3    4    5    6    15   13   7    14   8    9    10   11   12   15   
2          6.489292667099286E-4   231.7973856209147      13         9    1    2    11   3    12   13   10   4    9    5    6    11   7    12   13   10   8    
1          3.244646333549643E-4   229.96732026143758     13         1    13   2    10   11   12   3    9    4    5    13   6    10   11   12   7    9    8    
5          0.0016223231667748216  226.46405228758172     9          3    7    8    4    5    6    1    3    9    3    7    8    4    5    6    2    3    9    
3          9.73393900064893E-4    224.5359477124181      13         9    1    12   2    3    11   4    10   13   9    5    12   6    7    11   8    10   13   
1          3.244646333549643E-4   221.04575163398653     14         11   1    14   12   13   2    3    4    5    11   6    14   12   13   7    8    9    10   
4          0.0012978585334198572  220.83006535947655     14         11   13   14   12   1    2    3    4    5    11   13   14   12   6    7    8    9    10   
4          0.0012978585334198572  217.64052287581666     12         7    11   1    9    10   2    3    8    12   7    11   4    9    10   5    6    8    12   
6          0.001946787800129786   213.52287581699315     13         9    12   1    11   2    3    4    10   13   9    12   5    11   6    7    8    10   13   
1          3.244646333549643E-4   207.10457516339838     12         1    11   12   8    9    10   2    7    3    4    11   12   8    9    10   5    7    6    
1          3.244646333549643E-4   204.77124183006543     11         6    9    10   7    8    1    2    3    11   6    9    10   7    8    4    5    6    11   
1          3.244646333549643E-4   204.55555555555523     14         11   13   1    12   2    3    4    5    14   11   13   6    12   7    8    9    10   14   
1          3.244646333549643E-4   204.35947712418306     10         4    8    9    5    6    7    1    2    10   4    8    9    5    6    7    3    4    10   
4          0.0012978585334198572  203.18954248365978     14         1    12   13   11   2    3    4    5    14   6    12   13   11   7    8    9    10   14   
1          3.244646333549643E-4   199.7777777777775      13         9    12   1    10   11   2    3    4    13   9    12   5    10   11   6    7    8    13   
1          3.244646333549643E-4   194.7712418300652      11         7    10   11   8    1    9    2    7    3    7    10   11   8    4    9    5    7    6    
4          0.0012978585334198572  194.7385620915032      9          3    6    7    4    1    5    8    3    9    3    6    7    4    2    5    8    3    9    
6          0.001946787800129786   190.9346405228758      8          1    5    6    2    3    4    7    1    8    1    5    6    2    3    4    7    1    8    
8          0.0025957170668397143  188.16339869281003     10         3    8    1    5    6    7    9    4    10   3    8    2    5    6    7    9    4    10   
1          3.244646333549643E-4   184.24183006535935     10         5    8    9    6    7    1    10   2    10   5    8    9    6    7    3    10   4    10   
3          9.73393900064893E-4    179.43790849673184     13         1    11   2    9    3    10   12   4    13   5    11   6    9    7    10   12   8    13   
2          6.489292667099286E-4   176.42483660130705     12         1    9    10   7    8    2    11   3    12   4    9    10   7    8    5    11   6    12   
2          6.489292667099286E-4   174.37254901960753     12         7    1    12   9    10   11   2    8    3    7    4    12   9    10   11   5    8    6    
1          3.244646333549643E-4   172.26797385620876     14         11   1    14   12   2    13   3    4    5    11   6    14   12   7    13   8    9    10   
1          3.244646333549643E-4   171.52941176470569     12         7    11   12   1    9    10   2    8    3    7    11   12   4    9    10   5    8    6    
5          0.0016223231667748216  170.54248366013044     12         7    1    10   2    3    9    11   8    12   7    4    10   5    6    9    11   8    12   
5          0.0016223231667748216  166.22875816993448     11         5    9    10   6    7    8    11   1    2    5    9    10   6    7    8    11   3    4    
5          0.0016223231667748216  161.503267973856       13         9    12   1    10   2    11   3    4    13   9    12   5    10   6    11   7    8    13   
2          6.489292667099286E-4   155.9738562091501      12         1    9    10   2    7    8    11   3    12   4    9    10   5    7    8    11   6    12   
3          9.73393900064893E-4    154.11764705882328     14         11   13   1    2    3    12   4    5    14   11   13   6    7    8    12   9    10   14   
1          3.244646333549643E-4   149.79084967320247     13         9    12   1    2    10   11   13   3    4    9    12   5    6    10   11   13   7    8    
1          3.244646333549643E-4   149.16993464052277     13         9    10   11   1    2    3    12   4    13   9    10   11   5    6    7    12   8    13   
2          6.489292667099286E-4   148.09803921568601     12         1    9    10   2    3    8    11   7    12   4    9    10   5    6    8    11   7    12   
1          3.244646333549643E-4   146.58823529411742     12         9    10   11   1    2    3    12   4    12   9    10   11   5    6    7    12   8    12   
1          3.244646333549643E-4   145.95424836601288     14         1    13   14   11   2    12   3    4    5    6    13   14   11   7    12   8    9    10   
8          0.0025957170668397143  145.76470588235273     10         3    8    9    5    6    7    10   4    1    3    8    9    5    6    7    10   4    2    
3          9.73393900064893E-4    137.51633986928084     12         7    11   12   9    10   1    2    8    3    7    11   12   9    10   4    5    8    6    
1          3.244646333549643E-4   134.66666666666652     11         1    8    9    6    7    2    10   5    11   3    8    9    6    7    4    10   5    11   
3          9.73393900064893E-4    133.15686274509787     14         1    11   12   2    3    4    13   5    14   6    11   12   7    8    9    13   10   14   
2          6.489292667099286E-4   130.72549019607834     13         1    11   12   9    10   2    3    4    13   5    11   12   9    10   6    7    8    13   
2          6.489292667099286E-4   128.83006535947703     13         9    13   1    10   11   12   2    3    4    9    13   5    10   11   12   6    7    8    
1          3.244646333549643E-4   126.62091503267968     15         13   14   1    2    3    4    5    6    15   13   14   7    8    9    10   11   12   15   
1          3.244646333549643E-4   125.13725490196063     15         1    14   15   13   2    3    4    5    6    7    14   15   13   8    9    10   11   12   
1          3.244646333549643E-4   124.673202614379       13         9    1    13   11   2    12   3    10   4    9    5    13   11   6    12   7    10   8    
3          9.73393900064893E-4    122.05228758169926     12         7    1    11   2    9    10   3    8    12   7    4    11   5    9    10   6    8    12   
2          6.489292667099286E-4   121.68627450980394     8          1    5    6    3    4    4    8    2    7    1    5    6    3    4    4    8    2    7    
3          9.73393900064893E-4    119.09150326797374     12         1    10   11   8    9    2    3    7    12   4    10   11   8    9    5    6    7    12   
3          9.73393900064893E-4    116.44444444444436     13         9    11   1    10   2    3    12   4    13   9    11   5    10   6    7    12   8    13   
1          3.244646333549643E-4   113.15686274509794     13         1    2    12   9    10   11   3    4    13   5    6    12   9    10   11   7    8    13   
1          3.244646333549643E-4   110.6405228758169      12         7    1    2    9    10   11   3    8    12   7    4    5    9    10   11   6    8    12   
2          6.489292667099286E-4   110.33986928104564     9          3    7    8    4    5    6    9    1    9    3    7    8    4    5    6    9    2    9    
2          6.489292667099286E-4   109.38562091503263     13         9    11   12   1    10   2    3    4    13   9    11   12   5    10   6    7    8    13   
1          3.244646333549643E-4   107.32026143790844     13         1    11   12   2    3    10   4    9    13   5    11   12   6    7    10   8    9    13   
2          6.489292667099286E-4   106.30718954248353     13         9    11   12   10   1    2    13   3    4    9    11   12   10   5    6    13   7    8    
2          6.489292667099286E-4   104.60784313725478     14         1    13   2    11   3    12   4    5    14   6    13   7    11   8    12   9    10   14   
1          3.244646333549643E-4   102.11111111111099     14         1    2    12   3    4    11   13   5    14   6    7    12   8    9    11   13   10   14   
1          3.244646333549643E-4   101.68627450980385     12         7    11   1    8    9    10   12   2    3    7    11   4    8    9    10   12   5    6    
1          3.244646333549643E-4   100.47712418300638     12         7    10   11   8    9    1    12   2    3    7    10   11   8    9    4    12   5    6    
1          3.244646333549643E-4   100.0065359477124      11         5    1    2    7    8    9    10   6    11   5    3    4    7    8    9    10   6    11   
10         0.003244646333549643   99.24183006535937      12         7    11   1    9    2    10   3    8    12   7    11   4    9    5    10   6    8    12   
2          6.489292667099286E-4   89.08496732026137      12         7    10   1    9    2    3    11   8    12   7    10   4    9    5    6    11   8    12   
1          3.244646333549643E-4   87.1633986928104       13         9    1    2    10   11   12   3    4    13   9    5    6    10   11   12   7    8    13   
1          3.244646333549643E-4   84.54901960784306      15         13   1    2    3    4    14   15   5    6    13   7    8    9    10   14   15   11   12   
1          3.244646333549643E-4   84.41176470588226      10         5    8    9    6    7    7    1    2    10   5    8    9    6    7    7    3    4    10   
1          3.244646333549643E-4   82.62745098039208      9          3    7    8    5    1    6    9    4    9    3    7    8    5    2    6    9    4    9    
1          3.244646333549643E-4   82.52941176470578      10         4    8    9    6    7    7    1    5    10   4    8    9    6    2    7    3    5    10   
1          3.244646333549643E-4   81.313725490196        12         1    11   2    8    9    10   3    7    12   4    11   5    8    9    10   6    7    12   
5          0.0016223231667748216  80.22875816993455      13         1    10   11   9    2    3    12   4    13   5    10   11   9    6    7    12   8    13   
1          3.244646333549643E-4   78.65359477124177      7          1    5    5    3    4    4    6    2    7    1    5    5    3    4    4    6    2    7    
2          6.489292667099286E-4   75.3725490196078       12         1    10   2    8    3    9    11   7    12   4    10   5    8    6    9    11   7    12   
8          0.0025957170668397143  73.83006535947709      12         7    11   1    8    9    10   2    3    12   7    11   4    8    9    10   5    6    12   
3          9.73393900064893E-4    64.82352941176465      10         5    8    9    6    1    7    2    5    10   5    8    9    6    3    7    4    5    10   
1          3.244646333549643E-4   62.67320261437904      13         1    2    11   10   3    4    12   9    13   5    6    11   10   7    8    12   9    13   
1          3.244646333549643E-4   60.60130718954243      10         5    8    9    7    1    2    10   6    10   5    8    9    7    3    4    10   6    10   
1          3.244646333549643E-4   59.94117647058819      10         5    7    8    1    2    6    9    5    10   5    7    8    3    4    6    9    5    10   
2          6.489292667099286E-4   59.80392156862741      14         11   1    2    13   3    4    5    12   14   11   6    7    13   8    9    10   12   14   
1          3.244646333549643E-4   58.078431372548984     11         5    10   1    7    8    9    11   6    2    5    10   3    7    8    9    11   6    4    
2          6.489292667099286E-4   56.94771241830061      13         1    12   2    9    10   11   3    4    13   5    12   6    9    10   11   7    8    13   
2          6.489292667099286E-4   55.287581699346376     11         5    9    1    2    7    8    10   6    11   5    9    3    4    7    8    10   6    11   
1          3.244646333549643E-4   53.09803921568625      12         1    9    10   2    8    3    11   7    12   4    9    10   5    8    6    11   7    12   
4          0.0012978585334198572  52.46405228758166      11         5    1    9    2    7    8    10   6    11   5    3    9    4    7    8    10   6    11   
1          3.244646333549643E-4   48.38562091503264      13         9    1    11   2    3    10   12   4    13   9    5    11   6    7    10   12   8    13   
1          3.244646333549643E-4   46.54901960784311      10         5    7    8    1    6    2    9    5    10   5    7    8    3    6    4    9    5    10   
1          3.244646333549643E-4   46.18954248366011      14         11   1    2    13   3    14   4    12   5    11   6    7    13   8    14   9    12   10   
1          3.244646333549643E-4   44.60784313725488      10         5    8    10   6    1    7    9    2    9    5    8    10   6    3    7    9    4    9    
1          3.244646333549643E-4   44.3267973856209       11         6    9    10   7    1    8    2    6    11   6    9    10   7    3    8    4    5    11   
1          3.244646333549643E-4   43.38562091503266      10         4    7    8    1    5    6    9    4    10   4    7    8    2    5    6    9    3    10   
3          9.73393900064893E-4    42.38562091503266      10         4    7    10   5    1    6    8    4    9    4    7    10   5    2    6    8    3    9    
2          6.489292667099286E-4   39.49019607843136      10         4    8    10   5    6    7    1    4    9    4    8    10   5    6    7    2    3    9    
1          3.244646333549643E-4   37.35294117647059      11         6    9    1    7    8    2    10   6    11   6    9    3    7    8    4    10   5    11   
1          3.244646333549643E-4   36.5359477124183       9          2    6    7    3    4    5    8    2    9    2    6    7    3    4    5    8    1    9    
1          3.244646333549643E-4   35.84313725490196      13         9    1    11   2    10   3    12   4    13   9    5    11   6    10   7    12   8    13   
1          3.244646333549643E-4   34.712418300653596     14         1    2    14   3    12   13   4    11   5    6    7    14   8    12   13   9    11   10   
1          3.244646333549643E-4   33.91503267973856      11         5    9    1    7    8    2    10   6    11   5    9    3    7    8    4    10   6    11   
1          3.244646333549643E-4   32.18300653594771      10         5    8    9    1    2    7    10   6    10   5    8    9    3    4    7    10   6    10   
1          3.244646333549643E-4   32.0                   12         7    1    11   8    9    10   12   2    3    7    4    11   8    9    10   12   5    6    
2          6.489292667099286E-4   31.000000000000004     12         7    1    10   9    2    3    11   8    12   7    4    10   9    5    6    11   8    12   
1          3.244646333549643E-4   29.078431372549023     12         7    1    12   2    8    9    10   3    11   7    4    12   5    8    9    10   6    11   
1          3.244646333549643E-4   28.071895424836605     13         9    1    13   2    11   3    4    10   12   9    5    13   6    11   7    8    10   12   
1          3.244646333549643E-4   27.04575163398693      14         11   1    2    3    12   13   4    5    14   11   6    7    8    12   13   9    10   14   
1          3.244646333549643E-4   26.065359477124186     13         9    12   1    2    11   3    4    10   13   9    12   5    6    11   7    8    10   13   
1          3.244646333549643E-4   25.104575163398696     12         7    10   11   9    1    2    12   8    3    7    10   11   9    4    5    12   8    6    
1          3.244646333549643E-4   24.176470588235297     11         5    9    10   1    7    8    11   6    2    5    9    10   3    7    8    11   6    4    
1          3.244646333549643E-4   23.24183006535948      12         7    1    11   9    10   2    3    8    12   7    4    11   9    10   5    6    8    12   
1          3.244646333549643E-4   21.712418300653596     10         5    7    8    6    1    2    9    5    10   5    7    8    6    3    4    9    5    10   
1          3.244646333549643E-4   20.882352941176475     9          3    7    7    5    6    1    8    4    9    3    7    7    5    6    2    8    4    9    
1          3.244646333549643E-4   19.93464052287582      11         7    10   10   8    1    9    2    3    11   7    10   10   8    4    9    5    6    11   
1          3.244646333549643E-4   19.379084967320264     13         9    12   1    2    10   11   3    4    13   9    12   5    6    10   11   7    8    13   
1          3.244646333549643E-4   18.287581699346408     10         4    8    9    5    6    7    1    2    10   4    8    9    5    6    7    10   3    10   
1          3.244646333549643E-4   17.405228758169937     13         9    1    2    3    10   11   12   4    13   9    5    6    7    10   11   12   8    13   
1          3.244646333549643E-4   16.477124183006538     12         1    2    10   7    8    9    11   3    12   4    5    10   7    8    9    11   6    12   
1          3.244646333549643E-4   15.503267973856211     13         1    2    13   10   11   12   3    9    4    5    6    13   10   11   12   7    9    8    
1          3.244646333549643E-4   14.516339869281047     13         9    1    2    11   12   13   3    10   4    9    5    6    11   12   13   7    10   8    
1          3.244646333549643E-4   13.516339869281046     12         7    10   1    8    9    2    11   3    12   7    10   4    8    9    5    11   6    12   
1          3.244646333549643E-4   12.294117647058824     11         7    10   10   1    2    9    3    8    11   7    10   10   4    5    9    6    8    11   
1          3.244646333549643E-4   11.58169934640523      12         7    1    2    3    9    10   11   8    12   7    4    5    6    9    10   11   8    12   
1          3.244646333549643E-4   10.62091503267974      12         7    11   1    9    2    10   12   8    3    7    11   4    9    5    10   12   8    6    
1          3.244646333549643E-4   9.50326797385621       10         5    9    10   6    7    8    1    5    2    5    9    10   6    7    8    3    5    4    
1          3.244646333549643E-4   8.725490196078432      13         1    2    12   10   3    11   4    9    13   5    6    12   10   7    11   8    9    13   
1          3.244646333549643E-4   7.7516339869281055     12         7    10   11   1    8    9    12   2    3    7    10   11   4    8    9    12   5    6    
1          3.244646333549643E-4   6.764705882352942      12         1    9    10   8    2    3    11   7    12   4    9    10   8    5    6    11   7    12   
1          3.244646333549643E-4   5.712418300653595      10         1    8    9    5    6    7    10   2    10   3    8    9    5    6    7    10   4    10   
1          3.244646333549643E-4   4.862745098039216      14         11   1    2    12   13   14   3    4    5    11   6    7    12   13   14   8    9    10   
1          3.244646333549643E-4   3.8758169934640527     14         1    2    14   12   3    4    5    11   13   6    7    14   12   8    9    10   11   13   
1          3.244646333549643E-4   2.9215686274509807     13         9    12   13   1    10   11   2    3    4    9    12   13   5    10   11   6    7    8    
1          3.244646333549643E-4   1.9477124183006536     9          3    7    8    5    6    6    1    4    9    3    7    8    5    6    6    2    4    9    
1          3.244646333549643E-4   1.0                    12         7    1    10   8    9    2    11   3    12   7    4    10   8    9    5    11   6    12   

