count      fraction               similarity             nclusters  T_pella8--0 T_pyra1--0 T_pyra2--0 T_pella7--0 T_pella6--0 T_pella5--0 T_pyra3--0 T_pella9--0 T_pyra4--0 T_pella8--1 T_pyra1--1 T_pyra2--1 T_pella7--1 T_pella6--1 T_pella5--1 T_pyra3--1 T_pella9--1 T_pyra4--1 
30         0.00973393900064893    3031.156862745156      16         1    16   2    3    4    15   5    6    7    8    16   9    10   11   15   12   13   14   
181        0.05872809863724854    3015.2091503268202     17         1    17   2    3    4    5    6    7    8    9    17   10   11   12   13   14   15   16   
882        0.28617780661907855    2849.0130718954374     18         1    2    3    4    5    6    7    8    9    10   11   12   13   14   15   16   17   18   
226        0.07332900713822194    1962.4444444444512     17         17   1    2    3    4    5    6    7    8    17   9    10   11   12   13   14   15   16   
35         0.01135626216742375    1728.882352941193      16         15   16   1    2    3    4    5    6    7    15   16   8    9    10   11   12   13   14   
158        0.05126541207008436    1699.5882352941255     17         1    2    3    4    5    17   6    7    8    9    10   11   12   13   17   14   15   16   
3          9.73393900064893E-4    1687.6209150326877     15         1    2    3    4    13   14   5    6    15   7    8    9    10   13   14   11   12   15   
57         0.018494484101232965   1539.647058823546      16         1    15   16   2    3    4    5    6    7    8    15   16   9    10   11   12   13   14   
60         0.01946787800129786    1484.90849673204       16         15   1    16   2    3    4    5    6    7    15   8    16   9    10   11   12   13   14   
48         0.015574302401038288   1425.2222222222306     17         1    2    3    4    5    6    7    17   8    9    10   11   12   13   14   15   17   16   
157        0.050940947436729396   1381.9411764705965     17         1    2    3    4    5    6    7    8    17   9    10   11   12   13   14   15   16   17   
14         0.004542504866969501   1221.19607843138       16         1    2    16   3    4    5    6    15   7    8    9    16   10   11   12   13   15   14   
30         0.00973393900064893    1205.9281045751743     16         1    15   2    3    4    5    6    7    16   8    15   9    10   11   12   13   14   16   
9          0.0029201817001946787  1178.7973856209233     15         13   1    15   14   2    3    4    5    6    13   7    15   14   8    9    10   11   12   
40         0.012978585334198572   1171.6274509803984     16         1    2    16   3    4    15   5    6    7    8    9    16   10   11   15   12   13   14   
35         0.01135626216742375    1130.1241830065426     16         1    16   2    15   3    4    5    6    7    8    16   9    15   10   11   12   13   14   
30         0.00973393900064893    1096.6993464052366     17         1    2    3    4    17   5    6    7    8    9    10   11   12   17   13   14   15   16   
138        0.04477611940298507    1070.9084967320325     17         1    2    3    17   4    5    6    7    8    9    10   11   17   12   13   14   15   16   
227        0.0736534717715769     935.771241830069       17         1    2    17   3    4    5    6    7    8    9    10   17   11   12   13   14   15   16   
53         0.01719662556781311    708.169934640524       16         15   1    2    3    4    16   5    6    7    15   8    9    10   11   16   12   13   14   
39         0.012654120700843608   656.2156862745103      16         1    2    15   3    4    5    6    7    16   8    9    15   10   11   12   13   14   16   
14         0.004542504866969501   616.1699346405218      16         15   1    2    3    4    5    16   6    7    15   8    9    10   11   12   16   13   14   
8          0.0025957170668397143  601.2549019607844      15         13   15   1    2    3    14   4    5    6    13   15   7    8    9    14   10   11   12   
8          0.0025957170668397143  593.9477124182989      16         1    2    15   3    4    5    16   6    7    8    9    15   10   11   12   16   13   14   
40         0.012978585334198572   588.4313725490196      16         15   1    2    3    4    5    6    7    16   15   8    9    10   11   12   13   14   16   
2          6.489292667099286E-4   544.6535947712413      15         1    15   2    3    13   14   4    5    6    7    15   8    9    13   14   10   11   12   
6          0.001946787800129786   544.6274509803923      15         13   14   1    2    3    4    5    6    15   13   14   7    8    9    10   11   12   15   
38         0.012329656067488644   541.3594771241825      16         1    2    16   15   3    4    5    6    7    8    9    16   15   10   11   12   13   14   
3          9.73393900064893E-4    501.320261437908       15         1    2    15   14   3    4    5    13   6    7    8    15   14   9    10   11   13   12   
22         0.007138221933809215   500.70588235294105     16         1    2    3    15   4    16   5    6    7    8    9    10   15   11   16   12   13   14   
13         0.004218040233614536   475.65359477124184     15         13   1    15   2    3    14   4    5    6    13   7    15   8    9    14   10   11   12   
2          6.489292667099286E-4   474.8496732026135      14         1    12   13   2    3    11   14   4    5    6    12   13   7    8    11   14   9    10   
3          9.73393900064893E-4    462.235294117647       15         1    2    13   3    4    5    14   6    15   7    8    13   9    10   11   14   12   15   
7          0.0022712524334847503  458.48366013071796     16         1    15   2    3    4    5    16   6    7    8    15   9    10   11   12   16   13   14   
1          3.244646333549643E-4   458.35947712418294     15         1    14   2    3    4    13   15   5    6    7    14   8    9    10   13   15   11   12   
30         0.00973393900064893    452.9411764705879      17         1    2    3    4    5    6    17   7    8    9    10   11   12   13   14   17   15   16   
2          6.489292667099286E-4   421.8300653594772      15         13   1    2    3    14   15   4    5    6    13   7    8    9    14   15   10   11   12   
7          0.0022712524334847503  421.5424836601304      15         13   1    2    3    4    14   5    6    15   13   7    8    9    10   14   11   12   15   
24         0.007787151200519144   415.0653594771233      16         1    2    3    4    5    15   6    7    16   8    9    10   11   12   15   13   14   16   
25         0.008111615833874108   392.0980392156857      16         1    2    3    15   4    5    6    7    16   8    9    10   15   11   12   13   14   16   
7          0.0022712524334847503  365.5816993464043      16         1    2    3    4    5    6    15   7    16   8    9    10   11   12   13   15   14   16   
33         0.010707332900713823   360.63398692810415     16         15   1    2    16   3    4    5    6    7    15   8    9    16   10   11   12   13   14   
7          0.0022712524334847503  327.01307189542416     15         13   15   1    14   2    3    4    5    6    13   15   7    14   8    9    10   11   12   
2          6.489292667099286E-4   319.3725490196074      14         11   1    14   2    3    13   4    12   5    11   6    14   7    8    13   9    12   10   
3          9.73393900064893E-4    318.01307189542416     15         13   1    15   2    3    4    5    14   6    13   7    15   8    9    10   11   14   12   
1          3.244646333549643E-4   314.0718954248361      13         9    11   12   1    2    3    4    10   13   9    11   12   5    6    7    8    10   13   
1          3.244646333549643E-4   313.83006535947646     15         1    14   2    3    4    5    6    13   15   7    14   8    9    10   11   12   13   15   
4          0.0012978585334198572  312.823529411764       16         1    2    3    15   4    5    16   6    7    8    9    10   15   11   12   16   13   14   
1          3.244646333549643E-4   308.4183006535944      14         1    12   13   2    11   3    4    5    14   6    12   13   7    11   8    9    10   14   
1          3.244646333549643E-4   308.1895424836596      15         1    2    3    14   4    5    6    13   15   7    8    9    14   10   11   12   13   15   
10         0.003244646333549643   306.64705882352894     15         1    13   14   2    3    4    5    6    15   7    13   14   8    9    10   11   12   15   
1          3.244646333549643E-4   305.8562091503262      15         1    2    3    4    5    14   15   13   6    7    8    9    10   11   14   15   13   12   
14         0.004542504866969501   296.85620915032615     16         15   1    2    3    4    5    6    16   7    15   8    9    10   11   12   13   16   14   
1          3.244646333549643E-4   282.5424836601299      15         13   1    15   2    14   3    4    5    6    13   7    15   8    14   9    10   11   12   
5          0.0016223231667748216  281.9542483660126      16         1    2    3    4    15   5    6    7    16   8    9    10   11   15   12   13   14   16   
4          0.0012978585334198572  276.9019607843132      15         1    2    14   3    4    5    6    13   15   7    8    14   9    10   11   12   13   15   
2          6.489292667099286E-4   272.5098039215679      15         1    14   2    3    13   4    5    6    15   7    14   8    9    13   10   11   12   15   
12         0.003893575600259572   271.66013071895355     15         1    2    14   13   3    4    5    6    15   7    8    14   13   9    10   11   12   15   
1          3.244646333549643E-4   258.6013071895417      14         11   1    14   2    3    12   13   4    5    11   6    14   7    8    12   13   9    10   
2          6.489292667099286E-4   258.0261437908492      15         1    15   2    13   14   3    4    5    6    7    15   8    13   14   9    10   11   12   
3          9.73393900064893E-4    255.84313725490162     15         13   1    2    3    4    5    14   6    15   13   7    8    9    10   11   14   12   15   
1          3.244646333549643E-4   253.45751633986848     15         13   1    2    3    4    15   5    14   6    13   7    8    9    10   15   11   14   12   
1          3.244646333549643E-4   251.13071895424838     14         1    13   2    12   3    4    14   11   5    6    13   7    12   8    9    14   11   10   
1          3.244646333549643E-4   250.65359477124147     14         11   1    2    12   3    4    13   5    14   11   6    7    12   8    9    13   10   14   
1          3.244646333549643E-4   250.15032679738553     16         1    2    3    4    16   5    6    15   7    8    9    10   11   16   12   13   15   14   
1          3.244646333549643E-4   249.43790849673144     15         1    2    3    4    5    14   6    13   15   7    8    9    10   11   14   12   13   15   
3          9.73393900064893E-4    248.11764705882317     14         11   13   14   1    2    3    4    12   5    11   13   14   6    7    8    9    12   10   
3          9.73393900064893E-4    245.75816993463985     14         11   14   1    12   2    13   3    4    5    11   14   6    12   7    13   8    9    10   
3          9.73393900064893E-4    242.6601307189537      15         13   1    2    15   3    4    5    14   6    13   7    8    15   9    10   11   14   12   
3          9.73393900064893E-4    239.80392156862672     15         1    2    15   3    13   14   4    5    6    7    8    15   9    13   14   10   11   12   
10         0.003244646333549643   237.11111111111052     16         1    2    3    16   4    5    6    15   7    8    9    10   16   11   12   13   15   14   
1          3.244646333549643E-4   226.50326797385577     13         9    1    13   11   2    12   3    10   4    9    5    13   11   6    12   7    10   8    
6          0.001946787800129786   226.27450980392118     16         1    2    3    4    5    16   6    15   7    8    9    10   11   12   16   13   15   14   
7          0.0022712524334847503  220.57516339869238     15         1    14   2    13   3    4    5    6    15   7    14   8    13   9    10   11   12   15   
11         0.0035691109669046075  213.8758169934637      15         13   14   15   1    2    3    4    5    6    13   14   15   7    8    9    10   11   12   
2          6.489292667099286E-4   202.22222222222203     15         1    13   2    3    4    5    14   6    15   7    13   8    9    10   11   14   12   15   
5          0.0016223231667748216  200.71895424836578     14         11   12   13   1    2    3    4    5    14   11   12   13   6    7    8    9    10   14   
4          0.0012978585334198572  195.91503267973815     14         11   13   14   1    2    12   3    4    5    11   13   14   6    7    12   8    9    10   
2          6.489292667099286E-4   191.2745098039214      14         11   13   1    2    3    4    5    12   14   11   13   6    7    8    9    10   12   14   
2          6.489292667099286E-4   189.7516339869279      15         13   1    2    14   3    4    15   5    6    13   7    8    14   9    10   15   11   12   
1          3.244646333549643E-4   188.00653594771208     14         11   13   1    2    3    12   4    5    14   11   13   6    7    8    12   9    10   14   
1          3.244646333549643E-4   185.9869281045749      12         7    9    10   1    2    8    11   3    12   7    9    10   4    5    8    11   6    12   
1          3.244646333549643E-4   185.7320261437906      14         11   1    2    13   3    4    5    12   14   11   6    7    13   8    9    10   12   14   
1          3.244646333549643E-4   184.27450980392143     13         9    12   1    10   2    11   13   3    4    9    12   5    10   6    11   13   7    8    
11         0.0035691109669046075  183.79084967320225     15         1    2    14   3    4    13   5    6    15   7    8    14   9    10   13   11   12   15   
1          3.244646333549643E-4   183.5882352941174      13         9    1    12   11   2    3    4    10   13   9    5    12   11   6    7    8    10   13   
8          0.0025957170668397143  172.76470588235267     15         13   1    2    14   3    4    5    6    15   13   7    8    14   9    10   11   12   15   
7          0.0022712524334847503  164.69281045751606     16         1    2    3    4    5    6    7    15   16   8    9    10   11   12   13   14   15   16   
7          0.0022712524334847503  158.2418300653594      15         1    15   2    13   3    14   4    5    6    7    15   8    13   9    14   10   11   12   
5          0.0016223231667748216  150.93464052287558     14         1    12   13   2    3    11   4    5    14   6    12   13   7    8    11   9    10   14   
3          9.73393900064893E-4    146.30065359477112     15         1    14   15   13   2    3    4    5    6    7    14   15   13   8    9    10   11   12   
3          9.73393900064893E-4    143.1568627450979      15         1    14   2    3    4    13   5    6    15   7    14   8    9    10   13   11   12   15   
4          0.0012978585334198572  140.48366013071882     15         1    2    3    13   4    14   5    6    15   7    8    9    13   10   14   11   12   15   
8          0.0025957170668397143  136.8366013071894      16         15   1    2    3    16   4    5    6    7    15   8    9    10   16   11   12   13   14   
1          3.244646333549643E-4   128.4052287581698      15         1    15   2    3    4    14   5    13   6    7    15   8    9    10   14   11   13   12   
2          6.489292667099286E-4   127.69281045751625     15         1    2    3    14   4    15   5    13   6    7    8    9    14   10   15   11   13   12   
1          3.244646333549643E-4   125.32679738562082     13         9    1    13   11   12   2    3    10   4    9    5    13   11   12   6    7    10   8    
7          0.0022712524334847503  125.12418300653593     15         1    2    15   13   3    14   4    5    6    7    8    15   13   9    14   10   11   12   
1          3.244646333549643E-4   117.67320261437901     14         11   1    2    12   3    13   14   4    5    11   6    7    12   8    13   14   9    10   
11         0.0035691109669046075  117.0130718954247      15         13   1    14   2    3    4    5    6    15   13   7    14   8    9    10   11   12   15   
1          3.244646333549643E-4   106.25490196078422     14         11   1    2    12   13   14   3    4    5    11   6    7    12   13   14   8    9    10   
7          0.0022712524334847503  105.56862745098024     16         1    2    3    15   16   4    5    6    7    8    9    10   15   16   11   12   13   14   
1          3.244646333549643E-4   98.30065359477109      15         1    13   14   2    3    4    15   5    6    7    13   14   8    9    10   15   11   12   
1          3.244646333549643E-4   97.3006535947712       14         11   1    14   12   13   2    3    4    5    11   6    14   12   13   7    8    9    10   
5          0.0016223231667748216  96.47058823529399      16         1    16   2    3    4    5    6    15   7    8    16   9    10   11   12   13   15   14   
2          6.489292667099286E-4   91.57516339869272      14         1    13   14   11   2    12   3    4    5    6    13   14   11   7    12   8    9    10   
2          6.489292667099286E-4   89.41830065359464      15         1    14   15   2    3    4    5    13   6    7    14   15   8    9    10   11   13   12   
1          3.244646333549643E-4   87.47058823529403      14         11   13   14   12   1    2    3    4    5    11   13   14   12   6    7    8    9    10   
1          3.244646333549643E-4   86.08496732026136      13         1    11   12   10   2    3    4    9    13   5    11   12   10   6    7    8    9    13   
6          0.001946787800129786   85.90849673202608      15         13   1    2    14   3    15   4    5    6    13   7    8    14   9    15   10   11   12   
2          6.489292667099286E-4   80.02614379084963      15         1    2    3    13   14   15   4    5    6    7    8    9    13   14   15   10   11   12   
1          3.244646333549643E-4   77.42483660130712      12         7    10   11   1    2    9    12   8    3    7    10   11   4    5    9    12   8    6    
2          6.489292667099286E-4   77.0196078431372       15         1    2    14   3    13   4    5    6    15   7    8    14   9    13   10   11   12   15   
1          3.244646333549643E-4   74.83660130718947      15         13   1    2    3    4    5    15   14   6    13   7    8    9    10   11   15   14   12   
1          3.244646333549643E-4   73.84967320261431      14         1    13   2    11   3    12   4    5    14   6    13   7    11   8    12   9    10   14   
2          6.489292667099286E-4   72.83006535947705      15         1    14   2    3    4    5    15   13   6    7    14   8    9    10   11   15   13   12   
1          3.244646333549643E-4   70.93464052287574      15         1    14   2    13   3    4    15   5    6    7    14   8    13   9    10   15   11   12   
5          0.0016223231667748216  70.19607843137247      15         1    14   15   2    3    13   4    5    6    7    14   15   8    9    13   10   11   12   
3          9.73393900064893E-4    65.01307189542476      15         13   15   1    2    3    4    5    14   6    13   15   7    8    9    10   11   14   12   
1          3.244646333549643E-4   62.02614379084964      14         11   13   1    12   2    3    4    5    14   11   13   6    12   7    8    9    10   14   
11         0.0035691109669046075  61.67973856209147      16         1    2    3    4    15   16   5    6    7    8    9    10   11   15   16   12   13   14   
1          3.244646333549643E-4   50.56209150326796      14         11   1    13   2    3    4    14   12   5    11   6    13   7    8    9    14   12   10   
1          3.244646333549643E-4   49.71241830065356      15         1    2    3    13   4    5    14   6    15   7    8    9    13   10   11   14   12   15   
2          6.489292667099286E-4   48.68627450980389      15         1    2    3    4    5    13   14   6    15   7    8    9    10   11   13   14   12   15   
1          3.244646333549643E-4   46.6862745098039       16         1    16   2    3    15   4    5    6    7    8    16   9    10   15   11   12   13   14   
4          0.0012978585334198572  45.89542483660129      16         1    2    16   3    15   4    5    6    7    8    9    16   10   15   11   12   13   14   
2          6.489292667099286E-4   41.875816993464035     15         1    2    14   3    4    13   15   5    6    7    8    14   9    10   13   15   11   12   
2          6.489292667099286E-4   39.94771241830065      14         11   1    14   12   2    13   3    4    5    11   6    14   12   7    13   8    9    10   
1          3.244646333549643E-4   37.91503267973855      15         1    2    3    4    13   14   15   5    6    7    8    9    10   13   14   15   11   12   
3          9.73393900064893E-4    37.045751633986924     15         1    2    3    13   14   4    5    6    15   7    8    9    13   14   10   11   12   15   
1          3.244646333549643E-4   33.94117647058823      15         1    14   2    3    13   4    15   5    6    7    14   8    9    13   10   15   11   12   
1          3.244646333549643E-4   33.01960784313725      14         1    2    3    11   12   13   4    5    14   6    7    8    11   12   13   9    10   14   
1          3.244646333549643E-4   32.05882352941177      14         1    2    13   3    4    12   5    11   14   6    7    13   8    9    12   10   11   14   
3          9.73393900064893E-4    31.098039215686278     14         11   12   1    2    3    4    13   5    14   11   12   6    7    8    9    13   10   14   
1          3.244646333549643E-4   28.176470588235297     14         1    2    3    11   4    12   13   5    14   6    7    8    11   9    12   13   10   14   
1          3.244646333549643E-4   27.176470588235297     13         9    11   12   1    2    3    13   10   4    9    11   12   5    6    7    13   10   8    
2          6.489292667099286E-4   26.35294117647059      14         11   1    13   12   2    3    14   4    5    11   6    13   12   7    8    14   9    10   
2          6.489292667099286E-4   24.326797385620917     14         11   1    2    3    13   14   4    12   5    11   6    7    8    13   14   9    12   10   
1          3.244646333549643E-4   22.366013071895427     16         1    2    3    4    15   5    16   6    7    8    9    10   11   15   12   16   13   14   
1          3.244646333549643E-4   21.3921568627451       13         9    1    2    11   3    4    12   10   13   9    5    6    11   7    8    12   10   13   
1          3.244646333549643E-4   20.4640522875817       14         11   1    13   2    3    12   4    5    14   11   6    13   7    8    12   9    10   14   
1          3.244646333549643E-4   19.42483660130719      16         1    2    3    4    5    15   16   6    7    8    9    10   11   12   15   16   13   14   
1          3.244646333549643E-4   18.496732026143793     15         1    2    15   3    4    14   5    13   6    7    8    15   9    10   14   11   13   12   
1          3.244646333549643E-4   17.54901960784314      14         1    2    12   11   3    4    13   5    14   6    7    12   11   8    9    13   10   14   
1          3.244646333549643E-4   16.50326797385621      13         1    11   12   9    2    10   3    4    13   5    11   12   9    6    10   7    8    13   
1          3.244646333549643E-4   15.58169934640523      15         1    2    3    13   14   4    15   5    6    7    8    9    13   14   10   15   11   12   
1          3.244646333549643E-4   14.535947712418302     14         1    14   2    12   3    13   4    11   5    6    14   7    12   8    13   9    11   10   
1          3.244646333549643E-4   13.50980392156863      13         1    11   12   2    9    10   13   3    4    5    11   12   6    9    10   13   7    8    
2          6.489292667099286E-4   12.751633986928105     14         11   1    13   12   2    3    4    5    14   11   6    13   12   7    8    9    10   14   
1          3.244646333549643E-4   10.653594771241831     13         1    12   13   10   2    11   3    9    4    5    12   13   10   6    11   7    9    8    
2          6.489292667099286E-4   9.784313725490197      14         11   1    13   2    3    4    5    12   14   11   6    13   7    8    9    10   12   14   
2          6.489292667099286E-4   7.875816993464053      15         13   1    2    14   15   3    4    5    6    13   7    8    14   15   9    10   11   12   
1          3.244646333549643E-4   5.84967320261438       15         13   1    14   2    3    4    15   5    6    13   7    14   8    9    10   15   11   12   
1          3.244646333549643E-4   4.908496732026144      14         1    2    14   12   13   3    4    11   5    6    7    14   12   13   8    9    11   10   
1          3.244646333549643E-4   3.908496732026144      14         1    2    13   11   12   3    4    5    14   6    7    13   11   12   8    9    10   14   
1          3.244646333549643E-4   2.9346405228758172     16         1    2    3    4    5    6    16   15   7    8    9    10   11   12   13   16   15   14   
1          3.244646333549643E-4   1.973856209150327      15         13   1    2    3    14   4    5    6    15   13   7    8    9    14   10   11   12   15   
1          3.244646333549643E-4   1.0                    13         9    1    2    11   12   13   3    10   4    9    5    6    11   12   13   7    10   8    

