count      fraction               similarity             nclusters  e1--0 d1--0 z1--0 y1--0 x1--0 d2--0 e2--0 x2--0 z2--0 e1--1 d1--1 z1--1 y1--1 x1--1 d2--1 e2--1 x2--1 z2--1 
10484      0.9641346330697076     10681.56209150324      5          1    2    3    4    5    2    1    5    3    1    2    3    4    5    2    1    5    3    
5          4.598123965422108E-4   194.01960784313744     6          2    3    4    5    6    3    2    6    4    2    3    4    5    6    3    1    6    4    
5          4.598123965422108E-4   187.95424836601327     6          1    3    4    5    6    3    1    6    4    2    3    4    5    6    3    2    6    4    
186        0.01710502115137024    187.95424836601308     4          1    1    2    3    4    1    1    4    2    1    1    2    3    4    1    1    4    2    
5          4.598123965422108E-4   186.60130718954207     6          3    4    5    1    6    4    3    6    5    3    4    5    2    6    4    3    6    5    
52         0.004782048924038992   181.28758169934648     6          2    3    4    5    6    3    2    6    4    2    3    4    5    6    1    2    6    4    
14         0.0012874747103181902  130.0457516339869      6          2    3    4    5    1    3    2    6    4    2    3    4    5    6    3    2    6    4    
16         0.0014713996689350744  116.46405228758167     6          2    3    4    5    6    3    2    6    4    2    3    4    5    6    3    2    1    4    
63         0.005793636196431856   102.7581699346405      6          1    2    3    5    6    2    1    6    4    1    2    3    5    6    2    1    6    4    
1          9.196247930844215E-5   100.47712418300651     6          2    1    4    5    6    3    2    6    4    2    3    4    5    6    3    2    6    4    
16         0.0014713996689350744  40.091503267973856     6          2    3    1    5    6    3    2    6    4    2    3    4    5    6    3    2    6    4    
3          2.758874379253265E-4   23.94117647058824      6          1    2    3    4    5    2    1    6    3    1    2    3    4    5    2    1    6    3    
8          7.356998344675372E-4   21.437908496732028     6          2    3    4    5    6    3    2    6    1    2    3    4    5    6    3    2    6    4    
1          9.196247930844215E-5   13.30718954248366      7          3    4    1    6    7    4    3    7    5    3    4    2    6    7    4    3    7    5    
1          9.196247930844215E-5   12.464052287581701     6          2    3    4    5    6    3    2    1    4    2    3    4    5    6    3    2    6    4    
1          9.196247930844215E-5   11.555555555555557     6          2    3    4    5    6    1    2    6    4    2    3    4    5    6    3    2    6    4    
1          9.196247930844215E-5   10.522875816993466     6          1    2    4    5    6    3    1    6    4    1    3    4    5    6    2    1    6    4    
6          5.51774875850653E-4    9.797385620915033      6          2    3    4    5    6    3    2    6    4    1    3    4    5    6    3    2    6    4    
1          9.196247930844215E-5   3.8235294117647056     6          2    3    4    5    6    3    1    6    4    2    3    4    5    6    3    2    6    4    
1          9.196247930844215E-5   2.830065359477124      4          1    2    3    3    4    2    1    4    3    1    2    3    3    4    2    1    4    3    
1          9.196247930844215E-5   1.954248366013072      5          2    2    1    4    5    2    2    5    3    2    2    3    4    5    2    2    5    3    
1          9.196247930844215E-5   1.934640522875817      7          3    4    5    6    7    4    3    7    5    3    1    5    6    7    2    3    7    5    
1          9.196247930844215E-5   1.0                    5          1    1    2    3    4    1    1    5    2    1    1    2    3    4    1    1    5    2    
1          9.196247930844215E-5   1.0                    7          3    4    5    6    7    4    3    7    1    3    4    5    6    7    4    3    7    2    

