count      fraction               similarity             nclusters  e1--0 d1--0 z1--0 y1--0 x1--0 d2--0 e2--0 x2--0 z2--0 e1--1 d1--1 z1--1 y1--1 x1--1 d2--1 e2--1 x2--1 z2--1 
1585       0.4708853238265003     2421.2418300653726     5          1    2    3    4    5    2    1    5    3    1    2    3    4    5    2    1    5    3    
517        0.15359477124183007    888.2026143790783      4          1    1    2    3    4    1    1    4    2    1    1    2    3    4    1    1    4    2    
404        0.12002376708259062    828.2156862745045      4          1    2    3    3    4    2    1    4    3    1    2    3    3    4    2    1    4    3    
345        0.10249554367201426    459.1633986928093      6          1    2    3    4    5    2    1    6    3    1    2    3    4    5    2    1    6    3    
294        0.0873440285204991     383.4379084967317      3          1    1    2    2    3    1    1    3    2    1    1    2    2    3    1    1    3    2    
6          0.0017825311942959     95.49019607843138      6          2    3    4    5    1    3    2    6    4    2    3    4    5    6    3    2    6    4    
73         0.021687462863933454   94.95424836601308      5          1    1    2    3    4    1    1    5    2    1    1    2    3    4    1    1    5    2    
11         0.0032679738562091504  85.13725490196065      7          3    4    5    6    1    4    3    7    5    3    4    5    6    2    4    3    7    5    
13         0.0038621509209744503  78.83006535947712      7          1    2    4    5    6    3    1    7    4    1    2    4    5    6    3    1    7    4    
24         0.0071301247771836     71.6535947712418       6          1    2    4    5    6    3    1    6    4    1    2    4    5    6    3    1    6    4    
50         0.014854426619132501   68.88235294117646      5          1    2    3    3    4    2    1    5    3    1    2    3    3    4    2    1    5    3    
17         0.005050505050505051   22.633986928104576     4          1    1    2    2    3    1    1    4    2    1    1    2    2    3    1    1    4    2    
3          8.9126559714795E-4     16.980392156862745     6          2    3    4    5    6    3    2    6    4    2    3    4    5    1    3    2    6    4    
3          8.9126559714795E-4     14.594771241830067     7          3    4    5    6    7    4    3    1    5    3    4    5    6    7    4    3    2    5    
6          0.0017825311942959     13.379084967320262     5          1    2    4    4    5    3    1    5    4    1    2    4    4    5    3    1    5    4    
5          0.0014854426619132501  8.738562091503269      6          2    3    4    5    6    3    2    6    4    2    3    4    5    6    3    2    1    4    
3          8.9126559714795E-4     5.895424836601308      5          2    2    3    4    5    2    2    5    3    2    2    3    4    1    2    2    5    3    
1          2.9708853238265005E-4  3.843137254901961      5          2    3    4    4    5    3    2    5    4    2    3    4    4    5    3    2    1    4    
1          2.9708853238265005E-4  2.908496732026144      5          2    2    3    4    5    2    2    5    3    2    2    3    4    5    2    2    1    3    
1          2.9708853238265005E-4  1.9673202614379086     6          3    4    5    5    6    4    3    1    5    3    4    5    5    6    4    3    2    5    
1          2.9708853238265005E-4  1.9215686274509804     4          2    2    3    3    4    2    2    4    3    2    2    3    3    1    2    2    4    3    
1          2.9708853238265005E-4  1.0                    6          1    2    4    4    5    3    1    6    4    1    2    4    4    5    3    1    6    4    
1          2.9708853238265005E-4  1.0                    6          1    2    3    5    6    2    1    6    4    1    2    3    5    6    2    1    6    4    
1          2.9708853238265005E-4  1.0                    6          3    3    4    5    6    3    3    1    4    3    3    4    5    6    3    3    2    4    

