count      fraction               similarity             nclusters  e1--0 d1--0 z1--0 y1--0 x1--0 d2--0 e2--0 x2--0 z2--0 e1--1 d1--1 z1--1 y1--1 x1--1 d2--1 e2--1 x2--1 z2--1 
296        0.08793820558526441    3295.1699346405517     9          1    3    5    7    8    4    2    9    6    1    3    5    7    8    4    2    9    6    
3          8.9126559714795E-4     3273.000000000037      12         1    8    10   2    3    9    7    12   11   4    8    10   5    6    9    7    12   11   
16         0.004753416518122401   2988.18300653598       12         7    9    11   12   1    10   8    2    3    7    9    11   12   4    10   8    5    6    
15         0.004456327985739751   2969.313725490225      11         5    7    9    1    2    8    6    11   10   5    7    9    3    4    8    6    11   10   
2          5.941770647653001E-4   2967.6274509804275     13         9    11   1    2    3    4    10   13   12   9    11   5    6    7    8    10   13   12   
34         0.010101010101010102   2955.477124183051      10         3    5    1    8    9    6    4    10   7    3    5    2    8    9    6    4    10   7    
2          5.941770647653001E-4   2938.745098039239      12         7    1    2    10   11   3    8    12   9    7    4    5    10   11   6    8    12   9    
11         0.0032679738562091504  2916.5098039216023     12         7    1    2    11   3    9    8    12   10   7    4    5    11   6    9    8    12   10   
48         0.0142602495543672     2911.58823529416       10         3    4    6    8    9    5    1    10   7    3    4    6    8    9    5    2    10   7    
4          0.0011883541295306002  2898.3398692810806     13         1    10   2    12   3    4    9    13   11   5    10   6    12   7    8    9    13   11   
84         0.024955436720142603   2863.111111111143      10         3    5    7    9    10   6    4    1    8    3    5    7    9    10   6    4    2    8    
3          8.9126559714795E-4     2841.1307189542854     14         11   1    13   2    3    12   4    5    14   11   6    13   7    8    12   9    10   14   
35         0.010398098633392751   2773.869281045785      10         3    5    7    8    9    6    4    10   1    3    5    7    8    9    6    4    10   2    
22         0.006535947712418301   2735.9019607843384     12         7    1    10   11   2    9    8    12   3    7    4    10   11   5    9    8    12   6    
169        0.05020796197266786    2730.6078431372857     10         3    5    7    9    1    6    4    10   8    3    5    7    9    2    6    4    10   8    
32         0.009506833036244802   2547.7973856209387     12         7    9    1    12   2    10   8    3    11   7    9    4    12   5    10   8    6    11   
5          0.0014854426619132501  2544.366013071912      12         1    8    10   11   12   9    7    2    3    4    8    10   11   12   9    7    5    6    
14         0.0041592394533571005  2512.4052287581903     11         5    7    1    10   11   8    6    2    9    5    7    3    10   11   8    6    4    9    
8          0.0023767082590612004  2488.738562091524      11         1    6    8    9    10   7    5    11   2    3    6    8    9    10   7    5    11   4    
3          8.9126559714795E-4     2488.300653594793      13         9    10   1    12   13   11   2    3    4    9    10   5    12   13   11   6    7    8    
5          0.0014854426619132501  2487.9673202614576     12         7    9    1    2    3    10   8    12   11   7    9    4    5    6    10   8    12   11   
12         0.0035650623885918     2477.7973856209373     13         9    10   1    13   2    11   3    4    12   9    10   5    13   6    11   7    8    12   
6          0.0017825311942959     2475.20915032682       13         9    1    2    12   3    4    10   13   11   9    5    6    12   7    8    10   13   11   
46         0.013666072489601902   2460.594771241847      11         5    7    1    10   2    8    6    11   9    5    7    3    10   4    8    6    11   9    
10         0.0029708853238265003  2459.732026143805      11         5    7    1    9    10   8    6    11   2    5    7    3    9    10   8    6    11   4    
38         0.0112893642305407     2418.66666666669       12         7    8    10   12   1    9    2    3    11   7    8    10   12   4    9    5    6    11   
18         0.0053475935828877     2374.7843137255127     12         7    8    1    11   2    9    3    12   10   7    8    4    11   5    9    6    12   10   
53         0.01574569221628045    2364.6601307189676     11         5    6    8    10   1    7    2    11   9    5    6    8    10   3    7    4    11   9    
87         0.025846702317290554   2313.267973856221      11         5    7    9    11   1    8    6    2    10   5    7    9    11   3    8    6    4    10   
31         0.00920974450386215    2220.4771241830194     11         5    7    9    10   1    8    6    11   2    5    7    9    10   3    8    6    11   4    
1          2.9708853238265005E-4  2206.941176470598      14         1    12   14   2    3    13   11   4    5    6    12   14   7    8    13   11   9    10   
1          2.9708853238265005E-4  2201.274509803924      14         11   13   1    2    3    14   12   4    5    11   13   6    7    8    14   12   9    10   
11         0.0032679738562091504  2186.9934640522956     13         9    1    11   13   2    10   3    4    12   9    5    11   13   6    10   7    8    12   
10         0.0029708853238265003  2172.5882352941326     14         1    11   13   14   2    12   3    4    5    6    11   13   14   7    12   8    9    10   
12         0.0035650623885918     2158.830065359482      12         7    9    1    11   2    3    8    12   10   7    9    4    11   5    6    8    12   10   
5          0.0014854426619132501  2155.816993464058      14         11   13   1    14   2    3    12   4    5    11   13   6    14   7    8    12   9    10   
9          0.00267379679144385    2135.464052287588      13         9    1    2    13   3    11   10   4    12   9    5    6    13   7    11   10   8    12   
42         0.012477718360071301   2135.3006535947843     11         5    1    8    10   2    7    6    11   9    5    3    8    10   4    7    6    11   9    
4          0.0011883541295306002  2134.7843137254945     15         13   14   1    15   2    3    4    5    6    13   14   7    15   8    9    10   11   12   
4          0.0011883541295306002  2133.437908496738      14         11   1    2    14   3    13   12   4    5    11   6    7    14   8    13   12   9    10   
1          2.9708853238265005E-4  2130.2156862745005     11         5    7    9    10   1    8    6    11   9    5    7    2    10   3    8    6    11   4    
1          2.9708853238265005E-4  2120.803921568615      11         1    7    9    10   2    8    6    11   9    3    7    4    10   5    8    6    11   9    
7          0.0020796197266785502  2086.8562091503395     13         1    2    10   12   3    9    4    13   11   5    6    10   12   7    9    8    13   11   
1          2.9708853238265005E-4  2079.62091503269       14         1    2    13   3    4    12   11   5    14   6    7    13   8    9    12   11   10   14   
2          5.941770647653001E-4   2077.9019607843165     15         1    2    3    14   4    5    6    15   13   7    8    9    14   10   11   12   15   13   
3          8.9126559714795E-4     2072.9215686274642     14         1    2    11   13   14   3    4    5    12   6    7    11   13   14   8    9    10   12   
37         0.010992275698158051   2072.0784313725576     10         1    4    6    8    9    5    3    10   7    2    4    6    8    9    5    3    10   7    
3          8.9126559714795E-4     2071.0849673202624     13         1    10   11   12   13   2    9    3    4    5    10   11   12   13   6    9    7    8    
2          5.941770647653001E-4   2067.6797385620916     13         1    2    11   12   13   10   9    3    4    5    6    11   12   13   10   9    7    8    
6          0.0017825311942959     2050.0980392156766     17         1    2    17   3    4    5    6    7    8    9    10   17   11   12   13   14   15   16   
2          5.941770647653001E-4   2024.947712418304      12         7    8    1    10   11   2    3    12   9    7    8    4    10   11   5    6    12   9    
10         0.0029708853238265003  2024.045751633993      13         9    10   11   13   1    2    3    4    12   9    10   11   13   5    6    7    8    12   
4          0.0011883541295306002  2016.7908496732036     15         1    13   2    14   3    4    5    15   6    7    13   8    14   9    10   11   15   12   
6          0.0017825311942959     2010.2745098039172     12         7    1    9    11   12   2    8    3    10   7    4    9    11   12   5    8    6    10   
1          2.9708853238265005E-4  2009.0261437908553     14         1    2    12   3    14   4    11   5    13   6    7    12   8    14   9    11   10   13   
11         0.0032679738562091504  2005.1568627451072     11         1    5    7    9    10   6    2    11   8    3    5    7    9    10   6    4    11   8    
6          0.0017825311942959     1995.6209150326802     16         1    2    3    16   4    5    6    7    15   8    9    10   16   11   12   13   14   15   
5          0.0014854426619132501  1981.7777777777821     15         1    2    14   15   3    4    13   5    6    7    8    14   15   9    10   13   11   12   
5          0.0014854426619132501  1980.169934640532      12         1    7    9    10   11   8    2    12   3    4    7    9    10   11   8    5    12   6    
4          0.0011883541295306002  1979.4052287581744     15         1    13   14   15   2    3    4    5    6    7    13   14   15   8    9    10   11   12   
23         0.006833036244800951   1975.1111111111188     11         5    6    8    10   11   7    1    2    9    5    6    8    10   11   7    3    4    9    
3          8.9126559714795E-4     1973.2614379085032     12         1    7    8    10   11   2    3    12   9    4    7    8    10   11   5    6    12   9    
3          8.9126559714795E-4     1971.4052287581676     13         9    10   11   12   13   1    2    3    4    9    10   11   12   13   5    6    7    8    
1          2.9708853238265005E-4  1930.6339869281055     12         1    8    10   12   2    9    3    4    11   7    8    10   12   5    9    7    6    11   
6          0.0017825311942959     1927.4509803921628     11         1    6    8    10   2    7    5    11   9    5    6    8    10   3    7    4    11   9    
2          5.941770647653001E-4   1924.7581699346354     12         7    1    9    11   12   8    7    2    10   3    4    9    11   12   8    5    6    10   
3          8.9126559714795E-4     1924.483660130729      14         1    2    12   13   14   11   3    4    5    6    7    12   13   14   11   8    9    10   
13         0.0038621509209744503  1922.6013071895236     9          3    4    6    8    9    5    3    1    7    3    4    6    8    9    5    3    2    7    
1          2.9708853238265005E-4  1917.248366013062      13         1    10   2    12   13   11   9    3    4    9    10   5    12   13   11   6    7    8    
1          2.9708853238265005E-4  1912.980392156861      11         1    6    8    9    10   7    5    11   2    5    6    8    9    10   7    3    11   4    
2          5.941770647653001E-4   1912.0588235294051     12         1    8    10   2    3    9    7    12   11   7    8    10   4    5    9    6    12   11   
6          0.0017825311942959     1910.7516339869255     15         1    13   2    15   3    14   4    5    6    7    13   8    15   9    14   10   11   12   
6          0.0017825311942959     1908.2156862745123     12         7    1    9    11   12   8    2    3    10   7    4    9    11   12   8    5    6    10   
2          5.941770647653001E-4   1907.7843137254797     13         1    10   2    12   3    11   9    13   4    9    10   5    12   6    11   7    13   8    
1          2.9708853238265005E-4  1897.1895424836514     12         1    2    9    10   11   8    7    12   3    7    4    9    10   11   8    5    12   6    
15         0.004456327985739751   1895.4444444444437     10         4    5    7    9    1    6    4    10   8    4    5    7    9    2    6    3    10   8    
3          8.9126559714795E-4     1887.379084967308      18         1    2    3    4    5    6    7    8    9    10   11   12   13   14   15   16   17   18   
6          0.0017825311942959     1883.3137254902083     14         1    2    12   14   3    11   4    5    13   6    7    12   14   8    11   9    10   13   
4          0.0011883541295306002  1875.3071895424732     10         4    5    6    8    9    1    4    10   7    4    5    6    8    9    2    3    10   7    
8          0.0023767082590612004  1867.594771241823      10         4    5    7    9    10   6    4    1    8    4    5    7    9    10   6    2    3    8    
20         0.0059417706476530005  1858.5359477124127     9          2    3    5    7    8    4    2    9    6    2    3    5    7    8    4    1    9    6    
2          5.941770647653001E-4   1858.0653594771238     14         1    2    12   14   3    4    11   5    13   11   6    12   14   7    8    9    10   13   
1          2.9708853238265005E-4  1845.928104575144      13         10   1    11   2    3    4    10   13   12   10   5    11   6    7    8    9    13   12   
15         0.004456327985739751   1840.8104575163454     11         5    7    9    10   11   8    6    1    2    5    7    9    10   11   8    6    3    4    
9          0.00267379679144385    1839.0718954248416     16         1    2    15   16   3    4    5    6    7    8    9    15   16   10   11   12   13   14   
16         0.004753416518122401   1825.078431372557      11         5    6    8    9    10   7    1    11   2    5    6    8    9    10   7    3    11   4    
18         0.0053475935828877     1808.9346405228825     13         9    10   12   13   1    11   2    3    4    9    10   12   13   5    11   6    7    8    
4          0.0011883541295306002  1784.2418300653585     14         11   1    2    13   3    12   4    14   5    11   6    7    13   8    12   9    14   10   
8          0.0023767082590612004  1783.7189542483716     13         1    9    2    12   3    10   4    13   11   5    9    6    12   7    10   8    13   11   
4          0.0011883541295306002  1781.8496732026163     14         11   1    12   13   2    3    4    14   5    11   6    12   13   7    8    9    14   10   
15         0.004456327985739751   1778.647058823537      12         1    8    2    11   3    9    7    12   10   4    8    5    11   6    9    7    12   10   
25         0.0074272133095662505  1760.8431372549087     11         1    6    8    10   11   7    5    2    9    3    6    8    10   11   7    5    4    9    
5          0.0014854426619132501  1760.2352941176498     12         7    9    11   1    2    10   8    3    12   7    9    11   4    5    10   8    6    12   
35         0.010398098633392751   1736.3986928104596     10         3    5    6    8    9    1    4    10   7    3    5    6    8    9    2    4    10   7    
6          0.0017825311942959     1694.9738562091504     12         7    8    1    11   12   9    2    3    10   7    8    4    11   12   9    5    6    10   
5          0.0014854426619132501  1687.9934640522943     14         1    2    12   13   3    11   4    14   5    6    7    12   13   8    11   9    14   10   
14         0.0041592394533571005  1687.3071895424894     11         5    6    7    9    10   1    2    11   8    5    6    7    9    10   3    4    11   8    
1          2.9708853238265005E-4  1684.8758169934645     14         11   1    13   2    14   12   3    4    5    11   6    13   7    14   12   8    9    10   
60         0.017825311942959002   1652.7320261437778     8          1    2    4    6    7    3    1    8    5    1    2    4    6    7    3    1    8    5    
11         0.0032679738562091504  1608.5882352941123     10         1    5    7    9    2    6    4    10   8    4    5    7    9    3    6    4    10   8    
8          0.0023767082590612004  1596.4836601307136     11         1    7    9    11   2    8    6    3    10   6    7    9    11   4    8    6    5    10   
8          0.0023767082590612004  1596.2875816993494     12         7    9    1    11   2    10   8    12   3    7    9    4    11   5    10   8    12   6    
3          8.9126559714795E-4     1581.14379084967       13         9    1    2    11   12   3    10   13   4    9    5    6    11   12   7    10   13   8    
4          0.0011883541295306002  1580.862745098037      12         7    1    2    10   11   9    8    12   3    7    4    5    10   11   9    8    12   6    
10         0.0029708853238265003  1577.5882352941235     14         1    11   2    14   3    12   4    5    13   6    11   7    14   8    12   9    10   13   
14         0.0041592394533571005  1570.9607843137276     12         7    1    9    11   2    3    8    12   10   7    4    9    11   5    6    8    12   10   
3          8.9126559714795E-4     1569.6209150326697     11         6    7    9    10   1    8    6    11   2    6    7    9    10   3    8    4    11   5    
1          2.9708853238265005E-4  1569.5686274509726     13         9    1    11   12   13   10   2    3    4    5    6    11   12   13   10   9    7    8    
29         0.00861556743909685    1557.5228758169987     11         5    7    8    10   1    2    6    11   9    5    7    8    10   3    4    6    11   9    
2          5.941770647653001E-4   1553.143790849675      12         7    8    10   1    2    9    3    12   11   7    8    10   4    5    9    6    12   11   
23         0.006833036244800951   1528.8431372549062     12         1    7    9    11   2    8    3    12   10   4    7    9    11   5    8    6    12   10   
2          5.941770647653001E-4   1491.3856209150294     15         13   1    2    3    4    5    6    15   14   13   7    8    9    10   11   12   15   14   
2          5.941770647653001E-4   1491.359477124177      10         3    5    7    9    1    6    4    10   8    4    5    7    9    2    6    3    10   8    
10         0.0029708853238265003  1489.2287581699302     9          2    3    5    7    8    4    2    9    6    1    3    5    7    8    4    2    9    6    
27         0.008021390374331552   1469.581699346394      9          3    4    6    8    1    5    3    9    7    3    4    6    8    2    5    3    9    7    
21         0.006238859180035651   1462.2026143790881     11         5    1    8    10   11   7    6    2    9    5    3    8    10   11   7    6    4    9    
3          8.9126559714795E-4     1453.2026143790786     10         4    5    7    9    1    6    2    10   8    4    5    7    9    3    6    4    10   8    
21         0.006238859180035651   1439.7843137254927     12         7    1    10   12   2    9    8    3    11   7    4    10   12   5    9    8    6    11   
3          8.9126559714795E-4     1435.9869281045733     13         9    10   1    12   13   2    3    4    11   9    10   5    12   13   6    7    8    11   
7          0.0020796197266785502  1414.0784313725512     14         11   1    2    14   3    12   4    5    13   11   6    7    14   8    12   9    10   13   
7          0.0020796197266785502  1406.1633986928098     12         7    1    9    10   11   2    8    12   3    7    4    9    10   11   5    8    12   6    
5          0.0014854426619132501  1400.4052287581703     14         11   12   1    14   2    3    4    5    13   11   12   6    14   7    8    9    10   13   
41         0.01218062982768865    1399.5620915032703     10         3    1    6    8    9    5    4    10   7    3    2    6    8    9    5    4    10   7    
7          0.0020796197266785502  1356.385620915033      11         5    7    8    9    10   1    6    11   2    5    7    8    9    10   3    6    11   4    
10         0.0029708853238265003  1345.7124183006524     12         7    8    9    11   12   1    2    3    10   7    8    9    11   12   4    5    6    10   
4          0.0011883541295306002  1338.189542483654      10         4    5    1    8    9    6    4    10   7    4    5    2    8    9    6    3    10   7    
21         0.006238859180035651   1337.013071895425      11         5    7    8    10   11   1    6    2    9    5    7    8    10   11   3    6    4    9    
1          2.9708853238265005E-4  1331.921568627443      14         12   13   1    2    3    14   12   4    5    12   13   6    7    8    14   9    10   11   
13         0.0038621509209744503  1316.7450980392164     11         1    2    7    9    10   6    5    11   8    3    4    7    9    10   6    5    11   8    
34         0.010101010101010102   1307.9934640522895     11         1    6    8    10   2    7    5    11   9    3    6    8    10   4    7    5    11   9    
3          8.9126559714795E-4     1266.098039215684      13         1    2    10   11   12   3    9    13   4    5    6    10   11   12   7    9    13   8    
3          8.9126559714795E-4     1257.0849673202554     10         1    5    7    8    9    6    4    10   2    4    5    7    8    9    6    4    10   3    
11         0.0032679738562091504  1256.3398692810413     9          1    3    5    7    8    4    2    9    6    2    3    5    7    8    4    2    9    6    
6          0.0017825311942959     1247.2156862745094     10         1    4    6    8    9    5    3    10   7    3    4    6    8    9    5    2    10   7    
3          8.9126559714795E-4     1242.9999999999952     11         1    7    9    10   11   8    6    2    3    6    7    9    10   11   8    6    4    5    
1          2.9708853238265005E-4  1233.6405228758115     11         6    7    1    10   2    8    3    11   9    6    7    4    10   5    8    6    11   9    
1          2.9708853238265005E-4  1231.267973856203      11         1    7    9    2    11   8    6    3    10   6    7    9    4    11   8    6    5    10   
1          2.9708853238265005E-4  1228.4575163398683     14         1    2    13   3    4    12   5    6    14   11   7    13   8    9    12   11   10   14   
5          0.0014854426619132501  1221.9019607843127     10         5    1    7    9    10   6    5    2    8    5    3    7    9    10   6    5    4    8    
3          8.9126559714795E-4     1217.0653594771222     14         1    2    12   13   14   3    11   4    5    6    7    12   13   14   8    11   9    10   
12         0.0035650623885918     1214.9738562091454     10         5    6    8    10   1    7    5    2    9    5    6    8    10   3    7    5    4    9    
5          0.0014854426619132501  1214.1437908496732     10         5    6    1    8    9    2    5    10   7    5    6    3    8    9    4    5    10   7    
3          8.9126559714795E-4     1209.444444444441      11         1    6    8    10   11   7    5    2    9    5    6    8    10   11   7    3    4    9    
10         0.0029708853238265003  1209.3660130718977     12         1    7    9    11   12   8    2    3    10   4    7    9    11   12   8    5    6    10   
2          5.941770647653001E-4   1206.5947712418265     12         1    8    10   11   2    9    7    12   3    7    8    10   11   4    9    5    12   6    
1          2.9708853238265005E-4  1203.333333333327      13         1    2    12   13   3    11   10   4    5    10   6    12   13   7    11   10   8    9    
4          0.0011883541295306002  1198.2026143790815     10         5    6    1    9    2    7    5    10   8    5    6    3    9    4    7    5    10   8    
2          5.941770647653001E-4   1193.562091503266      12         1    8    10   12   2    9    7    3    11   7    8    10   12   4    9    5    6    11   
1          2.9708853238265005E-4  1191.7254901960753     14         1    2    3    4    5    12   11   14   13   6    7    8    9    10   12   11   14   13   
1          2.9708853238265005E-4  1189.8823529411723     13         1    2    11   12   13   10   9    3    4    9    5    11   12   13   10   6    7    8    
1          2.9708853238265005E-4  1189.797385620914      14         1    12   14   2    3    13   11   4    5    11   12   14   6    7    13   8    9    10   
1          2.9708853238265005E-4  1187.1503267973833     12         1    8    9    11   12   2    7    3    10   7    8    9    11   12   4    5    6    10   
1          2.9708853238265005E-4  1186.5294117647027     12         1    8    9    10   11   2    7    12   3    7    8    9    10   11   4    5    12   6    
5          0.0014854426619132501  1182.947712418302      11         5    1    7    9    10   2    6    11   8    5    3    7    9    10   4    6    11   8    
2          5.941770647653001E-4   1182.9215686274483     12         1    8    10   2    12   9    7    3    11   7    8    10   4    12   9    5    6    11   
5          0.0014854426619132501  1179.032679738563      13         9    10   1    12   2    3    4    13   11   9    10   5    12   6    7    8    13   11   
1          2.9708853238265005E-4  1177.6209150326765     14         1    2    3    4    13   11   5    14   12   6    7    8    9    13   11   10   14   12   
6          0.0017825311942959     1172.2810457516318     12         7    1    2    11   12   9    8    3    10   7    4    5    11   12   9    8    6    10   
8          0.0023767082590612004  1167.8496732026147     12         1    2    8    10   11   7    3    12   9    4    5    8    10   11   7    6    12   9    
2          5.941770647653001E-4   1166.0718954248373     10         5    1    7    8    9    6    5    10   2    5    3    7    8    9    6    5    10   4    
1          2.9708853238265005E-4  1164.9999999999973     11         7    1    2    9    10   8    7    11   3    7    4    5    9    10   8    7    11   6    
2          5.941770647653001E-4   1163.4509803921555     11         7    8    1    10   11   9    7    2    3    7    8    4    10   11   9    7    5    6    
3          8.9126559714795E-4     1158.542483660129      12         7    9    1    11   12   10   8    2    3    7    9    4    11   12   10   8    5    6    
2          5.941770647653001E-4   1157.3986928104573     12         1    2    9    11   12   8    7    3    10   4    5    9    11   12   8    7    6    10   
2          5.941770647653001E-4   1152.2483660130717     16         1    2    3    16   4    5    15   6    7    8    9    10   16   11   12   15   13   14   
3          8.9126559714795E-4     1151.4052287581687     13         1    10   2    12   13   11   9    3    4    5    10   6    12   13   11   9    7    8    
5          0.0014854426619132501  1148.3137254901949     13         9    1    11   12   13   10   2    3    4    9    5    11   12   13   10   6    7    8    
7          0.0020796197266785502  1146.0915032679723     12         1    8    9    11   12   2    7    3    10   4    8    9    11   12   5    7    6    10   
5          0.0014854426619132501  1137.8104575163406     13         9    11   12   13   1    2    10   3    4    9    11   12   13   5    6    10   7    8    
2          5.941770647653001E-4   1133.457516339869      15         1    2    3    14   15   4    13   5    6    7    8    9    14   15   10   13   11   12   
4          0.0011883541295306002  1128.5294117647047     12         7    8    9    10   11   1    2    12   3    7    8    9    10   11   4    5    12   6    
2          5.941770647653001E-4   1126.869281045749      14         1    11   13   2    14   12   3    4    5    6    11   13   7    14   12   8    9    10   
2          5.941770647653001E-4   1120.568627450978      12         7    1    10   11   12   9    8    2    3    7    4    10   11   12   9    8    5    6    
2          5.941770647653001E-4   1120.1307189542479     15         13   1    2    3    4    14   5    15   6    13   7    8    9    10   14   11   15   12   
2          5.941770647653001E-4   1119.6732026143777     13         1    10   12   2    13   11   9    3    4    5    10   12   6    13   11   9    7    8    
7          0.0020796197266785502  1118.6274509803918     13         9    1    2    12   3    10   4    13   11   9    5    6    12   7    10   8    13   11   
2          5.941770647653001E-4   1118.1895424836591     12         7    8    1    10   11   9    2    12   3    7    8    4    10   11   9    5    12   6    
5          0.0014854426619132501  1111.8235294117649     13         9    11   1    13   2    12   10   3    4    9    11   5    13   6    12   10   7    8    
11         0.0032679738562091504  1109.7189542483643     12         1    8    9    11   2    3    7    12   10   4    8    9    11   5    6    7    12   10   
5          0.0014854426619132501  1096.5882352941162     13         1    2    11   12   3    10   9    13   4    5    6    11   12   7    10   9    13   8    
5          0.0014854426619132501  1090.2287581699334     13         9    11   1    12   2    3    10   13   4    9    11   5    12   6    7    10   13   8    
10         0.0029708853238265003  1087.1764705882347     13         9    1    11   13   2    3    10   4    12   9    5    11   13   6    7    10   8    12   
5          0.0014854426619132501  1076.4967320261435     14         1    2    3    13   4    11   5    14   12   6    7    8    13   9    11   10   14   12   
3          8.9126559714795E-4     1068.7843137254874     14         1    11   12   13   14   2    3    4    5    6    11   12   13   14   7    8    9    10   
1          2.9708853238265005E-4  1067.6143790849658     14         11   1    2    3    4    12   5    14   13   11   6    7    8    9    12   10   14   13   
11         0.0032679738562091504  1065.6274509803932     14         11   1    13   14   2    12   3    4    5    11   6    13   14   7    12   8    9    10   
2          5.941770647653001E-4   1064.0457516339848     14         11   1    14   2    3    13   12   4    5    11   6    14   7    8    13   12   9    10   
8          0.0023767082590612004  1054.993464052285      12         1    7    2    10   11   8    3    12   9    4    7    5    10   11   8    6    12   9    
4          0.0011883541295306002  1045.9346405228748     14         11   1    2    13   3    4    5    14   12   11   6    7    13   8    9    10   14   12   
9          0.00267379679144385    1044.3006535947693     11         1    6    7    9    10   2    5    11   8    3    6    7    9    10   4    5    11   8    
21         0.006238859180035651   1033.5620915032644     12         1    8    10   12   2    9    7    3    11   4    8    10   12   5    9    7    6    11   
2          5.941770647653001E-4   1033.2287581699327     14         1    2    3    13   4    12   11   14   5    6    7    8    13   9    12   11   14   10   
3          8.9126559714795E-4     1029.895424836599      12         7    9    1    10   11   2    8    12   3    7    9    4    10   11   5    8    12   6    
9          0.00267379679144385    1010.2875816993438     12         7    9    10   11   1    2    8    12   3    7    9    10   11   4    5    8    12   6    
4          0.0011883541295306002  997.117647058821       12         7    1    10   2    12   9    8    3    11   7    4    10   5    12   9    8    6    11   
4          0.0011883541295306002  996.450980392156       12         1    8    2    11   12   9    7    3    10   4    8    5    11   12   9    7    6    10   
6          0.0017825311942959     992.9607843137269      14         11   12   13   14   1    2    3    4    5    11   12   13   14   6    7    8    9    10   
3          8.9126559714795E-4     984.869281045751       14         1    12   2    3    4    13   11   5    14   6    12   7    8    9    13   11   10   14   
4          0.0011883541295306002  982.0457516339842      11         5    7    9    1    11   8    6    2    10   5    7    9    3    11   8    6    4    10   
2          5.941770647653001E-4   974.9281045751629      16         15   16   1    2    3    4    5    6    7    15   16   8    9    10   11   12   13   14   
13         0.0038621509209744503  964.2091503267947      12         7    8    9    11   1    2    3    12   10   7    8    9    11   4    5    6    12   10   
14         0.0041592394533571005  962.7189542483695      9          3    4    6    7    8    5    3    9    1    3    4    6    7    8    5    3    9    2    
1          2.9708853238265005E-4  959.7712418300647      13         9    11   12   1    13   2    10   3    4    9    11   12   5    13   6    10   7    8    
2          5.941770647653001E-4   957.490196078431       17         17   1    2    3    4    5    6    7    8    17   9    10   11   12   13   14   15   16   
23         0.006833036244800951   951.2091503267949      12         7    9    10   12   1    2    8    3    11   7    9    10   12   4    5    8    6    11   
3          8.9126559714795E-4     925.9346405228747      13         9    1    11   12   2    3    10   13   4    9    5    11   12   6    7    10   13   8    
4          0.0011883541295306002  922.8169934640522      11         5    1    8    9    10   7    6    11   2    5    3    8    9    10   7    6    11   4    
3          8.9126559714795E-4     918.8888888888873      13         1    9    10   12   13   2    3    4    11   5    9    10   12   13   6    7    8    11   
1          2.9708853238265005E-4  916.7254901960755      11         5    6    7    9    10   1    5    11   8    2    6    7    9    10   3    4    11   8    
6          0.0017825311942959     914.6274509803918      14         1    11   12   14   2    3    4    5    13   6    11   12   14   7    8    9    10   13   
1          2.9708853238265005E-4  912.9607843137228      11         5    6    1    9    10   7    5    11   8    2    6    3    9    10   7    4    11   8    
2          5.941770647653001E-4   911.2941176470576      15         1    2    3    13   14   4    5    15   6    7    8    9    13   14   10   11   15   12   
12         0.0035650623885918     907.8235294117643      13         1    10   11   13   2    3    9    4    12   5    10   11   13   6    7    9    8    12   
1          2.9708853238265005E-4  904.0522875816969      15         1    14   15   2    3    4    13   5    6    7    14   15   8    9    10   13   11   12   
8          0.0023767082590612004  893.6143790849654      11         5    7    1    9    10   2    6    11   8    5    7    3    9    10   4    6    11   8    
3          8.9126559714795E-4     885.5228758169925      13         9    10   12   1    2    11   3    13   4    9    10   12   5    6    11   7    13   8    
7          0.0020796197266785502  883.9869281045733      13         9    10   11   12   1    2    3    13   4    9    10   11   12   5    6    7    13   8    
11         0.0032679738562091504  877.039215686271       13         9    11   1    13   2    3    10   4    12   9    11   5    13   6    7    10   8    12   
4          0.0011883541295306002  867.1372549019605      14         1    2    3    14   4    12   11   5    13   6    7    8    14   9    12   11   10   13   
4          0.0011883541295306002  861.0849673202598      14         11   1    13   14   2    3    12   4    5    11   6    13   14   7    8    12   9    10   
7          0.0020796197266785502  859.0849673202598      11         5    6    1    9    10   7    2    11   8    5    6    3    9    10   7    4    11   8    
5          0.0014854426619132501  839.5424836601314      11         7    1    2    10   3    8    7    11   9    7    4    5    10   6    8    7    11   9    
6          0.0017825311942959     839.2745098039197      10         4    5    7    8    9    6    4    10   1    4    5    7    8    9    6    2    10   3    
2          5.941770647653001E-4   839.0392156862736      12         8    1    2    10   11   9    8    12   3    8    4    5    10   11   9    6    12   7    
2          5.941770647653001E-4   835.7058823529393      12         7    8    10   1    12   9    2    3    11   7    8    10   4    12   9    5    6    11   
4          0.0011883541295306002  834.6535947712396      13         1    9    2    12   13   10   3    4    11   5    9    6    12   13   10   7    8    11   
2          5.941770647653001E-4   833.640522875815       12         8    1    9    11   2    3    8    12   10   8    4    9    11   5    6    7    12   10   
1          2.9708853238265005E-4  829.601307189542       12         8    9    1    11   2    10   8    12   3    8    9    4    11   5    10   6    12   7    
1          2.9708853238265005E-4  823.6862745098017      10         4    5    1    8    9    6    2    10   7    4    5    3    8    9    6    4    10   7    
1          2.9708853238265005E-4  823.0261437908475      11         6    7    1    10   11   8    6    2    9    3    7    4    10   11   8    6    5    9    
12         0.0035650623885918     817.7973856209136      13         1    10   12   13   2    11   9    3    4    5    10   12   13   6    11   9    7    8    
9          0.00267379679144385    817.209150326797       10         5    6    8    9    1    7    5    10   2    5    6    8    9    3    7    5    10   4    
2          5.941770647653001E-4   814.0065359477111      11         6    1    8    10   2    7    6    11   9    6    3    8    10   4    7    5    11   9    
1          2.9708853238265005E-4  812.0915032679729      13         10   1    11   12   2    3    10   13   4    10   5    11   12   6    7    8    13   9    
1          2.9708853238265005E-4  811.4117647058819      14         12   1    2    3    4    13   12   5    14   6    7    8    9    10   13   12   11   14   
7          0.0020796197266785502  803.0915032679733      12         1    2    9    11   3    8    7    12   10   4    5    9    11   6    8    7    12   10   
4          0.0011883541295306002  802.254901960782       11         5    7    1    2    10   8    6    11   9    5    7    3    4    10   8    6    11   9    
4          0.0011883541295306002  792.6078431372531      15         1    14   2    15   3    4    13   5    6    7    14   8    15   9    10   13   11   12   
6          0.0017825311942959     788.9999999999985      13         9    1    12   2    3    11   10   4    13   9    5    12   6    7    11   10   8    13   
2          5.941770647653001E-4   771.5424836601313      11         7    8    9    10   1    2    7    11   3    7    8    9    10   4    5    7    11   6    
7          0.0020796197266785502  769.9477124183001      9          3    4    1    7    8    5    3    9    6    3    4    2    7    8    5    3    9    6    
1          2.9708853238265005E-4  765.7189542483651      11         6    7    9    10   1    8    6    11   2    3    7    9    10   4    8    6    11   5    
1          2.9708853238265005E-4  764.9542483660111      11         6    1    8    10   2    7    3    11   9    6    4    8    10   5    7    6    11   9    
5          0.0014854426619132501  764.6862745098028      10         5    1    7    9    2    6    5    10   8    5    3    7    9    4    6    5    10   8    
10         0.0029708853238265003  755.9673202614371      9          3    4    5    7    8    1    3    9    6    3    4    5    7    8    2    3    9    6    
2          5.941770647653001E-4   753.4640522875799      12         8    9    11   12   1    10   8    2    3    8    9    11   12   4    10   5    6    7    
1          2.9708853238265005E-4  752.9215686274501      11         6    1    2    9    10   7    6    11   8    6    3    4    9    10   7    5    11   8    
12         0.0035650623885918     752.0784313725479      12         7    8    10   11   1    9    2    12   3    7    8    10   11   4    9    5    12   6    
1          2.9708853238265005E-4  749.7385620915024      12         8    1    2    11   12   9    8    3    10   8    4    5    11   12   9    6    7    10   
1          2.9708853238265005E-4  749.6535947712389      12         8    9    1    11   2    3    8    12   10   8    9    4    11   5    6    7    12   10   
3          8.9126559714795E-4     749.4509803921542      12         8    9    10   12   1    2    8    3    11   8    9    10   12   4    5    6    7    11   
1          2.9708853238265005E-4  743.4444444444431      14         12   1    13   2    3    4    12   5    14   12   6    13   7    8    9    10   11   14   
8          0.0023767082590612004  741.0718954248346      13         1    2    11   13   3    10   9    4    12   5    6    11   13   7    10   9    8    12   
2          5.941770647653001E-4   731.4901960784294      13         1    10   11   12   2    3    9    13   4    5    10   11   12   6    7    9    13   8    
2          5.941770647653001E-4   728.143790849672       14         1    11   2    13   3    4    5    14   12   6    11   7    13   8    9    10   14   12   
2          5.941770647653001E-4   726.379084967319       15         1    14   2    3    4    5    13   15   6    7    14   8    9    10   11   13   15   12   
2          5.941770647653001E-4   723.4771241830052      13         9    1    2    12   13   11   10   3    4    9    5    6    12   13   11   10   7    8    
5          0.0014854426619132501  723.3986928104559      14         1    2    3    13   4    5    11   14   12   6    7    8    13   9    10   11   14   12   
3          8.9126559714795E-4     716.3398692810443      13         9    11   1    2    3    12   10   13   4    9    11   5    6    7    12   10   13   8    
5          0.0014854426619132501  714.7385620915018      14         1    2    3    12   13   4    5    14   11   6    7    8    12   13   9    10   14   11   
2          5.941770647653001E-4   709.6535947712397      13         9    11   1    2    3    12   10   4    13   9    11   5    6    7    12   10   8    13   
3          8.9126559714795E-4     707.3986928104563      14         1    2    3    13   14   4    11   5    12   6    7    8    13   14   9    11   10   12   
4          0.0011883541295306002  704.5424836601298      12         7    9    1    11   12   2    8    3    10   7    9    4    11   12   5    8    6    10   
6          0.0017825311942959     702.5686274509786      11         1    6    2    9    10   7    5    11   8    3    6    4    9    10   7    5    11   8    
11         0.0032679738562091504  695.7320261437898      12         1    8    10   11   2    9    7    12   3    4    8    10   11   5    9    7    12   6    
2          5.941770647653001E-4   695.3398692810446      14         1    12   2    13   3    4    11   14   5    6    12   7    13   8    9    11   14   10   
3          8.9126559714795E-4     682.5098039215678      15         1    2    13   14   3    4    5    15   6    7    8    13   14   9    10   11   15   12   
1          2.9708853238265005E-4  680.5163398692789      15         13   14   1    2    3    4    5    15   6    13   14   7    8    9    10   11   15   12   
2          5.941770647653001E-4   680.3202614379067      13         1    2    10   12   3    4    9    13   11   5    6    10   12   7    8    9    13   11   
5          0.0014854426619132501  676.9607843137239      13         9    1    2    12   3    11   10   13   4    9    5    6    12   7    11   10   13   8    
8          0.0023767082590612004  673.0065359477098      13         9    1    12   13   2    11   10   3    4    9    5    12   13   6    11   10   7    8    
17         0.005050505050505051   667.8954248366005      13         1    9    11   13   2    10   3    4    12   5    9    11   13   6    10   7    8    12   
3          8.9126559714795E-4     646.1568627450957      13         9    1    10   11   12   2    3    13   4    9    5    10   11   12   6    7    13   8    
1          2.9708853238265005E-4  644.6339869281028      17         1    2    3    4    17   5    6    7    8    9    10   11   12   17   13   14   15   16   
3          8.9126559714795E-4     642.2091503267961      14         1    11   2    13   3    12   4    14   5    6    11   7    13   8    12   9    14   10   
3          8.9126559714795E-4     641.1960784313709      17         1    2    3    4    5    6    17   7    8    9    10   11   12   13   14   17   15   16   
1          2.9708853238265005E-4  638.8169934640505      12         7    8    10   11   12   9    1    2    3    7    8    10   11   12   9    4    5    6    
3          8.9126559714795E-4     636.4967320261426      13         9    11   13   1    2    12   10   3    4    9    11   13   5    6    12   10   7    8    
1          2.9708853238265005E-4  634.424836601306       13         1    10   2    3    4    11   9    13   12   5    10   6    7    8    11   9    13   12   
4          0.0011883541295306002  634.2614379084954      13         1    9    11   12   13   10   2    3    4    5    9    11   12   13   10   6    7    8    
7          0.0020796197266785502  629.1830065359469      14         1    12   2    14   3    4    11   5    13   6    12   7    14   8    9    11   10   13   
1          2.9708853238265005E-4  625.1633986928082      13         10   11   12   13   1    2    10   3    4    10   11   12   13   5    6    7    8    9    
3          8.9126559714795E-4     621.5816993464039      15         1    2    3    15   4    14   13   5    6    7    8    9    15   10   14   13   11   12   
2          5.941770647653001E-4   620.1372549019593      13         1    2    3    12   4    10   9    13   11   5    6    7    12   8    10   9    13   11   
5          0.0014854426619132501  617.0457516339861      14         1    12   2    14   3    13   11   4    5    6    12   7    14   8    13   11   9    10   
5          0.0014854426619132501  612.3333333333322      12         7    1    10   2    3    9    8    12   11   7    4    10   5    6    9    8    12   11   
3          8.9126559714795E-4     608.0392156862738      14         1    2    12   14   3    4    11   5    13   6    7    12   14   8    9    11   10   13   
1          2.9708853238265005E-4  600.6601307189529      11         6    7    9    11   1    8    6    2    10   3    7    9    11   4    8    6    5    10   
7          0.0020796197266785502  598.928104575162       14         11   12   1    14   2    13   3    4    5    11   12   6    14   7    13   8    9    10   
1          2.9708853238265005E-4  598.2810457516324      14         12   1    2    13   3    4    12   14   5    6    7    8    13   9    10   12   14   11   
4          0.0011883541295306002  594.653594771241       11         7    1    9    11   2    8    7    3    10   7    4    9    11   5    8    7    6    10   
3          8.9126559714795E-4     591.4444444444431      12         7    9    10   1    2    3    8    12   11   7    9    10   4    5    6    8    12   11   
3          8.9126559714795E-4     588.6797385620905      15         1    2    3    14   15   4    5    6    13   7    8    9    14   15   10   11   12   13   
4          0.0011883541295306002  586.2418300653575      13         1    10   2    12   3    11   9    13   4    5    10   6    12   7    11   9    13   8    
13         0.0038621509209744503  582.0915032679728      10         3    5    7    1    9    6    4    10   8    3    5    7    2    9    6    4    10   8    
6          0.0017825311942959     571.0522875816979      11         5    1    7    9    10   6    2    11   8    5    3    7    9    10   6    4    11   8    
2          5.941770647653001E-4   563.6535947712405      13         9    10   1    2    3    11   4    13   12   9    10   5    6    7    11   8    13   12   
1          2.9708853238265005E-4  560.2026143790832      12         1    2    9    11   12   8    3    4    10   7    5    9    11   12   8    7    6    10   
1          2.9708853238265005E-4  557.8235294117624      12         8    9    11   1    2    10   3    4    12   8    9    11   5    6    10   8    7    12   
7          0.0020796197266785502  557.0065359477106      9          2    3    5    7    8    4    1    9    6    2    3    5    7    8    4    2    9    6    
2          5.941770647653001E-4   553.9542483660119      14         1    11   12   13   2    3    4    14   5    6    11   12   13   7    8    9    14   10   
3          8.9126559714795E-4     551.0065359477112      11         1    6    8    2    10   7    5    11   9    3    6    8    4    10   7    5    11   9    
4          0.0011883541295306002  547.5098039215674      13         9    1    10   12   2    3    4    13   11   9    5    10   12   6    7    8    13   11   
2          5.941770647653001E-4   544.6078431372528      12         8    1    10   11   2    9    8    12   3    4    5    10   11   6    9    8    12   7    
6          0.0017825311942959     542.3986928104566      14         1    11   13   2    3    12   4    5    14   6    11   13   7    8    12   9    10   14   
1          2.9708853238265005E-4  540.7124183006522      13         9    11   12   1    2    3    10   13   4    9    11   12   5    6    7    10   13   8    
1          2.9708853238265005E-4  533.3660130718941      16         1    15   2    3    16   4    5    6    7    8    15   9    10   16   11   12   13   14   
1          2.9708853238265005E-4  530.9673202614367      12         7    8    1    2    11   9    3    12   10   4    8    5    6    11   9    7    12   10   
1          2.9708853238265005E-4  529.9477124182988      12         1    9    2    10   11   3    8    12   4    8    9    5    10   11   6    8    12   7    
2          5.941770647653001E-4   529.4052287581688      12         7    8    10   11   1    9    7    12   2    3    8    10   11   4    9    5    12   6    
6          0.0017825311942959     526.8235294117636      10         3    4    6    8    9    5    3    10   7    1    4    6    8    9    5    2    10   7    
3          8.9126559714795E-4     524.8954248365995      10         5    6    8    1    2    7    5    10   9    5    6    8    3    4    7    5    10   9    
1          2.9708853238265005E-4  524.7647058823513      11         6    7    9    10   11   8    6    1    2    6    7    9    10   11   8    3    4    5    
1          2.9708853238265005E-4  514.9542483660115      13         9    1    2    11   12   10   3    13   4    9    5    6    11   12   10   7    13   8    
6          0.0017825311942959     514.8562091503253      13         9    10   1    12   2    11   3    13   4    9    10   5    12   6    11   7    13   8    
1          2.9708853238265005E-4  514.5882352941154      12         8    1    10   11   2    9    8    12   3    8    4    10   11   5    9    6    12   7    
4          0.0011883541295306002  514.0261437908482      9          3    1    5    7    8    4    3    9    6    3    2    5    7    8    4    3    9    6    
1          2.9708853238265005E-4  511.7843137254877      12         8    9    1    11   12   10   2    3    4    8    9    5    11   12   10   8    6    7    
5          0.0014854426619132501  509.0784313725481      13         1    10   12   2    3    11   9    4    13   5    10   12   6    7    11   9    8    13   
2          5.941770647653001E-4   504.22222222222155     12         1    2    3    10   11   8    7    12   9    4    5    6    10   11   8    7    12   9    
2          5.941770647653001E-4   501.47712418300534     15         1    2    14   3    4    13   5    15   6    7    8    14   9    10   13   11   15   12   
4          0.0011883541295306002  501.38562091503155     15         1    2    3    15   4    13   5    6    14   7    8    9    15   10   13   11   12   14   
16         0.004753416518122401   497.6732026143785      12         7    1    9    11   2    8    3    12   10   7    4    9    11   5    8    6    12   10   
3          8.9126559714795E-4     479.35947712418226     12         7    9    1    2    12   10   8    3    11   7    9    4    5    12   10   8    6    11   
1          2.9708853238265005E-4  471.9934640522867      12         7    9    1    11   12   2    8    3    10   8    9    4    11   12   5    7    6    10   
3          8.9126559714795E-4     470.1045751633975      10         5    6    7    8    9    1    5    10   2    5    6    7    8    9    3    5    10   4    
1          2.9708853238265005E-4  468.26143790849517     12         1    2    10   11   3    9    8    12   4    8    5    10   11   6    9    8    12   7    
3          8.9126559714795E-4     466.6209150326778      10         5    6    8    9    10   7    5    1    2    5    6    8    9    10   7    5    3    4    
5          0.0014854426619132501  464.50326797385554     11         6    7    9    11   1    8    6    2    10   6    7    9    11   3    8    4    5    10   
3          8.9126559714795E-4     463.65359477123997     10         5    6    7    9    1    2    5    10   8    5    6    7    9    3    4    5    10   8    
1          2.9708853238265005E-4  460.6405228758161      11         7    8    1    11   2    9    7    3    10   7    8    4    11   5    9    7    6    10   
2          5.941770647653001E-4   455.601307189541       15         1    14   2    15   3    4    13   5    6    13   14   7    15   8    9    10   11   12   
3          8.9126559714795E-4     454.03921568627294     10         5    1    2    8    9    6    5    10   7    5    3    4    8    9    6    5    10   7    
5          0.0014854426619132501  452.68627450980375     12         1    8    9    10   11   2    7    12   3    4    8    9    10   11   5    7    12   6    
2          5.941770647653001E-4   451.5163398692798      11         7    8    10   11   1    9    7    2    3    7    8    10   11   4    9    7    5    6    
1          2.9708853238265005E-4  451.4183006535934      9          1    3    5    7    8    4    1    9    6    2    3    5    7    8    4    2    9    6    
1          2.9708853238265005E-4  451.13725490196003     11         6    1    2    9    10   7    6    11   8    3    4    5    9    10   7    6    11   8    
4          0.0011883541295306002  447.411764705881       13         1    2    3    12   13   10   9    4    11   5    6    7    12   13   10   9    8    11   
1          2.9708853238265005E-4  447.3202614379079      14         11   1    13   2    3    4    12   5    14   11   6    13   7    8    9    12   10   14   
2          5.941770647653001E-4   441.4901960784303      11         5    7    9    1    10   8    6    11   2    5    7    9    3    10   8    6    11   4    
3          8.9126559714795E-4     439.84313725490074     11         5    6    8    9    10   7    5    11   1    2    6    8    9    10   7    3    11   4    
5          0.0014854426619132501  439.82352941176356     13         1    9    10   12   2    3    4    13   11   5    9    10   12   6    7    8    13   11   
4          0.0011883541295306002  431.2810457516326      12         8    9    1    12   2    10   8    3    11   8    9    4    12   5    10   6    7    11   
3          8.9126559714795E-4     429.35294117647        14         11   12   1    2    3    13   4    5    14   11   12   6    7    8    13   9    10   14   
3          8.9126559714795E-4     427.1764705882346      16         1    2    3    16   4    15   5    6    7    8    9    10   16   11   15   12   13   14   
1          2.9708853238265005E-4  423.39869281045645     15         1    2    3    15   4    5    13   6    14   13   7    8    15   9    10   11   12   14   
1          2.9708853238265005E-4  421.43137254901853     13         9    10   1    12   2    11   9    13   3    4    10   5    12   6    11   7    13   8    
3          8.9126559714795E-4     418.2483660130715      14         11   1    2    13   3    4    12   14   5    11   6    7    13   8    9    12   14   10   
2          5.941770647653001E-4   417.6732026143773      12         8    1    10   11   12   9    8    2    3    8    4    10   11   12   9    5    6    7    
3          8.9126559714795E-4     415.52941176470506     15         1    2    13   15   3    4    5    6    14   7    8    13   15   9    10   11   12   14   
2          5.941770647653001E-4   415.2745098039211      14         11   12   1    13   14   2    3    4    5    11   12   6    13   14   7    8    9    10   
1          2.9708853238265005E-4  413.43137254901876     10         5    6    8    9    10   7    5    1    8    5    6    2    9    10   7    3    4    8    
2          5.941770647653001E-4   410.13725490196043     12         1    8    10   2    12   9    7    3    11   4    8    10   5    12   9    7    6    11   
1          2.9708853238265005E-4  409.79738562091393     13         1    10   2    3    12   11   9    13   4    5    10   6    7    12   11   9    13   8    
2          5.941770647653001E-4   409.12418300653496     13         1    2    9    11   12   3    4    13   10   5    6    9    11   12   7    8    13   10   
2          5.941770647653001E-4   405.9411764705877      12         1    8    2    10   11   9    7    12   3    4    8    5    10   11   9    7    12   6    
4          0.0011883541295306002  405.50326797385526     13         1    2    10   12   13   9    3    4    11   5    6    10   12   13   9    7    8    11   
2          5.941770647653001E-4   400.83660130718846     13         9    1    10   12   13   2    3    4    11   9    5    10   12   13   6    7    8    11   
4          0.0011883541295306002  397.92156862745        15         13   1    2    15   3    4    14   5    6    13   7    8    15   9    10   14   11   12   
6          0.0017825311942959     395.0065359477115      15         13   1    2    15   3    4    5    6    14   13   7    8    15   9    10   11   12   14   
1          2.9708853238265005E-4  387.7777777777767      15         13   1    2    14   15   3    4    5    6    13   7    8    14   15   9    10   11   12   
2          5.941770647653001E-4   387.0915032679731      17         1    17   2    3    4    5    6    7    8    9    17   10   11   12   13   14   15   16   
3          8.9126559714795E-4     385.2483660130714      15         13   1    15   2    3    14   4    5    6    13   7    15   8    9    14   10   11   12   
1          2.9708853238265005E-4  382.75816993463945     13         1    10   11   2    13   3    9    4    12   5    10   11   6    13   7    9    8    12   
2          5.941770647653001E-4   381.73202614379        15         13   1    2    15   3    14   4    5    6    13   7    8    15   9    14   10   11   12   
4          0.0011883541295306002  379.88888888888874     12         7    1    9    10   11   8    2    12   3    7    4    9    10   11   8    5    12   6    
1          2.9708853238265005E-4  374.4248366013068      16         1    2    3    4    5    16   15   6    7    15   8    9    10   11   16   12   13   14   
2          5.941770647653001E-4   373.0130718954238      10         4    5    6    8    9    1    4    10   7    2    5    6    8    9    3    4    10   7    
3          8.9126559714795E-4     372.2875816993463      11         1    2    8    10   3    7    6    11   9    6    4    8    10   5    7    6    11   9    
1          2.9708853238265005E-4  365.49019607843036     10         4    5    7    9    10   6    4    1    8    2    5    7    9    10   6    4    3    8    
1          2.9708853238265005E-4  364.72549019607817     11         6    7    8    10   1    2    6    11   9    3    7    8    10   4    5    6    11   9    
1          2.9708853238265005E-4  364.34640522875725     10         5    6    7    1    9    2    5    10   8    5    6    7    3    9    4    5    10   8    
2          5.941770647653001E-4   364.2549019607835      11         7    8    1    10   2    3    7    11   9    7    8    4    10   5    6    7    11   9    
1          2.9708853238265005E-4  360.56209150326725     11         7    1    8    10   2    3    7    11   9    7    4    8    10   5    6    7    11   9    
1          2.9708853238265005E-4  360.28758169934594     13         10   11   1    2    3    12   10   13   4    10   11   5    6    7    12   8    13   9    
4          0.0011883541295306002  359.62745098039215     10         3    4    6    8    9    5    1    10   7    2    4    6    8    9    5    3    10   7    
1          2.9708853238265005E-4  358.93464052287504     11         7    8    9    1    2    3    7    11   10   7    8    9    4    5    6    7    11   10   
3          8.9126559714795E-4     357.37908496731944     10         5    6    7    9    10   1    5    2    8    5    6    7    9    10   3    5    4    8    
2          5.941770647653001E-4   354.4117647058823      11         1    2    8    10   11   7    6    3    9    6    4    8    10   11   7    6    5    9    
1          2.9708853238265005E-4  350.71241830065327     13         1    2    11   13   3    4    10   5    12   10   6    11   13   7    8    10   9    12   
3          8.9126559714795E-4     349.7647058823525      9          1    3    5    7    8    4    2    9    6    2    3    5    7    8    4    1    9    6    
2          5.941770647653001E-4   347.76470588235185     12         9    1    10   11   12   2    9    3    4    9    5    10   11   12   6    9    7    8    
1          2.9708853238265005E-4  347.7320261437902      15         1    2    3    15   4    14   13   5    6    13   7    8    15   9    14   10   11   12   
4          0.0011883541295306002  346.79738562091455     13         9    1    11   12   2    10   3    13   4    9    5    11   12   6    10   7    13   8    
1          2.9708853238265005E-4  345.4509803921567      11         1    7    2    10   11   8    6    3    9    6    7    4    10   11   8    6    5    9    
2          5.941770647653001E-4   342.7189542483652      15         1    2    3    4    5    14   13   6    15   7    8    9    10   11   14   13   12   15   
2          5.941770647653001E-4   339.63398692810387     15         13   1    14   2    3    4    5    6    15   13   7    14   8    9    10   11   12   15   
1          2.9708853238265005E-4  338.751633986928       11         6    1    8    10   2    7    6    11   9    3    4    8    10   5    7    6    11   9    
2          5.941770647653001E-4   337.83006535947624     17         1    2    3    4    5    6    7    8    17   9    10   11   12   13   14   15   16   17   
1          2.9708853238265005E-4  336.69281045751575     13         1    9    11   2    3    10   4    13   12   5    9    11   6    7    10   8    13   12   
3          8.9126559714795E-4     335.41830065359414     15         1    2    14   3    4    13   5    6    15   7    8    14   9    10   13   11   12   15   
10         0.0029708853238265003  332.9411764705875      13         1    10   2    13   3    11   9    4    12   5    10   6    13   7    11   9    8    12   
1          2.9708853238265005E-4  322.5359477124179      14         1    2    12   13   3    4    11   14   5    6    7    12   13   8    9    11   14   10   
1          2.9708853238265005E-4  320.2549019607841      12         7    9    10   1    11   2    8    12   3    7    9    10   4    11   5    8    12   6    
2          5.941770647653001E-4   320.2352941176464      15         1    2    13   3    15   4    5    6    14   7    8    13   9    15   10   11   12   14   
5          0.0014854426619132501  319.4640522875814      14         1    2    11   13   3    4    5    14   12   6    7    11   13   8    9    10   14   12   
2          5.941770647653001E-4   313.5228758169932      14         1    2    12   3    4    5    11   14   13   6    7    12   8    9    10   11   14   13   
7          0.0020796197266785502  311.4509803921566      11         5    1    2    9    10   7    6    11   8    5    3    4    9    10   7    6    11   8    
5          0.0014854426619132501  305.1699346405227      16         1    15   2    16   3    4    5    6    7    8    15   9    16   10   11   12   13   14   
1          2.9708853238265005E-4  300.0588235294112      13         1    10   2    12   13   3    9    4    11   5    10   6    12   13   7    9    8    11   
1          2.9708853238265005E-4  298.2352941176469      16         1    2    3    4    5    16   15   6    7    8    9    10   11   12   16   15   13   14   
1          2.9708853238265005E-4  298.07189542483644     14         1    11   2    13   14   12   3    4    5    6    11   7    13   14   12   8    9    10   
1          2.9708853238265005E-4  295.72549019607817     12         8    1    10   12   2    9    8    3    11   8    4    10   12   5    9    6    7    11   
1          2.9708853238265005E-4  295.00653594771194     13         9    10   11   13   1    2    9    3    12   4    10   11   13   5    6    7    8    12   
1          2.9708853238265005E-4  294.32026143790824     12         8    1    10   12   2    9    8    3    11   4    5    10   12   6    9    8    7    11   
1          2.9708853238265005E-4  294.1895424836597      11         5    6    8    10   1    7    2    11   9    3    6    8    10   4    7    5    11   9    
1          2.9708853238265005E-4  291.7124183006533      11         5    1    8    10   11   7    6    2    9    6    3    8    10   11   7    5    4    9    
1          2.9708853238265005E-4  290.04575163398664     12         1    9    2    12   3    10   8    4    11   8    9    5    12   6    10   8    7    11   
2          5.941770647653001E-4   288.8431372549021      11         6    7    9    11   1    8    2    3    10   6    7    9    11   4    8    6    5    10   
1          2.9708853238265005E-4  288.3529411764703      11         7    8    9    11   1    2    7    3    10   7    8    9    11   4    5    7    6    10   
3          8.9126559714795E-4     284.85620915032695     11         6    7    9    1    2    8    6    11   10   6    7    9    3    4    8    5    11   10   
1          2.9708853238265005E-4  283.98692810457476     12         9    10   11   12   1    2    9    3    4    9    10   11   12   5    6    9    7    8    
1          2.9708853238265005E-4  283.50326797385605     13         1    10   12   13   2    11   9    3    4    9    10   12   13   5    11   6    7    8    
1          2.9708853238265005E-4  282.5294117647054      10         5    6    1    2    9    7    5    10   8    5    6    3    4    9    7    5    10   8    
2          5.941770647653001E-4   282.4313725490195      16         1    15   2    3    4    16   5    6    7    8    15   9    10   11   16   12   13   14   
6          0.0017825311942959     280.712418300653       17         1    2    3    17   4    5    6    7    8    9    10   11   17   12   13   14   15   16   
1          2.9708853238265005E-4  273.45751633986924     14         1    2    3    4    14   12   11   5    13   6    7    8    9    14   12   11   10   13   
2          5.941770647653001E-4   272.66666666666663     12         7    9    10   11   12   1    8    2    3    7    9    10   11   12   4    8    5    6    
1          2.9708853238265005E-4  270.4052287581696      13         11   1    12   13   2    3    11   4    5    11   6    12   13   7    8    11   9    10   
2          5.941770647653001E-4   269.0392156862745      10         4    5    7    8    9    6    1    10   2    4    5    7    8    9    6    4    10   3    
4          0.0011883541295306002  267.92810457516316     13         1    9    11   12   2    10   3    13   4    5    9    11   12   6    10   7    13   8    
2          5.941770647653001E-4   267.77124183006504     12         1    9    11   12   2    10   8    3    4    8    9    11   12   5    10   8    6    7    
2          5.941770647653001E-4   263.30718954248334     16         1    2    3    15   4    5    6    16   7    8    9    10   15   11   12   13   16   14   
2          5.941770647653001E-4   260.3529411764708      11         1    7    2    10   3    8    6    11   9    6    7    4    10   5    8    6    11   9    
1          2.9708853238265005E-4  259.01307189542484     13         1    2    10   12   13   3    4    5    11   9    6    10   12   13   7    9    8    11   
2          5.941770647653001E-4   257.3986928104577      10         1    5    7    9    10   6    4    2    8    4    5    7    9    10   6    4    3    8    
1          2.9708853238265005E-4  255.4901960784313      12         1    9    10   12   2    3    8    4    11   8    9    10   12   5    6    8    7    11   
1          2.9708853238265005E-4  255.1372549019607      14         1    2    3    13   14   12   11   4    5    6    7    8    13   14   12   11   9    10   
3          8.9126559714795E-4     254.51633986928098     14         11   1    2    14   3    4    12   5    13   11   6    7    14   8    9    12   10   13   
2          5.941770647653001E-4   251.7516339869278      14         1    2    13   14   3    12   11   4    5    6    7    13   14   8    12   11   9    10   
2          5.941770647653001E-4   249.2810457516337      16         15   1    2    16   3    4    5    6    7    15   8    9    16   10   11   12   13   14   
2          5.941770647653001E-4   247.74509803921555     11         5    1    8    2    10   7    6    11   9    5    3    8    4    10   7    6    11   9    
1          2.9708853238265005E-4  246.267973856209       13         9    10   11   1    2    3    4    13   12   9    10   11   5    6    7    8    13   12   
2          5.941770647653001E-4   244.61437908496742     13         9    1    2    3    4    11   10   13   12   9    5    6    7    8    11   10   13   12   
1          2.9708853238265005E-4  243.37254901960756     13         1    10   11   2    3    4    9    13   12   5    10   11   6    7    8    9    13   12   
1          2.9708853238265005E-4  241.3986928104576      12         7    8    10   11   12   9    7    1    2    3    8    10   11   12   9    4    5    6    
1          2.9708853238265005E-4  241.02614379084955     12         7    1    9    11   2    8    7    12   10   3    4    9    11   5    8    6    12   10   
2          5.941770647653001E-4   239.06535947712402     11         5    7    8    1    10   2    6    11   9    5    7    8    3    10   4    6    11   9    
4          0.0011883541295306002  236.80392156862743     13         9    1    2    12   13   3    10   4    11   9    5    6    12   13   7    10   8    11   
1          2.9708853238265005E-4  236.1830065359476      11         7    8    9    10   11   1    7    2    3    7    8    9    10   11   4    7    5    6    
1          2.9708853238265005E-4  232.62091503267982     14         1    2    3    4    13   12   11   14   5    6    7    8    9    13   12   11   14   10   
3          8.9126559714795E-4     230.8431372549018      16         15   1    16   2    3    4    5    6    7    15   8    16   9    10   11   12   13   14   
1          2.9708853238265005E-4  229.81699346405242     11         6    7    1    10   2    8    3    11   9    6    7    9    10   4    8    5    11   9    
4          0.0011883541295306002  228.75163398692797     13         9    10   12   1    2    11   3    4    13   9    10   12   5    6    11   7    8    13   
1          2.9708853238265005E-4  223.78431372549002     13         9    10   1    12   13   11   9    2    3    4    10   5    12   13   11   6    7    8    
1          2.9708853238265005E-4  223.43790849673192     13         1    10   2    12   13   3    9    4    11   9    10   5    12   13   6    7    8    11   
2          5.941770647653001E-4   221.92156862745105     11         6    7    8    10   1    2    6    11   9    6    7    8    10   3    4    5    11   9    
1          2.9708853238265005E-4  221.12418300653582     12         1    2    9    11   3    8    7    12   10   7    4    9    11   5    8    6    12   10   
1          2.9708853238265005E-4  219.71895424836592     13         1    2    11   3    4    10   9    13   12   9    5    11   6    7    10   8    13   12   
1          2.9708853238265005E-4  218.37908496731998     17         1    2    3    4    5    17   6    7    8    9    10   11   12   13   17   14   15   16   
2          5.941770647653001E-4   218.2026143790849      15         1    13   14   2    3    4    5    6    15   7    13   14   8    9    10   11   12   15   
1          2.9708853238265005E-4  214.77777777777797     11         6    7    1    10   2    8    6    11   9    3    7    4    10   5    8    6    11   9    
2          5.941770647653001E-4   213.35294117647067     12         8    9    1    11   2    10   8    12   3    4    9    5    11   6    10   8    12   7    
1          2.9708853238265005E-4  211.18954248366015     13         10   11   1    13   2    12   3    4    5    10   11   6    13   7    12   10   8    9    
1          2.9708853238265005E-4  210.97385620915017     13         1    10   2    3    13   11   9    4    12   5    10   6    7    13   11   9    8    12   
3          8.9126559714795E-4     210.5751633986927      15         1    13   2    15   3    4    5    6    14   7    13   8    15   9    10   11   12   14   
1          2.9708853238265005E-4  210.28104575163394     13         10   1    12   13   2    11   10   3    4    5    6    12   13   7    11   10   8    9    
2          5.941770647653001E-4   206.7058823529411      14         11   13   1    2    3    4    12   5    14   11   13   6    7    8    9    12   10   14   
2          5.941770647653001E-4   205.23529411764687     13         9    1    2    12   13   10   3    4    11   9    5    6    12   13   10   7    8    11   
2          5.941770647653001E-4   203.06535947712408     15         13   1    2    14   3    4    5    15   6    13   7    8    14   9    10   11   15   12   
1          2.9708853238265005E-4  199.80392156862735     13         10   11   12   13   1    2    3    4    5    10   11   12   13   6    7    10   8    9    
2          5.941770647653001E-4   199.18300653594784     10         4    5    7    8    9    6    4    10   1    2    5    7    8    9    6    4    10   3    
6          0.0017825311942959     197.91503267973857     10         1    5    2    8    9    6    4    10   7    4    5    3    8    9    6    4    10   7    
3          8.9126559714795E-4     192.89542483660122     12         7    1    2    10   11   8    3    12   9    7    4    5    10   11   8    6    12   9    
3          8.9126559714795E-4     189.4509803921568      14         11   1    2    12   13   3    4    14   5    11   6    7    12   13   8    9    14   10   
2          5.941770647653001E-4   186.83006535947706     15         13   1    14   15   2    3    4    5    6    13   7    14   15   8    9    10   11   12   
1          2.9708853238265005E-4  184.77777777777766     16         1    2    3    4    16   5    6    7    15   8    9    10   11   16   12   13   14   15   
1          2.9708853238265005E-4  182.35947712418303     13         1    2    10   12   13   3    9    4    11   5    6    10   12   13   7    9    8    11   
1          2.9708853238265005E-4  181.33333333333312     11         6    1    2    10   11   8    7    11   9    6    3    4    10   11   8    7    5    9    
1          2.9708853238265005E-4  180.93464052287575     9          2    4    6    8    9    5    3    9    7    2    4    6    8    9    5    3    1    7    
1          2.9708853238265005E-4  180.4705882352941      13         9    1    2    3    13   11   10   4    12   9    5    6    7    13   11   10   8    12   
5          0.0014854426619132501  180.3921568627451      14         11   1    12   14   2    3    4    5    13   11   6    12   14   7    8    9    10   13   
2          5.941770647653001E-4   175.05228758169923     13         9    10   12   1    13   11   2    3    4    9    10   12   5    13   11   6    7    8    
3          8.9126559714795E-4     173.67973856209136     12         1    8    2    10   11   3    7    12   9    4    8    5    10   11   6    7    12   9    
1          2.9708853238265005E-4  171.17647058823522     14         1    11   12   2    3    4    5    14   13   6    11   12   7    8    9    10   14   13   
1          2.9708853238265005E-4  169.66666666666646     16         1    2    15   3    4    5    6    16   7    8    9    15   10   11   12   13   16   14   
1          2.9708853238265005E-4  168.91503267973854     10         1    4    6    8    9    5    2    10   7    3    4    6    8    9    5    3    10   7    
1          2.9708853238265005E-4  167.3660130718954      12         1    2    3    10   11   8    4    12   9    7    5    6    10   11   8    7    12   9    
2          5.941770647653001E-4   165.6078431372549      13         10   1    12   13   2    11   10   3    4    10   5    12   13   6    11   7    8    9    
1          2.9708853238265005E-4  163.90849673202598     11         6    7    8    1    10   2    6    11   9    6    7    8    3    10   4    5    11   9    
1          2.9708853238265005E-4  163.35294117647044     14         11   1    13   14   2    12   11   3    4    5    6    13   14   7    12   8    9    10   
3          8.9126559714795E-4     163.07189542483644     12         1    8    2    11   3    9    7    12   10   7    8    4    11   5    9    6    12   10   
1          2.9708853238265005E-4  158.94771241830048     12         8    1    2    11   3    9    8    12   10   8    4    5    11   6    9    7    12   10   
1          2.9708853238265005E-4  158.32026143790844     10         3    5    1    8    9    6    4    10   7    4    5    2    8    9    6    3    10   7    
1          2.9708853238265005E-4  158.1568627450978      13         1    2    3    11   12   9    4    13   10   5    6    7    11   12   9    8    13   10   
1          2.9708853238265005E-4  155.37254901960767     13         1    10   11   12   2    3    4    13   11   5    10   6    12   7    8    9    13   11   
1          2.9708853238265005E-4  153.27450980392135     10         1    6    8    9    10   7    5    2    8    5    6    3    9    10   7    5    4    8    
1          2.9708853238265005E-4  152.94117647058812     12         1    8    10   12   2    9    7    3    10   4    8    11   12   5    9    7    6    11   
1          2.9708853238265005E-4  152.51633986928093     14         1    12   13   2    3    4    11   14   5    6    12   13   7    8    9    11   14   10   
1          2.9708853238265005E-4  152.11111111111094     10         5    6    8    1    10   7    5    2    9    5    6    8    3    10   7    5    4    9    
1          2.9708853238265005E-4  150.94771241830043     15         1    2    3    14   15   13   4    5    6    7    8    9    14   15   13   10   11   12   
1          2.9708853238265005E-4  150.50980392156845     12         9    10   1    11   12   2    9    3    4    9    10   5    11   12   6    9    7    8    
1          2.9708853238265005E-4  149.84313725490193     14         11   1    2    3    4    12   5    14   13   6    7    8    9    10   12   11   14   13   
1          2.9708853238265005E-4  149.11764705882337     14         11   12   1    13   2    3    4    14   5    11   12   6    13   7    8    9    14   10   
1          2.9708853238265005E-4  148.48366013071885     12         7    1    9    2    11   8    3    12   10   7    4    9    5    11   8    6    12   10   
3          8.9126559714795E-4     147.62091503267948     13         9    1    11   2    3    10   4    13   12   9    5    11   6    7    10   8    13   12   
1          2.9708853238265005E-4  144.34640522875802     14         1    12   2    3    14   4    11   5    13   6    12   7    8    14   9    11   10   13   
1          2.9708853238265005E-4  143.2156862745097      11         1    7    8    10   11   2    6    3    9    6    7    8    10   11   4    6    5    9    
2          5.941770647653001E-4   142.96078431372536     12         1    8    9    2    11   3    7    12   10   4    8    9    5    11   6    7    12   10   
1          2.9708853238265005E-4  139.94117647058812     12         8    1    10   2    3    9    8    12   11   4    5    10   6    7    9    8    12   11   
1          2.9708853238265005E-4  137.99346405228752     12         7    9    1    11   2    10   7    12   3    8    9    4    11   5    10   8    12   6    
1          2.9708853238265005E-4  137.62091503267953     12         9    10   1    11   2    3    9    12   4    9    10   5    11   6    7    9    12   8    
1          2.9708853238265005E-4  137.37908496732004     15         13   1    2    3    4    14   5    6    15   13   7    8    9    10   14   11   12   15   
2          5.941770647653001E-4   136.58823529411757     11         1    7    9    10   2    8    6    11   3    6    7    9    10   4    8    6    11   5    
1          2.9708853238265005E-4  134.43137254901941     15         1    14   2    3    15   4    13   5    6    7    14   8    9    15   10   13   11   12   
1          2.9708853238265005E-4  133.70588235294102     11         5    1    8    10   2    7    6    11   9    6    3    8    10   4    7    5    11   9    
1          2.9708853238265005E-4  132.67973856209133     11         5    7    9    1    2    8    6    11   10   6    7    9    3    4    8    5    11   10   
1          2.9708853238265005E-4  131.33986928104565     14         1    2    13   3    4    5    12   14   6    12   7    13   8    9    10   12   14   11   
1          2.9708853238265005E-4  131.03267973856185     13         9    1    11   2    3    4    10   13   12   9    5    11   6    7    8    10   13   12   
2          5.941770647653001E-4   130.37254901960767     13         1    2    11   3    4    10   9    13   12   5    6    11   7    8    10   9    13   12   
2          5.941770647653001E-4   128.0588235294116      15         1    13   2    3    15   4    5    6    14   7    13   8    9    15   10   11   12   14   
2          5.941770647653001E-4   126.3660130718953      12         7    1    8    10   11   2    3    12   9    7    4    8    10   11   5    6    12   9    
1          2.9708853238265005E-4  123.35294117647044     15         1    2    13   14   15   3    4    5    6    7    8    13   14   15   9    10   11   12   
1          2.9708853238265005E-4  122.31372549019595     11         7    8    1    9    10   2    7    11   3    7    8    4    9    10   5    7    11   6    
1          2.9708853238265005E-4  122.12418300653586     14         11   1    12   2    14   3    4    5    13   11   6    12   7    14   8    9    10   13   
1          2.9708853238265005E-4  121.52941176470573     14         1    2    11   3    13   4    5    14   12   6    7    11   8    13   9    10   14   12   
1          2.9708853238265005E-4  120.43790849673192     14         11   12   13   1    2    3    4    5    14   11   12   13   6    7    8    9    10   14   
1          2.9708853238265005E-4  119.66013071895411     13         1    2    10   3    12   9    4    13   11   5    6    10   7    12   9    8    13   11   
1          2.9708853238265005E-4  118.36601307189531     14         11   12   14   1    2    13   3    4    5    11   12   14   6    7    13   8    9    10   
4          0.0011883541295306002  117.39215686274495     10         1    5    6    8    9    2    4    10   7    4    5    6    8    9    3    4    10   7    
2          5.941770647653001E-4   113.5359477124182      11         1    7    8    10   2    3    6    11   9    6    7    8    10   4    5    6    11   9    
1          2.9708853238265005E-4  111.53594771241816     13         9    10   11   1    12   2    3    13   4    9    10   11   5    12   6    7    13   8    
1          2.9708853238265005E-4  110.032679738562       11         6    7    8    10   11   1    2    3    9    6    7    8    10   11   4    6    5    9    
1          2.9708853238265005E-4  109.84313725490185     13         1    2    10   12   3    4    5    13   11   9    6    10   12   7    8    9    13   11   
1          2.9708853238265005E-4  108.64052287581684     12         7    8    10   1    12   9    2    3    11   4    8    10   5    12   9    7    6    11   
1          2.9708853238265005E-4  107.99346405228752     11         1    2    7    9    10   6    5    11   8    5    3    7    9    10   6    4    11   8    
1          2.9708853238265005E-4  106.35947712418292     13         10   1    11   13   2    3    10   4    12   10   5    11   13   6    7    8    9    12   
1          2.9708853238265005E-4  106.02614379084956     14         1    2    12   3    14   11   4    5    13   6    7    12   8    14   11   9    10   13   
1          2.9708853238265005E-4  104.24836601307177     12         8    9    10   11   12   1    8    2    3    8    9    10   11   12   4    5    6    7    
1          2.9708853238265005E-4  103.57516339869272     11         6    7    1    10   2    8    6    11   9    6    7    3    10   4    8    5    11   9    
3          8.9126559714795E-4     102.52941176470578     10         4    1    6    8    9    5    4    10   7    4    2    6    8    9    5    3    10   7    
1          2.9708853238265005E-4  100.16993464052277     13         9    1    11   13   2    10   9    3    12   4    5    11   13   6    10   7    8    12   
1          2.9708853238265005E-4  99.1176470588234       11         1    6    2    9    10   7    3    11   8    5    6    4    9    10   7    5    11   8    
1          2.9708853238265005E-4  97.86928104575155      12         8    9    10   12   1    2    8    3    11   4    9    10   12   5    6    8    7    11   
1          2.9708853238265005E-4  96.92810457516339      13         1    11   12   2    3    4    10   13   5    10   11   12   6    7    8    10   13   9    
1          2.9708853238265005E-4  96.20261437908484      10         3    5    7    9    1    6    3    10   8    4    5    7    9    2    6    4    10   8    
1          2.9708853238265005E-4  95.13725490196069      12         7    1    9    2    11   3    8    12   10   7    4    9    5    11   6    8    12   10   
3          8.9126559714795E-4     94.63398692810446      14         1    12   13   14   2    3    11   4    5    6    12   13   14   7    8    11   9    10   
1          2.9708853238265005E-4  91.41830065359467      13         1    10   2    11   12   3    9    13   4    5    10   6    11   12   7    9    13   8    
1          2.9708853238265005E-4  90.77124183006528      13         1    10   12   2    3    11   9    13   4    5    10   12   6    7    11   9    13   8    
1          2.9708853238265005E-4  88.4640522875816       10         4    6    8    9    1    7    5    10   8    4    6    2    9    3    7    5    10   8    
1          2.9708853238265005E-4  88.14379084967308      12         8    9    1    12   2    10   8    3    11   4    9    5    12   6    10   8    7    11   
1          2.9708853238265005E-4  87.03267973856204      13         10   1    2    13   3    11   10   4    12   10   5    6    13   7    11   8    9    12   
2          5.941770647653001E-4   85.48366013071887      11         7    8    1    2    3    9    7    11   10   7    8    4    5    6    9    7    11   10   
2          5.941770647653001E-4   83.83660130718945      12         7    9    11   1    2    10   8    12   3    7    9    11   4    5    10   8    12   6    
1          2.9708853238265005E-4  83.2483660130718       12         9    1    2    11   12   10   9    3    4    9    5    6    11   12   10   9    7    8    
1          2.9708853238265005E-4  81.98039215686268      12         1    8    10   2    11   9    7    12   3    4    8    10   5    11   9    7    12   6    
1          2.9708853238265005E-4  81.18954248366008      12         1    7    9    2    11   8    3    12   10   4    7    9    5    11   8    6    12   10   
1          2.9708853238265005E-4  80.14379084967314      15         1    13   15   2    3    14   4    5    6    7    13   15   8    9    14   10   11   12   
1          2.9708853238265005E-4  79.02614379084959      15         1    2    3    15   4    5    13   6    14   7    8    9    15   10   11   13   12   14   
1          2.9708853238265005E-4  77.96732026143786      12         7    8    9    1    11   2    3    12   10   7    8    9    4    11   5    6    12   10   
1          2.9708853238265005E-4  76.8888888888888       16         1    16   2    3    4    5    15   6    7    8    16   9    10   11   12   15   13   14   
1          2.9708853238265005E-4  75.83660130718948      14         11   1    2    13   14   12   3    4    5    11   6    7    13   14   12   8    9    10   
4          0.0011883541295306002  75.34640522875812      15         1    2    14   15   3    13   4    5    6    7    8    14   15   9    13   10   11   12   
1          2.9708853238265005E-4  71.09803921568624      14         1    2    3    12   13   4    11   14   5    6    7    8    12   13   9    11   14   10   
1          2.9708853238265005E-4  70.22222222222217      15         1    2    15   3    4    14   13   5    6    7    8    15   9    10   14   13   11   12   
1          2.9708853238265005E-4  69.32679738562085      15         1    2    14   3    4    5    13   6    15   7    8    14   9    10   11   13   12   15   
1          2.9708853238265005E-4  67.99999999999994      15         13   1    15   2    3    4    14   5    6    13   7    15   8    9    10   14   11   12   
1          2.9708853238265005E-4  66.39869281045748      11         6    8    10   11   1    9    7    2    10   6    8    10   11   3    9    7    4    5    
1          2.9708853238265005E-4  66.32679738562086      12         1    7    9    11   2    8    3    12   10   4    7    9    11   12   8    5    6    10   
1          2.9708853238265005E-4  65.61437908496727      11         1    6    7    9    10   2    3    11   8    5    6    7    9    10   4    5    11   8    
2          5.941770647653001E-4   64.36601307189537      10         4    5    7    9    1    6    4    10   8    2    5    7    9    3    6    4    10   8    
1          2.9708853238265005E-4  62.54901960784309      11         5    7    8    10   1    2    6    11   9    6    7    8    10   3    4    5    11   9    
1          2.9708853238265005E-4  60.21568627450976      8          2    3    5    7    1    4    2    8    6    2    3    5    7    8    4    2    8    6    
1          2.9708853238265005E-4  59.63398692810453      10         5    6    8    9    10   7    1    10   2    5    6    8    9    3    7    5    10   4    
1          2.9708853238265005E-4  59.58823529411761      15         13   14   1    2    3    4    5    6    15   13   14   7    8    9    10   11   12   15   
2          5.941770647653001E-4   58.62091503267969      16         1    2    3    4    16   15   5    6    7    8    9    10   11   16   15   12   13   14   
1          2.9708853238265005E-4  56.372549019607796     13         10   1    2    13   3    11   10   4    12   5    6    7    13   8    11   10   9    12   
1          2.9708853238265005E-4  55.69934640522873      11         1    6    8    10   11   7    5    11   9    2    6    8    10   3    7    5    4    9    
1          2.9708853238265005E-4  54.32679738562087      9          2    4    6    8    9    5    3    9    7    2    4    6    8    1    5    3    9    7    
1          2.9708853238265005E-4  53.47058823529407      11         1    7    8    10   11   2    6    11   9    3    7    8    10   4    5    6    11   9    
1          2.9708853238265005E-4  52.80392156862743      13         1    9    10   12   13   2    3    13   11   4    9    10   12   5    6    7    8    11   
1          2.9708853238265005E-4  51.934640522875796     12         1    2    9    3    11   4    8    12   10   8    5    9    6    11   7    8    12   10   
1          2.9708853238265005E-4  50.35947712418299      10         5    6    1    8    9    7    5    10   2    5    6    3    8    9    7    5    10   4    
1          2.9708853238265005E-4  49.64705882352939      12         8    1    2    11   12   9    8    3    10   4    5    6    11   12   9    8    7    10   
1          2.9708853238265005E-4  49.06535947712416      13         9    1    11   13   2    10   3    4    12   5    6    11   13   7    10   9    8    12   
1          2.9708853238265005E-4  48.20915032679736      12         7    8    9    11   1    2    3    12   10   4    8    9    11   5    6    7    12   10   
1          2.9708853238265005E-4  47.248366013071866     14         1    11   2    3    13   12   4    14   5    6    11   7    8    13   12   9    14   10   
1          2.9708853238265005E-4  46.01307189542482      15         13   1    2    3    4    5    14   15   6    13   7    8    9    10   11   14   15   12   
1          2.9708853238265005E-4  44.30065359477122      10         3    5    6    8    9    1    4    10   7    4    5    6    8    9    2    3    10   7    
1          2.9708853238265005E-4  44.084967320261434     10         5    6    8    1    10   7    2    10   9    3    6    8    4    10   7    5    10   9    
1          2.9708853238265005E-4  43.37908496732024      16         1    15   16   2    3    4    5    6    7    8    15   16   9    10   11   12   13   14   
1          2.9708853238265005E-4  42.300653594771234     13         9    11   12   1    2    3    10   4    13   9    11   12   5    6    7    10   8    13   
2          5.941770647653001E-4   41.46405228758169      11         1    7    9    2    3    8    6    11   10   6    7    9    4    5    8    6    11   10   
1          2.9708853238265005E-4  39.52287581699346      13         1    10   2    13   3    11   4    5    12   9    10   6    13   7    11   9    8    12   
1          2.9708853238265005E-4  38.66666666666665      12         1    2    9    11   3    8    4    12   10   7    5    9    11   6    8    7    12   10   
1          2.9708853238265005E-4  37.54901960784313      14         1    2    3    13   14   4    5    6    12   11   7    8    13   14   9    11   10   12   
1          2.9708853238265005E-4  36.509803921568626     12         1    9    2    3    11   4    8    12   10   8    9    5    6    11   7    8    12   10   
1          2.9708853238265005E-4  35.627450980392155     13         1    10   12   13   2    11   3    4    5    9    10   12   13   6    11   9    7    8    
1          2.9708853238265005E-4  34.69281045751634      10         1    2    6    8    9    5    4    10   7    4    3    6    8    9    5    4    10   7    
2          5.941770647653001E-4   33.81045751633987      13         1    2    11   12   3    10   9    13   4    9    5    11   12   6    10   7    13   8    
2          5.941770647653001E-4   31.732026143790854     10         1    5    7    2    9    6    4    10   8    4    5    7    3    9    6    4    10   8    
1          2.9708853238265005E-4  29.83006535947713      14         1    12   2    14   3    4    5    6    13   11   12   7    14   8    9    11   10   13   
1          2.9708853238265005E-4  28.869281045751638     12         1    8    10   11   2    9    3    12   4    7    8    10   11   5    9    7    12   6    
1          2.9708853238265005E-4  27.98039215686275      11         1    6    8    2    10   7    5    11   9    5    6    8    3    10   7    4    11   9    
1          2.9708853238265005E-4  26.81045751633987      13         1    11   2    13   3    4    10   5    12   10   11   6    13   7    8    10   9    12   
1          2.9708853238265005E-4  25.9281045751634       12         7    9    11   1    12   10   8    2    3    7    9    11   4    12   10   8    5    6    
1          2.9708853238265005E-4  25.111111111111114     16         1    2    3    4    5    6    7    16   15   8    9    10   11   12   13   14   16   15   
1          2.9708853238265005E-4  24.04575163398693      14         11   1    12   14   2    3    4    5    13   6    7    12   14   8    9    11   10   13   
1          2.9708853238265005E-4  23.16339869281046      14         1    2    3    12   13   11   4    14   5    6    7    8    12   13   11   9    14   10   
1          2.9708853238265005E-4  22.196078431372552     13         1    2    10   11   12   9    3    13   4    5    6    10   11   12   9    7    13   8    
1          2.9708853238265005E-4  21.156862745098042     16         1    2    3    15   16   4    5    6    7    8    9    10   15   16   11   12   13   14   
1          2.9708853238265005E-4  20.078431372549023     13         1    11   12   13   2    3    10   4    5    10   11   12   13   6    7    10   8    9    
1          2.9708853238265005E-4  19.300653594771244     12         1    8    9    11   2    3    7    12   10   7    8    9    11   4    5    6    12   10   
1          2.9708853238265005E-4  18.150326797385624     12         9    1    2    11   3    4    9    12   10   9    5    6    11   7    8    9    12   10   
1          2.9708853238265005E-4  17.137254901960787     12         9    1    10   12   2    3    9    4    11   9    5    10   12   6    7    9    8    11   
1          2.9708853238265005E-4  16.215686274509803     10         5    1    6    8    9    2    5    10   7    5    3    6    8    9    4    5    10   7    
1          2.9708853238265005E-4  15.490196078431374     13         1    9    2    11   12   3    4    13   10   5    9    6    11   12   7    8    13   10   
1          2.9708853238265005E-4  14.444444444444446     14         11   1    2    3    4    13   12   5    14   11   6    7    8    9    13   12   10   14   
1          2.9708853238265005E-4  13.575163398692812     13         1    9    10   2    12   3    4    13   11   5    9    10   6    12   7    8    13   11   
1          2.9708853238265005E-4  12.529411764705884     12         7    9    1    2    11   3    8    12   10   7    9    4    5    11   6    8    12   10   
1          2.9708853238265005E-4  11.58169934640523      15         1    2    3    14   4    13   5    15   6    7    8    9    14   10   13   11   15   12   
1          2.9708853238265005E-4  10.627450980392156     11         6    7    1    9    10   2    6    11   8    6    7    3    9    10   4    5    11   8    
1          2.9708853238265005E-4  9.562091503267974      12         8    9    11   12   1    10   2    3    4    8    9    11   12   5    10   8    6    7    
1          2.9708853238265005E-4  8.718954248366014      12         8    1    9    10   11   2    8    12   3    8    4    9    10   11   5    6    12   7    
1          2.9708853238265005E-4  7.758169934640524      14         11   1    2    3    14   12   11   4    13   5    6    7    8    14   12   9    10   13   
1          2.9708853238265005E-4  6.745098039215687      13         10   1    2    12   3    11   10   13   4    10   5    6    12   7    11   8    13   9    
1          2.9708853238265005E-4  5.84967320261438       10         4    5    7    1    9    6    4    10   8    4    5    7    2    9    6    3    10   8    
1          2.9708853238265005E-4  4.84967320261438       11         5    6    8    10   1    7    5    11   9    2    6    8    10   3    7    4    11   9    
1          2.9708853238265005E-4  3.8758169934640527     12         8    1    9    2    11   3    8    12   10   8    4    9    5    11   6    7    12   10   
1          2.9708853238265005E-4  2.9411764705882355     13         1    2    11   3    12   10   9    13   4    5    6    11   7    12   10   9    13   8    
1          2.9708853238265005E-4  1.9673202614379086     14         11   13   14   1    2    3    12   4    5    11   13   14   6    7    8    12   9    10   
1          2.9708853238265005E-4  1.0                    13         1    9    11   2    13   10   3    4    12   5    9    11   6    13   10   7    8    12   

