count      fraction               similarity             nclusters  e1--0 d1--0 z1--0 y1--0 x1--0 d2--0 e2--0 x2--0 z2--0 e1--1 d1--1 z1--1 y1--1 x1--1 d2--1 e2--1 x2--1 z2--1 
183        0.054367201426024955   3235.287581699391      7          1    2    4    5    6    3    1    7    4    1    2    4    5    6    3    1    7    4    
777        0.23083778966131907    3116.2875816993715     8          1    2    4    6    7    3    1    8    5    1    2    4    6    7    3    1    8    5    
570        0.16934046345811052    2355.8888888888982     9          1    3    5    7    8    4    2    9    6    1    3    5    7    8    4    2    9    6    
54         0.016042780748663103   1780.4248366013016     11         5    7    9    11   1    8    6    2    10   5    7    9    11   3    8    6    4    10   
28         0.008318478906714201   1722.4117647058893     9          3    4    1    7    8    5    3    9    6    3    4    2    7    8    5    3    9    6    
17         0.005050505050505051   1695.274509803907      10         5    6    1    9    2    7    5    10   8    5    6    3    9    4    7    5    10   8    
295        0.08764111705288176    1688.464052287597      9          3    4    6    8    1    5    3    9    7    3    4    6    8    2    5    3    9    7    
19         0.00564468211527035    1384.8562091503236     10         3    5    1    8    9    6    4    10   7    3    5    2    8    9    6    4    10   7    
5          0.0014854426619132501  1383.9869281045694     12         7    9    1    12   2    10   8    3    11   7    9    4    12   5    10   8    6    11   
214        0.06357694592988711    1373.1111111111131     10         3    5    7    9    1    6    4    10   8    3    5    7    9    2    6    4    10   8    
6          0.0017825311942959     1363.0588235294167     9          3    5    6    8    1    5    4    9    7    3    5    6    8    2    5    4    9    7    
8          0.0023767082590612004  1154.2352941176484     11         5    6    8    10   11   7    1    2    9    5    6    8    10   11   7    3    4    9    
4          0.0011883541295306002  1143.6601307189542     11         5    7    1    10   11   8    6    2    9    5    7    3    10   11   8    6    4    9    
57         0.01693404634581105    1139.7777777777753     10         5    6    8    10   1    7    5    2    9    5    6    8    10   3    7    5    4    9    
2          5.941770647653001E-4   1136.06535947712       12         7    8    1    11   2    9    3    12   10   7    8    4    11   5    9    6    12   10   
68         0.020202020202020204   1089.5294117647045     10         3    5    7    9    10   6    4    1    8    3    5    7    9    10   6    4    2    8    
7          0.0020796197266785502  1014.7254901960794     12         7    8    10   12   1    9    2    3    11   7    8    10   12   4    9    5    6    11   
7          0.0020796197266785502  1006.5751633986945     12         1    8    10   12   2    9    7    3    11   4    8    10   12   5    9    7    6    11   
50         0.014854426619132501   996.5424836601305      8          3    4    6    7    1    5    3    8    6    3    4    6    7    2    5    3    8    6    
3          8.9126559714795E-4     994.9411764705861      8          2    3    5    7    1    4    2    8    6    2    3    5    7    8    4    2    8    6    
55         0.016339869281045753   948.8169934640524      9          3    5    7    8    1    6    4    9    7    3    5    7    8    2    6    4    9    7    
5          0.0014854426619132501  898.3594771241847      11         1    6    8    10   11   7    5    2    9    3    6    8    10   11   7    5    4    9    
20         0.0059417706476530005  896.7647058823532      10         1    4    6    8    9    5    3    10   7    2    4    6    8    9    5    3    10   7    
1          2.9708853238265005E-4  889.8039215686231      11         6    8    10   11   1    9    7    2    10   6    8    3    11   4    9    7    5    10   
1          2.9708853238265005E-4  888.2614379084977      9          4    5    7    8    1    6    4    9    7    2    5    7    8    3    6    4    9    7    
1          2.9708853238265005E-4  885.660130718961       10         5    1    8    9    10   7    6    2    8    5    3    8    9    10   7    6    4    8    
36         0.0106951871657754     878.3464052287584      10         3    4    6    8    9    5    1    10   7    3    4    6    8    9    5    2    10   7    
16         0.004753416518122401   840.1895424836633      9          3    4    5    7    8    1    3    9    6    3    4    5    7    8    2    3    9    6    
92         0.027332144979203804   826.3071895424853      9          3    4    6    8    9    5    3    1    7    3    4    6    8    9    5    3    2    7    
4          0.0011883541295306002  734.86274509804        11         5    6    8    9    10   7    1    11   2    5    6    8    9    10   7    3    11   4    
15         0.004456327985739751   724.1895424836569      8          3    4    6    7    8    5    3    1    6    3    4    6    7    8    5    3    2    6    
11         0.0032679738562091504  717.2941176470562      9          2    3    5    7    8    4    2    9    6    1    3    5    7    8    4    2    9    6    
23         0.006833036244800951   707.9477124182961      10         4    5    7    9    1    6    4    10   8    4    5    7    9    2    6    3    10   8    
7          0.0020796197266785502  684.5163398692822      10         1    4    6    8    9    5    3    10   7    3    4    6    8    9    5    2    10   7    
65         0.019310754604872252   680.0784313725479      9          2    3    5    7    8    4    2    9    6    2    3    5    7    8    4    1    9    6    
3          8.9126559714795E-4     611.8496732026113      10         4    1    6    8    9    5    4    10   7    4    2    6    8    9    5    3    10   7    
12         0.0035650623885918     608.2549019607835      8          2    3    5    6    7    4    2    8    5    2    3    5    6    7    4    1    8    5    
5          0.0014854426619132501  596.797385620916       10         5    1    7    9    2    6    5    10   8    5    3    7    9    4    6    5    10   8    
2          5.941770647653001E-4   592.7516339869251      10         4    5    7    8    9    6    4    10   1    4    5    7    8    9    6    2    10   3    
3          8.9126559714795E-4     590.1307189542465      12         1    7    9    11   2    8    3    12   10   4    7    9    11   5    8    6    12   10   
105        0.031194295900178252   590.0522875816985      8          1    3    5    6    7    4    2    8    5    1    3    5    6    7    4    2    8    5    
7          0.0020796197266785502  483.00653594771126     9          3    4    6    7    8    5    1    9    6    3    4    6    7    8    5    2    9    6    
9          0.00267379679144385    480.6078431372538      9          2    3    5    7    8    4    1    9    6    2    3    5    7    8    4    2    9    6    
3          8.9126559714795E-4     475.23529411764616     10         5    6    8    9    1    7    2    10   8    5    6    8    9    3    7    4    10   8    
11         0.0032679738562091504  471.2222222222213      10         5    6    8    9    1    7    5    10   2    5    6    8    9    3    7    5    10   4    
7          0.0020796197266785502  450.2156862745091      8          3    4    5    7    1    4    3    8    6    3    4    5    7    2    4    3    8    6    
18         0.0053475935828877     448.27450980392143     11         5    6    8    10   1    7    2    11   9    5    6    8    10   3    7    4    11   9    
6          0.0017825311942959     442.88888888888744     8          1    3    4    6    7    3    2    8    5    1    3    4    6    7    3    2    8    5    
2          5.941770647653001E-4   428.5816993464044      11         7    8    1    11   2    9    7    3    10   7    8    4    11   5    9    7    6    10   
27         0.008021390374331552   425.8888888888881      9          1    3    5    7    8    4    2    9    6    2    3    5    7    8    4    2    9    6    
3          8.9126559714795E-4     422.6209150326791      10         1    6    8    9    2    7    5    10   8    3    6    8    9    4    7    5    10   8    
2          5.941770647653001E-4   420.36601307189466     9          1    5    7    8    2    6    4    9    7    4    5    7    8    3    6    4    9    7    
7          0.0020796197266785502  392.95424836601194     8          1    3    5    6    7    4    2    8    5    2    3    5    6    7    4    2    8    5    
1          2.9708853238265005E-4  391.58169934640404     9          1    5    7    8    9    6    4    2    7    4    5    7    8    9    6    4    3    7    
16         0.004753416518122401   382.6274509803915      7          1    2    3    5    6    2    1    7    4    1    2    3    5    6    2    1    7    4    
9          0.00267379679144385    374.2352941176467      10         1    5    7    9    2    6    4    10   8    4    5    7    9    3    6    4    10   8    
4          0.0011883541295306002  364.67320261437885     10         1    5    7    9    10   6    4    2    8    4    5    7    9    10   6    4    3    8    
1          2.9708853238265005E-4  359.2679738562081      11         1    7    9    10   11   8    6    2    3    6    7    9    10   11   8    6    4    5    
1          2.9708853238265005E-4  359.0392156862736      9          1    4    6    8    9    5    3    9    7    3    4    6    8    9    5    2    9    7    
5          0.0014854426619132501  355.862745098039       9          1    4    6    7    8    5    3    9    6    2    4    6    7    8    5    3    9    6    
7          0.0020796197266785502  355.58823529411745     11         1    6    8    10   2    7    5    11   9    3    6    8    10   4    7    5    11   9    
16         0.004753416518122401   348.53594771241796     9          3    1    5    7    8    4    3    9    6    3    2    5    7    8    4    3    9    6    
1          2.9708853238265005E-4  346.61437908496725     11         1    6    8    10   11   7    5    2    9    5    6    8    10   11   7    3    4    9    
3          8.9126559714795E-4     331.86274509803894     11         5    7    1    9    10   8    6    11   2    5    7    3    9    10   8    6    11   4    
2          5.941770647653001E-4   329.32026143790796     11         5    7    9    10   11   8    6    1    2    5    7    9    10   11   8    6    3    4    
16         0.004753416518122401   328.4313725490189      10         3    5    7    8    9    6    4    10   1    3    5    7    8    9    6    4    10   2    
1          2.9708853238265005E-4  310.67973856209096     9          2    4    6    7    8    5    3    9    6    2    4    6    7    8    5    3    9    1    
6          0.0017825311942959     310.00653594771217     11         5    7    1    10   2    8    6    11   9    5    7    3    10   4    8    6    11   9    
4          0.0011883541295306002  303.94117647058783     11         5    7    8    10   1    2    6    11   9    5    7    8    10   3    4    6    11   9    
8          0.0023767082590612004  297.15686274509784     9          3    5    7    8    9    6    4    1    7    3    5    7    8    9    6    4    2    7    
2          5.941770647653001E-4   290.2810457516334      8          3    1    5    6    7    4    3    8    5    3    2    5    6    7    4    3    8    5    
15         0.004456327985739751   288.2679738562087      9          5    6    8    9    1    7    5    2    8    5    6    8    9    3    7    5    4    8    
1          2.9708853238265005E-4  278.0326797385616      10         1    5    6    8    9    5    2    10   7    3    5    6    8    9    5    4    10   7    
1          2.9708853238265005E-4  274.2745098039213      9          4    5    6    7    8    1    4    9    2    4    5    6    7    8    3    4    9    6    
1          2.9708853238265005E-4  274.12418300653553     10         3    4    6    8    9    5    3    10   7    1    4    6    8    9    5    2    10   7    
4          0.0011883541295306002  272.18954248365986     10         5    6    7    9    10   1    5    2    8    5    6    7    9    10   3    5    4    8    
1          2.9708853238265005E-4  269.1568627450977      9          5    6    8    1    9    7    5    2    8    5    6    8    3    9    7    5    4    8    
1          2.9708853238265005E-4  267.7124183006532      9          5    6    7    8    9    1    5    2    7    5    6    7    8    9    3    5    4    7    
15         0.004456327985739751   260.11111111111063     7          1    2    4    6    7    3    1    7    5    1    2    4    6    7    3    1    7    5    
8          0.0023767082590612004  254.6535947712418      10         4    5    7    9    1    6    4    10   8    2    5    7    9    3    6    4    10   8    
12         0.0035650623885918     247.33333333333314     11         5    7    9    10   1    8    6    11   2    5    7    9    10   3    8    6    11   4    
1          2.9708853238265005E-4  228.81699346405227     11         6    7    8    10   1    2    6    11   9    6    7    8    10   3    4    5    11   9    
1          2.9708853238265005E-4  228.68627450980358     9          4    5    6    7    8    1    4    9    6    4    5    6    7    8    2    3    9    6    
2          5.941770647653001E-4   228.660130718954       9          5    6    7    8    1    2    5    9    7    5    6    7    8    3    4    5    9    7    
4          0.0011883541295306002  226.84967320261418     10         4    6    8    9    1    7    5    10   8    4    6    2    9    3    7    5    10   8    
3          8.9126559714795E-4     225.68627450980367     8          3    4    5    7    8    4    3    1    6    3    4    5    7    8    4    3    2    6    
3          8.9126559714795E-4     223.6405228758168      9          4    5    7    8    1    6    4    9    7    4    5    2    8    3    6    4    9    7    
6          0.0017825311942959     221.17647058823493     8          2    3    5    6    7    4    2    8    5    2    3    1    6    7    4    2    8    5    
1          2.9708853238265005E-4  215.2026143790846      12         1    8    2    11   3    9    7    12   10   4    8    5    11   6    9    7    12   10   
1          2.9708853238265005E-4  214.3725490196075      12         7    9    1    11   2    10   8    12   3    7    9    4    11   5    10   8    12   6    
1          2.9708853238265005E-4  213.6732026143788      11         1    6    7    9    10   2    5    11   8    3    6    7    9    10   4    5    11   8    
2          5.941770647653001E-4   212.0065359477121      9          4    5    7    8    1    6    4    9    2    4    5    7    8    3    6    4    9    7    
5          0.0014854426619132501  210.5228758169932      8          2    3    5    6    7    4    2    8    1    2    3    5    6    7    4    2    8    5    
18         0.0053475935828877     206.79084967320236     9          3    4    6    7    8    5    3    9    1    3    4    6    7    8    5    3    9    2    
1          2.9708853238265005E-4  189.02614379084952     11         5    1    8    9    10   7    6    11   2    5    3    8    9    10   7    6    11   4    
7          0.0020796197266785502  188.37908496731998     10         4    5    7    9    10   6    4    1    8    4    5    7    9    10   6    2    3    8    
1          2.9708853238265005E-4  181.5098039215684      11         5    6    1    9    10   7    2    11   8    5    6    3    9    10   7    4    11   8    
5          0.0014854426619132501  180.29411764705864     9          2    4    6    7    8    5    3    9    6    2    4    1    7    8    5    3    9    6    
2          5.941770647653001E-4   175.01960784313698     10         4    5    7    8    9    6    1    10   2    4    5    7    8    9    6    4    10   3    
1          2.9708853238265005E-4  173.34640522875793     11         1    6    8    9    10   7    5    11   2    3    6    8    9    10   7    5    11   4    
8          0.0023767082590612004  170.4836601307188      11         5    1    8    10   2    7    6    11   9    5    3    8    10   4    7    6    11   9    
1          2.9708853238265005E-4  169.92810457516316     10         5    6    8    9    10   7    5    1    2    5    6    8    9    10   7    5    3    4    
2          5.941770647653001E-4   162.85620915032663     8          3    4    5    6    7    4    3    8    1    3    4    5    6    7    4    3    8    2    
3          8.9126559714795E-4     162.2483660130716      11         5    1    7    9    10   6    2    11   8    5    3    7    9    10   6    4    11   8    
3          8.9126559714795E-4     154.53594771241802     11         1    5    7    9    10   6    2    11   8    3    5    7    9    10   6    4    11   8    
2          5.941770647653001E-4   150.73202614379062     9          5    6    7    9    1    6    5    2    8    5    6    7    9    3    6    5    4    8    
1          2.9708853238265005E-4  150.4379084967319      10         4    5    1    8    9    6    4    10   7    4    5    2    8    9    6    3    10   7    
1          2.9708853238265005E-4  148.32026143790836     8          2    3    5    7    8    4    2    8    6    2    3    5    7    8    4    1    8    6    
1          2.9708853238265005E-4  148.05882352941165     8          3    4    1    7    8    5    3    8    6    3    4    2    7    8    5    3    8    6    
2          5.941770647653001E-4   146.895424836601       9          4    5    7    8    1    6    4    9    7    4    5    7    8    2    6    3    9    7    
1          2.9708853238265005E-4  146.79084967320247     11         6    7    9    10   11   8    6    1    9    2    7    3    10   11   8    4    5    9    
1          2.9708853238265005E-4  145.93464052287553     9          3    4    6    7    8    5    3    9    6    3    4    1    7    8    5    2    9    6    
1          2.9708853238265005E-4  144.79738562091478     13         1    2    11   13   3    10   9    4    12   5    6    11   13   7    10   9    8    12   
7          0.0020796197266785502  144.69281045751612     10         5    6    7    9    1    2    5    10   8    5    6    7    9    3    4    5    10   8    
1          2.9708853238265005E-4  138.11111111111094     9          6    1    7    8    9    2    6    9    7    6    3    4    8    9    5    6    9    7    
6          0.0017825311942959     135.71895424836586     7          1    3    4    5    6    3    2    7    4    1    3    4    5    6    3    2    7    4    
1          2.9708853238265005E-4  135.07189542483644     13         9    10   12   13   1    11   2    3    4    9    10   12   13   5    11   6    7    8    
1          2.9708853238265005E-4  131.66013071895404     8          2    3    5    6    7    4    1    8    5    2    3    5    6    7    4    2    8    5    
5          0.0014854426619132501  131.3660130718952      10         5    1    7    9    10   6    5    2    8    5    3    7    9    10   6    5    4    8    
2          5.941770647653001E-4   125.57516339869265     8          3    4    5    6    7    1    3    8    5    3    4    5    6    7    2    3    8    5    
11         0.0032679738562091504  125.50980392156848     10         3    1    6    8    9    5    4    10   7    3    2    6    8    9    5    4    10   7    
2          5.941770647653001E-4   106.20261437908486     9          3    5    6    7    8    1    4    9    6    3    5    6    7    8    2    4    9    6    
1          2.9708853238265005E-4  102.71241830065348     12         1    7    2    10   11   8    3    12   9    4    7    5    10   11   8    6    12   9    
1          2.9708853238265005E-4  101.84967320261424     10         4    5    7    9    10   6    4    1    8    2    5    7    9    10   6    4    3    8    
6          0.0017825311942959     101.7777777777777      6          1    2    3    4    5    2    1    6    3    1    2    3    4    5    2    1    6    3    
1          2.9708853238265005E-4  101.34640522875806     10         5    6    8    9    10   7    1    2    8    5    6    8    9    10   7    3    4    8    
2          5.941770647653001E-4   101.24183006535941     7          1    3    5    6    7    4    2    7    5    1    3    5    6    7    4    2    7    5    
2          5.941770647653001E-4   101.00653594771234     9          1    3    5    7    8    4    2    9    6    2    3    5    7    8    4    1    9    6    
1          2.9708853238265005E-4  98.05228758169929      11         7    1    8    9    10   2    7    11   3    7    4    8    9    10   5    7    11   6    
1          2.9708853238265005E-4  97.56209150326796      11         7    8    1    10   2    9    7    11   3    7    8    4    10   5    9    7    11   6    
2          5.941770647653001E-4   96.7581699346405       11         7    8    10   11   1    9    7    2    3    7    8    10   11   4    9    7    5    6    
1          2.9708853238265005E-4  95.7385620915031       7          3    4    5    6    1    4    3    7    5    3    4    5    6    2    4    3    7    5    
2          5.941770647653001E-4   93.55555555555547      10         1    7    9    10   2    8    6    3    9    6    7    9    10   4    8    6    5    9    
2          5.941770647653001E-4   92.51633986928098      12         7    9    10   12   1    2    8    3    11   7    9    10   12   4    5    8    6    11   
1          2.9708853238265005E-4  89.09150326797374      9          3    1    6    7    8    5    4    9    6    3    2    6    7    8    5    4    9    6    
1          2.9708853238265005E-4  88.30065359477116      11         6    7    1    10   2    8    3    11   9    6    7    9    10   4    8    5    11   9    
5          0.0014854426619132501  87.23529411764696      10         5    7    9    10   1    8    6    2    9    5    7    9    10   3    8    6    4    9    
1          2.9708853238265005E-4  86.30065359477116      9          3    5    6    7    8    5    4    9    1    3    5    6    7    8    5    4    9    2    
3          8.9126559714795E-4     83.91503267973847      11         6    7    9    11   1    8    6    2    10   6    7    9    11   3    8    4    5    10   
3          8.9126559714795E-4     79.35294117647052      10         3    5    6    8    9    1    4    10   7    3    5    6    8    9    2    4    10   7    
1          2.9708853238265005E-4  79.13725490196069      8          2    3    5    6    7    4    2    8    5    1    3    5    6    7    4    2    8    5    
1          2.9708853238265005E-4  76.2091503267973       13         1    9    11   13   2    10   3    4    12   5    9    11   13   6    10   7    8    12   
3          8.9126559714795E-4     74.62091503267972      9          3    4    6    8    9    5    1    9    7    3    4    6    8    9    5    2    9    7    
1          2.9708853238265005E-4  71.7385620915032       9          4    1    6    7    8    5    4    9    2    4    3    6    7    8    5    4    9    6    
1          2.9708853238265005E-4  71.11111111111107      9          2    4    6    7    8    5    3    9    1    2    4    6    7    8    5    3    9    6    
2          5.941770647653001E-4   70.21568627450976      8          2    3    5    7    8    4    2    8    6    2    3    5    7    8    4    2    1    6    
1          2.9708853238265005E-4  68.50326797385617      9          3    5    6    8    9    5    4    1    7    3    5    6    8    9    5    4    2    7    
1          2.9708853238265005E-4  66.61437908496727      12         7    1    9    11   2    8    3    12   10   7    4    9    11   5    8    6    12   10   
1          2.9708853238265005E-4  65.43137254901954      10         1    6    8    9    2    7    5    10   8    5    6    3    9    4    7    5    10   8    
1          2.9708853238265005E-4  64.60130718954244      11         5    1    7    9    10   2    6    11   8    5    3    7    9    10   4    6    11   8    
1          2.9708853238265005E-4  63.88888888888883      7          2    3    5    6    7    4    2    7    5    2    3    5    6    7    4    2    1    5    
5          0.0014854426619132501  63.326797385620885     8          1    3    5    7    8    4    2    8    6    1    3    5    7    8    4    2    8    6    
1          2.9708853238265005E-4  62.758169934640485     13         9    11   1    13   2    3    10   4    12   9    11   5    13   6    7    10   8    12   
3          8.9126559714795E-4     58.19607843137249      11         1    7    9    11   2    8    6    3    10   6    7    9    11   4    8    6    5    10   
1          2.9708853238265005E-4  56.52287581699344      10         5    6    7    8    9    1    2    10   7    5    6    7    8    9    3    4    10   7    
2          5.941770647653001E-4   54.28758169934639      10         5    1    2    8    9    6    5    10   7    5    3    4    8    9    6    5    10   7    
1          2.9708853238265005E-4  53.63398692810456      9          4    5    6    7    8    1    2    9    6    4    5    6    7    8    3    4    9    6    
1          2.9708853238265005E-4  52.28104575163394      8          2    3    1    6    7    4    2    8    5    2    3    5    6    7    4    2    8    5    
1          2.9708853238265005E-4  51.477124183006524     10         4    5    7    9    1    6    2    10   8    4    5    7    9    3    6    4    10   8    
1          2.9708853238265005E-4  50.24836601307185      12         7    8    9    11   1    2    3    12   10   7    8    9    11   4    5    6    12   10   
1          2.9708853238265005E-4  47.37908496732025      10         5    1    7    8    9    6    5    10   2    5    3    7    8    9    6    5    10   4    
2          5.941770647653001E-4   46.69281045751633      10         1    5    2    8    9    6    4    10   7    4    5    3    8    9    6    4    10   7    
1          2.9708853238265005E-4  46.19607843137252      10         7    1    9    10   2    8    7    3    9    7    4    9    10   5    8    7    6    9    
1          2.9708853238265005E-4  45.09150326797383      8          3    4    1    6    7    4    3    8    5    3    4    2    6    7    4    3    8    5    
1          2.9708853238265005E-4  44.39215686274509      9          4    5    7    8    9    6    4    1    7    4    5    2    8    9    6    4    3    7    
1          2.9708853238265005E-4  42.93464052287582      9          5    6    1    8    2    6    5    9    7    5    6    3    8    4    6    5    9    7    
1          2.9708853238265005E-4  42.09803921568625      8          2    4    6    7    8    5    3    8    6    2    4    1    7    8    5    3    8    6    
1          2.9708853238265005E-4  40.692810457516316     11         6    1    2    10   3    8    7    11   9    6    4    9    10   5    8    7    11   9    
1          2.9708853238265005E-4  39.80392156862743      8          2    3    5    6    7    4    2    8    5    2    3    5    6    7    4    2    8    1    
1          2.9708853238265005E-4  36.67320261437907      9          3    4    5    7    8    4    1    9    6    3    4    5    7    8    4    2    9    6    
1          2.9708853238265005E-4  34.26797385620915      11         5    1    8    10   11   7    6    2    9    5    3    8    10   11   7    6    4    9    
1          2.9708853238265005E-4  34.1764705882353       13         9    1    12   13   2    11   10   3    4    9    5    12   13   6    11   10   7    8    
4          0.0011883541295306002  33.908496732026144     6          1    2    4    5    6    3    1    6    4    1    2    4    5    6    3    1    6    4    
1          2.9708853238265005E-4  33.254901960784316     11         5    1    2    9    10   7    6    11   8    5    3    4    9    10   7    6    11   8    
2          5.941770647653001E-4   32.071895424836605     9          5    1    7    8    2    6    5    9    7    5    3    7    8    4    6    5    9    7    
1          2.9708853238265005E-4  29.2483660130719       8          1    3    5    7    8    4    2    8    6    2    3    5    7    8    4    2    8    6    
1          2.9708853238265005E-4  29.150326797385624     9          1    5    7    8    2    6    4    9    7    4    5    7    8    9    6    4    3    7    
2          5.941770647653001E-4   28.69281045751634      10         1    4    6    8    9    5    2    10   7    3    4    6    8    9    5    3    10   7    
5          0.0014854426619132501  26.70588235294118      8          2    3    5    7    8    4    2    8    6    2    3    5    7    1    4    2    8    6    
2          5.941770647653001E-4   21.69281045751634      8          2    4    6    7    8    5    3    8    6    2    4    6    7    1    5    3    8    6    
1          2.9708853238265005E-4  19.954248366013072     9          2    4    6    8    9    5    3    9    7    2    4    6    8    1    5    3    9    7    
1          2.9708853238265005E-4  18.96732026143791      9          1    4    5    7    8    4    3    9    6    3    4    5    7    8    4    2    9    6    
2          5.941770647653001E-4   17.339869281045754     11         1    6    8    10   2    7    5    11   9    5    6    8    10   3    7    4    11   9    
1          2.9708853238265005E-4  15.261437908496735     10         1    5    6    8    9    2    4    10   7    4    5    6    8    9    3    4    10   7    
1          2.9708853238265005E-4  14.281045751633988     11         1    7    2    10   3    8    6    11   9    6    7    4    10   5    8    6    11   9    
1          2.9708853238265005E-4  13.346405228758172     11         7    8    10   11   1    9    2    3    10   7    8    10   11   4    9    5    6    10   
1          2.9708853238265005E-4  12.30718954248366      11         7    1    9    11   2    8    7    3    10   7    4    9    11   5    8    7    6    10   
1          2.9708853238265005E-4  12.091503267973858     6          1    2    3    5    6    2    1    6    4    1    2    3    5    6    2    1    6    4    
2          5.941770647653001E-4   11.450980392156865     9          4    5    7    8    9    6    4    1    7    4    5    7    8    9    6    2    3    7    
1          2.9708853238265005E-4  9.568627450980394      10         4    5    1    8    9    6    2    10   7    4    5    7    8    9    6    3    10   7    
1          2.9708853238265005E-4  8.483660130718954      11         1    7    9    10   2    8    3    11   9    4    7    9    10   5    8    6    11   9    
1          2.9708853238265005E-4  7.601307189542484      11         7    8    1    10   11   2    7    3    9    7    8    4    10   11   5    7    6    9    
2          5.941770647653001E-4   6.699346405228758      10         5    7    1    9    2    7    6    10   8    5    7    3    9    4    7    6    10   8    
1          2.9708853238265005E-4  4.712418300653595      10         5    1    8    9    2    7    6    10   8    5    3    8    9    4    7    6    10   8    
2          5.941770647653001E-4   3.9215686274509807     10         4    5    6    8    9    1    4    10   7    4    5    6    8    9    2    3    10   7    
1          2.9708853238265005E-4  1.934640522875817      9          4    5    6    8    9    5    4    1    7    4    5    6    8    9    5    2    3    7    
1          2.9708853238265005E-4  1.0                    10         1    5    7    8    9    6    4    10   2    4    5    7    8    9    6    4    10   3    

