count      fraction               similarity             nclusters  e1--0 d1--0 z1--0 y1--0 x1--0 d2--0 e2--0 x2--0 z2--0 e1--1 d1--1 z1--1 y1--1 x1--1 d2--1 e2--1 x2--1 z2--1 
732        0.1703117729176361     4092.274509803813      6          1    2    3    4    5    2    1    6    3    1    2    3    4    6    2    1    5    3    
2185       0.5083759888320148     3405.6339869281446     5          1    2    3    4    5    2    1    5    3    1    2    3    4    5    2    1    5    3    
195        0.04536993950674732    1230.8300653594833     6          2    3    4    5    6    3    2    1    4    2    3    4    5    6    3    2    6    4    
175        0.04071661237785016    1040.5359477124296     6          2    3    4    5    6    3    2    6    4    2    3    4    5    1    3    2    6    4    
439        0.1021405304792927     871.3529411764681      7          3    4    5    6    7    4    3    1    5    3    4    5    6    2    4    3    7    5    
13         0.003024662633783155   428.01960784313616     8          4    5    6    7    8    5    4    1    6    4    5    6    7    2    5    3    8    6    
17         0.003955328059562588   418.0653594771228      7          2    3    4    5    6    3    2    7    4    2    3    4    5    7    3    1    6    4    
40         0.009306654257794323   400.6666666666659      6          2    3    4    5    6    3    2    6    4    2    3    4    5    6    3    1    6    4    
4          9.306654257794323E-4   360.2418300653592      7          2    4    5    6    7    4    3    1    5    3    4    5    6    7    4    2    7    5    
12         0.002791996277338297   353.96078431372473     8          3    5    6    7    8    5    4    1    6    4    5    6    7    2    5    3    8    6    
5          0.0011633317822242904  347.9411764705883      7          3    4    5    6    7    4    3    1    5    3    4    5    6    7    2    3    7    5    
15         0.003489995346672871   342.3464052287578      8          4    5    6    7    8    5    4    1    6    4    5    6    7    2    3    4    8    6    
24         0.005583992554676594   328.0196078431366      6          1    2    4    5    6    3    1    6    4    1    2    4    5    6    3    1    6    4    
5          0.0011633317822242904  302.69934640522854     7          1    2    4    5    6    3    1    7    4    1    2    4    5    7    3    1    6    4    
3          6.979990693345743E-4   298.3071895424832      7          3    4    5    6    7    4    3    1    5    3    4    5    6    7    4    2    7    5    
1          2.3266635644485808E-4  297.8627450980383      7          3    1    5    6    7    4    3    7    5    3    2    5    6    7    4    3    7    5    
1          2.3266635644485808E-4  297.77777777777754     6          2    3    4    5    1    3    2    6    4    2    3    4    5    6    3    2    6    4    
2          4.6533271288971617E-4  295.2745098039206      6          2    1    4    5    6    3    2    6    4    2    3    4    5    6    3    2    6    4    
15         0.003489995346672871   293.9281045751625      6          2    3    4    5    6    3    2    6    4    2    1    4    5    6    3    2    6    4    
4          9.306654257794323E-4   280.8496732026139      7          3    4    5    6    1    4    3    7    5    3    4    5    6    7    4    3    2    5    
14         0.003257328990228013   273.68627450980335     7          1    3    4    5    6    3    2    7    4    2    3    4    5    7    3    1    6    4    
8          0.0018613308515588647  259.60130718954184     7          2    3    4    5    6    3    2    7    4    2    1    4    5    7    3    2    6    4    
2          4.6533271288971617E-4  256.3725490196074      8          4    5    6    7    8    5    4    1    2    4    5    6    7    3    5    4    8    6    
1          2.3266635644485808E-4  255.47712418300586     8          2    4    5    6    7    4    3    8    5    3    1    5    6    8    4    2    7    5    
8          0.0018613308515588647  248.51633986928044     7          3    4    5    6    7    4    3    7    5    3    4    5    6    1    2    3    7    5    
2          4.6533271288971617E-4  244.80392156862698     9          5    1    7    8    9    6    5    2    7    5    6    7    8    3    6    4    9    7    
1          2.3266635644485808E-4  242.869281045751       9          6    7    8    9    1    7    6    2    8    6    7    8    9    3    7    4    5    8    
4          9.306654257794323E-4   236.56862745097993     6          2    3    4    5    6    1    2    6    4    2    3    4    5    6    3    2    6    4    
2          4.6533271288971617E-4  235.85620915032644     8          4    5    6    7    8    1    4    2    6    4    5    6    7    3    5    4    8    6    
5          0.0011633317822242904  230.93464052287547     7          2    3    4    5    6    3    2    7    4    1    3    4    5    7    3    2    6    4    
2          4.6533271288971617E-4  229.5228758169931      8          3    4    5    6    7    4    3    8    5    3    1    5    6    8    2    3    7    5    
1          2.3266635644485808E-4  227.26797385620898     10         6    1    8    9    10   7    6    2    8    6    7    8    9    3    4    5    10   8    
1          2.3266635644485808E-4  226.7124183006535      9          4    6    7    8    9    1    5    2    7    5    6    7    8    3    6    4    9    7    
1          2.3266635644485808E-4  223.56862745098007     8          3    4    5    6    7    4    3    8    5    3    4    5    6    8    1    2    7    5    
1          2.3266635644485808E-4  222.69934640522865     11         8    1    9    10   11   2    8    3    9    8    4    9    10   5    6    7    11   9    
2          4.6533271288971617E-4  221.74509803921535     7          2    3    4    5    6    3    2    7    1    2    3    4    5    7    3    2    6    4    
1          2.3266635644485808E-4  219.9673202614375      8          3    4    5    6    7    4    3    8    5    3    4    1    6    8    4    2    7    5    
39         0.009073987901349464   219.55555555555523     6          2    3    4    5    6    3    2    6    4    2    3    4    5    6    1    2    6    4    
3          6.979990693345743E-4   215.6862745098036      8          3    4    5    6    7    4    3    8    5    1    4    5    6    8    4    2    7    5    
1          2.3266635644485808E-4  214.43137254901927     8          3    4    5    6    7    4    3    8    1    3    4    2    6    8    4    3    7    5    
1          2.3266635644485808E-4  206.3137254901957      9          4    5    6    7    8    5    4    9    6    1    2    6    7    9    5    3    8    6    
4          9.306654257794323E-4   176.64705882352936     8          4    5    6    7    8    5    4    1    6    2    5    6    7    3    5    4    8    6    
2          4.6533271288971617E-4  176.56209150326762     9          5    6    7    8    9    6    5    1    7    2    6    7    8    3    4    5    9    7    
3          6.979990693345743E-4   172.95424836601296     6          1    2    4    5    6    2    1    6    4    1    3    4    5    6    3    1    6    4    
1          2.3266635644485808E-4  167.99999999999977     8          3    5    6    7    8    5    4    1    6    3    5    6    7    2    5    4    8    6    
6          0.0013959981386691485  167.4052287581696      6          2    3    4    5    6    3    2    6    4    2    3    1    5    6    3    2    6    4    
3          6.979990693345743E-4   161.14379084967294     6          2    3    4    5    6    3    2    6    1    2    3    4    5    6    3    2    6    4    
10         0.002326663564448581   161.1111111111108      6          2    3    4    5    6    3    2    6    4    1    3    4    5    6    3    2    6    4    
5          0.0011633317822242904  150.5359477124181      8          5    6    7    8    1    6    5    2    7    5    6    7    8    3    6    5    4    7    
2          4.6533271288971617E-4  149.43137254901944     8          3    1    5    6    7    4    3    8    5    3    2    5    6    8    4    3    7    5    
4          9.306654257794323E-4   142.09803921568607     8          1    4    5    6    7    4    3    8    5    3    4    5    6    8    4    2    7    5    
1          2.3266635644485808E-4  139.06535947712393     7          2    4    5    6    7    4    2    1    5    3    4    5    6    7    4    3    7    5    
1          2.3266635644485808E-4  138.50980392156842     8          4    5    6    7    8    5    4    8    6    1    5    6    7    2    3    4    8    6    
1          2.3266635644485808E-4  135.6535947712417      8          1    4    5    6    7    4    2    8    5    3    4    5    6    8    4    3    7    5    
6          0.0013959981386691485  133.392156862745       6          1    2    3    5    6    2    1    6    4    1    2    4    5    6    2    1    6    3    
1          2.3266635644485808E-4  130.81699346405216     11         1    8    9    10   2    8    7    11   9    7    3    9    10   11   4    5    6    9    
1          2.3266635644485808E-4  129.90196078431362     7          1    2    5    6    7    4    3    7    5    3    4    5    6    7    4    3    7    5    
19         0.004420660772452303   128.6013071895424      6          1    3    4    5    6    3    2    6    4    2    3    4    5    6    3    1    6    4    
15         0.003489995346672871   118.41830065359476     5          1    1    2    3    4    1    1    5    2    1    1    2    3    5    1    1    4    2    
6          0.0013959981386691485  112.17647058823512     7          2    3    4    5    6    3    2    7    4    2    3    1    5    7    3    2    6    4    
3          6.979990693345743E-4   106.84313725490179     8          4    5    6    7    8    5    4    1    6    4    2    6    7    3    5    4    8    6    
93         0.021637971149371802   105.64052287581697     4          1    1    2    3    4    1    1    4    2    1    1    2    3    4    1    1    4    2    
3          6.979990693345743E-4   102.75163398692797     7          2    4    5    6    7    4    3    7    5    3    4    5    6    1    4    2    7    5    
21         0.004885993485342019   101.99999999999994     7          2    3    4    5    6    3    2    7    4    2    3    4    5    7    1    2    6    4    
2          4.6533271288971617E-4  83.94117647058819      4          1    2    3    3    4    2    1    4    3    1    2    3    3    4    2    1    4    3    
1          2.3266635644485808E-4  77.88888888888886      8          2    4    5    6    7    4    2    8    5    3    4    5    6    8    1    3    7    5    
1          2.3266635644485808E-4  76.15032679738555      10         1    7    8    9    10   7    6    2    8    6    7    8    9    3    4    5    10   8    
4          9.306654257794323E-4   74.86274509803916      7          1    4    5    6    7    4    3    7    5    3    4    5    6    7    4    2    7    5    
7          0.0016286644951140066  73.78431372549012      7          3    4    5    6    7    4    3    7    5    3    4    5    6    1    4    2    7    5    
1          2.3266635644485808E-4  70.3856209150326       8          4    5    6    7    8    5    4    8    1    4    5    2    7    3    5    4    8    6    
3          6.979990693345743E-4   64.24183006535941      7          1    2    3    5    6    2    1    7    4    1    2    4    5    7    2    1    6    3    
2          4.6533271288971617E-4  62.69934640522872      7          2    3    5    6    7    4    2    7    5    2    3    5    6    7    4    1    7    5    
1          2.3266635644485808E-4  61.300653594771205     8          3    4    5    7    8    4    3    1    6    3    4    6    7    2    4    3    8    5    
1          2.3266635644485808E-4  60.849673202614326     7          1    2    4    5    6    3    1    7    4    1    3    4    5    7    2    1    6    4    
1          2.3266635644485808E-4  59.49673202614376      8          2    3    5    6    7    4    2    8    5    2    3    1    6    8    4    2    7    5    
3          6.979990693345743E-4   58.96732026143788      7          2    3    5    6    7    4    2    7    5    2    3    5    6    1    4    2    7    5    
1          2.3266635644485808E-4  57.21568627450977      8          3    4    1    6    7    4    3    8    5    3    4    2    6    8    4    3    7    5    
4          9.306654257794323E-4   56.32026143790847      8          3    4    6    7    8    4    3    1    6    3    5    6    7    2    5    3    8    6    
1          2.3266635644485808E-4  51.313725490196056     7          2    3    5    6    7    3    2    1    5    2    4    5    6    7    4    2    7    5    
1          2.3266635644485808E-4  48.13071895424834      7          3    4    5    6    7    4    3    1    5    2    4    5    6    7    4    3    7    5    
1          2.3266635644485808E-4  47.947712418300625     8          1    3    5    6    7    4    2    8    5    2    3    5    6    8    4    1    7    5    
1          2.3266635644485808E-4  46.333333333333314     7          3    4    5    6    7    1    3    7    5    3    4    5    6    7    2    3    7    5    
1          2.3266635644485808E-4  45.97385620915031      6          2    3    4    5    6    3    2    6    4    2    3    4    5    6    3    2    6    1    
1          2.3266635644485808E-4  45.56209150326796      6          1    2    3    4    5    2    1    5    3    1    2    3    4    6    2    1    6    3    
1          2.3266635644485808E-4  44.36601307189541      8          3    4    5    6    7    4    3    8    5    1    4    5    6    8    2    3    7    5    
1          2.3266635644485808E-4  44.294117647058805     9          3    5    7    8    9    6    4    1    7    4    5    7    8    2    6    3    9    7    
1          2.3266635644485808E-4  44.013071895424815     8          4    5    6    7    8    5    4    8    6    4    1    6    7    8    2    3    8    6    
2          4.6533271288971617E-4  42.339869281045736     8          2    4    5    6    7    4    3    8    5    3    4    5    6    8    1    2    7    5    
1          2.3266635644485808E-4  40.16993464052286      7          2    3    4    6    7    3    2    7    5    2    3    5    6    7    1    2    7    4    
1          2.3266635644485808E-4  39.79738562091502      9          5    6    7    8    9    6    5    1    7    5    6    2    8    3    4    5    9    7    
1          2.3266635644485808E-4  39.05228758169933      8          3    4    5    6    7    1    3    8    5    3    4    5    6    8    2    3    7    5    
1          2.3266635644485808E-4  37.150326797385624     9          5    6    7    8    9    1    5    2    7    5    6    7    8    3    4    5    9    7    
1          2.3266635644485808E-4  37.11111111111111      6          1    2    3    4    5    2    1    6    3    1    2    3    4    5    2    1    6    3    
1          2.3266635644485808E-4  36.464052287581694     8          2    4    6    7    8    4    3    1    6    3    5    6    7    8    5    2    8    6    
1          2.3266635644485808E-4  34.85620915032679      7          3    4    5    6    7    4    3    7    5    3    1    5    6    7    2    3    7    5    
1          2.3266635644485808E-4  34.248366013071895     7          1    2    4    5    6    2    1    7    4    1    3    4    5    7    3    1    6    4    
1          2.3266635644485808E-4  33.947712418300654     7          2    3    4    6    7    3    2    1    5    2    3    5    6    7    3    2    7    4    
4          9.306654257794323E-4   33.26797385620916      8          4    5    6    7    8    5    4    1    6    4    5    2    7    3    5    4    8    6    
1          2.3266635644485808E-4  29.117647058823533     9          6    7    8    9    1    7    6    2    8    6    7    3    9    4    7    6    5    8    
2          4.6533271288971617E-4  27.313725490196084     6          2    3    4    5    6    3    1    6    4    2    3    4    5    6    3    2    6    4    
2          4.6533271288971617E-4  25.47058823529412      8          2    3    5    6    7    4    2    8    5    2    3    5    6    8    4    1    7    5    
2          4.6533271288971617E-4  24.339869281045754     7          3    4    5    6    7    4    3    7    5    1    4    5    6    7    2    3    7    5    
3          6.979990693345743E-4   21.94117647058824      8          3    4    6    7    8    5    3    1    6    3    4    6    7    2    5    3    8    6    
1          2.3266635644485808E-4  21.843137254901965     8          3    4    6    7    1    4    3    8    6    3    5    6    7    8    5    3    2    6    
2          4.6533271288971617E-4  18.137254901960787     7          3    4    5    6    7    1    3    2    5    3    4    5    6    7    4    3    7    5    
2          4.6533271288971617E-4  17.019607843137255     6          2    3    1    5    6    3    2    6    4    2    3    4    5    6    3    2    6    4    
1          2.3266635644485808E-4  14.980392156862747     8          3    4    5    6    7    4    1    8    5    2    4    5    6    8    4    3    7    5    
1          2.3266635644485808E-4  13.339869281045754     9          5    1    7    8    9    2    5    3    7    5    6    7    8    4    6    5    9    7    
4          9.306654257794323E-4   12.869281045751634     5          2    2    3    4    5    2    2    1    3    2    2    3    4    5    2    2    5    3    
1          2.3266635644485808E-4  12.300653594771244     7          3    4    5    6    7    4    3    1    5    3    4    5    6    7    4    3    7    2    
1          2.3266635644485808E-4  12.300653594771243     8          4    1    6    7    8    2    4    3    6    4    5    6    7    8    5    4    8    6    
1          2.3266635644485808E-4  11.379084967320262     7          3    4    5    6    7    4    3    1    5    3    4    5    6    7    4    3    2    5    
1          2.3266635644485808E-4  10.405228758169935     7          2    3    5    6    7    3    2    7    5    2    4    5    6    1    4    2    7    5    
8          0.0018613308515588647  8.986928104575163      6          3    3    4    5    6    3    3    1    4    3    3    4    5    2    3    3    6    4    
1          2.3266635644485808E-4  8.549019607843137      8          4    5    1    7    8    5    4    8    6    4    5    6    7    2    5    4    8    3    
1          2.3266635644485808E-4  8.50326797385621       7          2    1    4    5    6    3    2    7    4    2    3    4    5    7    3    2    6    4    
1          2.3266635644485808E-4  6.614379084967321      7          3    4    5    6    7    4    3    7    1    3    4    5    6    7    4    3    7    2    
1          2.3266635644485808E-4  5.699346405228758      10         6    7    1    9    10   7    6    2    8    6    7    3    9    4    5    6    10   8    
1          2.3266635644485808E-4  4.758169934640523      7          3    4    5    6    1    4    3    2    5    3    4    5    6    7    4    3    7    5    
1          2.3266635644485808E-4  4.686274509803921      9          4    6    1    8    9    6    5    9    7    5    6    2    8    3    6    4    9    7    
1          2.3266635644485808E-4  3.810457516339869      9          4    5    6    7    8    1    4    9    6    4    5    6    7    9    2    3    8    6    
1          2.3266635644485808E-4  2.830065359477124      7          3    4    5    6    7    4    1    7    5    2    4    5    6    7    4    3    7    5    
1          2.3266635644485808E-4  1.934640522875817      8          3    4    5    6    7    4    3    8    1    3    4    5    6    8    2    3    7    5    
1          2.3266635644485808E-4  1.0                    5          2    2    3    4    5    2    2    5    3    2    2    3    4    1    2    2    5    3    
1          2.3266635644485808E-4  1.0                    7          3    4    5    6    7    1    3    7    5    3    4    5    6    2    4    3    7    5    

