count      fraction               similarity             nclusters  e1--0 d1--0 z1--0 y1--0 x1--0 d2--0 e2--0 x2--0 z2--0 e1--1 d1--1 z1--1 y1--1 x1--1 d2--1 e2--1 x2--1 z2--1 
4740       0.7068297047420221     5291.797385620935      5          1    2    3    4    5    2    1    5    3    1    2    3    4    5    2    1    5    3    
6          8.94721145243066E-4    5034.928104575287      7          1    3    4    6    7    3    2    7    5    1    3    4    6    7    3    2    7    5    
1339       0.19967193558007754    1400.5751633986933     4          1    1    2    3    4    1    1    4    2    1    1    2    3    4    1    1    4    2    
221        0.0329555621831196     549.993464052286       6          1    2    3    5    6    2    1    6    4    1    2    3    5    6    2    1    6    4    
110        0.016403220996122875   337.38562091503275     6          1    2    3    4    5    2    1    6    3    1    2    3    4    5    2    1    6    3    
33         0.004920966298836862   228.10457516339815     6          2    3    4    5    1    3    2    6    4    2    3    4    5    6    3    2    6    4    
42         0.006263048016701462   196.0784313725489      6          1    3    4    5    6    3    2    6    4    1    3    4    5    6    3    2    6    4    
52         0.007754249925439905   155.92810457516327     6          1    3    4    5    6    3    2    6    4    2    3    4    5    6    3    2    6    4    
13         0.0019385624813599762  100.64705882352936     7          1    2    3    5    6    2    1    7    4    1    2    3    5    6    2    1    7    4    
15         0.0022368028631076647  93.28758169934633      7          3    4    5    6    1    4    3    7    5    3    4    5    6    2    4    3    7    5    
2          2.9824038174768865E-4  77.2287581699346       6          2    3    4    5    6    3    2    6    4    1    3    4    5    6    3    2    6    4    
3          4.47360572621533E-4    71.57516339869277      7          1    3    4    6    7    3    2    7    5    2    3    4    6    7    3    2    7    5    
1          1.4912019087384433E-4  66.79738562091494      7          1    4    5    6    2    4    3    7    5    3    4    5    6    7    4    3    7    5    
43         0.006412168207575306   64.86928104575162      6          2    3    4    5    6    3    2    6    4    2    3    4    5    1    3    2    6    4    
3          4.47360572621533E-4    64.56862745098029      4          1    2    3    3    4    2    1    4    3    1    2    3    3    4    2    1    4    3    
3          4.47360572621533E-4    64.25490196078431      7          2    3    4    6    1    3    2    7    5    2    3    4    6    7    3    2    7    5    
3          4.47360572621533E-4    62.607843137254896     8          3    4    5    7    1    4    3    8    6    3    4    5    7    2    4    3    8    6    
6          8.94721145243066E-4    52.228758169934586     5          2    2    3    4    1    2    2    5    3    2    2    3    4    5    2    2    5    3    
12         0.001789442290486132   46.30718954248366      5          1    1    2    3    4    1    1    5    2    1    1    2    3    4    1    1    5    2    
24         0.003578884580972264   35.37908496732026      5          1    1    2    4    5    1    1    5    3    1    1    2    4    5    1    1    5    3    
2          2.9824038174768865E-4  21.92156862745098      7          1    3    4    5    6    3    2    7    4    2    3    4    5    6    3    2    7    4    
5          7.456009543692216E-4   18.81699346405229      7          2    3    4    6    7    3    2    7    5    2    3    4    6    1    3    2    7    5    
10         0.0014912019087384432  15.666666666666668     5          1    1    3    4    5    1    2    5    3    2    1    3    4    5    1    2    5    3    
1          1.4912019087384433E-4  11.444444444444446     5          2    2    3    4    5    2    2    5    3    2    2    3    4    5    2    2    5    1    
5          7.456009543692216E-4   10.705882352941178     5          2    2    3    4    5    2    2    5    3    2    2    3    4    1    2    2    5    3    
3          4.47360572621533E-4    5.73202614379085       3          1    1    2    2    3    1    1    3    2    1    1    2    2    3    1    1    3    2    
1          1.4912019087384433E-4  5.69281045751634       6          2    2    4    5    6    2    3    6    4    1    2    4    5    6    2    3    6    4    
1          1.4912019087384433E-4  4.888888888888889      7          2    4    5    6    7    4    3    7    5    2    4    5    6    1    4    3    7    5    
1          1.4912019087384433E-4  3.8627450980392157     7          2    4    5    6    1    4    3    7    5    2    4    5    6    7    4    3    7    5    
2          2.9824038174768865E-4  2.9607843137254903     6          3    3    4    5    1    3    3    6    4    3    3    4    5    2    3    3    6    4    
1          1.4912019087384433E-4  2.908496732026144      8          1    4    5    7    8    4    3    8    6    3    4    5    7    2    4    3    8    6    
1          1.4912019087384433E-4  1.9607843137254903     7          1    4    5    6    7    4    3    7    5    3    4    5    6    2    4    3    7    5    
1          1.4912019087384433E-4  1.0                    7          1    3    4    5    6    3    2    7    4    1    3    4    5    6    3    2    7    4    
1          1.4912019087384433E-4  1.0                    6          2    2    3    5    1    2    2    6    4    2    2    3    5    6    2    2    6    4    

