count      fraction               similarity             nclusters  e1--0 d1--0 z1--0 y1--0 x1--0 d2--0 e2--0 x2--0 z2--0 e1--1 d1--1 z1--1 y1--1 x1--1 d2--1 e2--1 x2--1 z2--1 
780        0.11631374888159857    6525.019607843294      8          1    3    4    6    7    3    2    8    5    1    3    4    6    7    3    2    8    5    
95         0.01416641813301521    5635.052287581881      8          1    3    5    7    8    4    2    8    6    1    3    5    7    8    4    2    8    6    
855        0.1274977631971369     5590.05228758176       9          1    3    5    7    8    4    2    9    6    1    3    5    7    8    4    2    9    6    
104        0.01550849985087981    5507.313725490327      7          1    3    4    6    7    3    2    7    5    1    3    4    6    7    3    2    7    5    
321        0.04786758127050403    4739.169934640584      11         1    6    8    10   2    7    5    11   9    3    6    8    10   4    7    5    11   9    
30         0.0044736057262153295  4391.464052287674      10         3    5    1    8    9    6    4    10   7    3    5    2    8    9    6    4    10   7    
401        0.059797196540411574   4380.686274509875      9          1    4    5    7    8    4    3    9    6    2    4    5    7    8    4    3    9    6    
16         0.0023859230539815092  3962.0588235294276     10         5    7    8    1    2    7    6    10   9    5    7    8    3    4    7    6    10   9    
1          1.4912019087384433E-4  3950.7124183006877     11         5    7    1    2    10   8    6    11   9    5    7    3    4    10   8    6    11   9    
269        0.04011333134506412    3896.8954248366813     10         1    6    7    9    2    6    5    10   8    3    6    7    9    4    6    5    10   8    
65         0.00969281240679988    3887.7843137255736     8          1    2    4    6    7    3    1    8    5    1    2    4    6    7    3    1    8    5    
12         0.001789442290486132   3630.3464052287322     6          1    2    3    4    5    2    1    6    3    1    2    3    4    5    2    1    6    3    
21         0.003131524008350731   3627.8104575164316     10         3    5    6    8    9    1    4    10   7    3    5    6    8    9    2    4    10   7    
445        0.06635848493886072    3625.718954248434      10         1    4    6    8    9    5    3    10   7    2    4    6    8    9    5    3    10   7    
17         0.0025350432448553533  3124.1568627451084     9          2    4    5    7    8    4    3    9    6    2    1    5    7    8    4    3    9    6    
478        0.07127945123769758    3122.8366013072127     9          3    5    6    8    1    5    4    9    7    3    5    6    8    2    5    4    9    7    
46         0.006859528780196839   3104.2156862745237     8          3    4    5    7    1    4    3    8    6    3    4    5    7    2    4    3    8    6    
49         0.007306889352818371   2567.516339869257      8          1    4    5    7    8    4    3    8    6    2    4    5    7    8    4    3    8    6    
68         0.010140172979421413   2564.8300653594915     8          1    3    5    6    7    4    2    8    5    1    3    5    6    7    4    2    8    5    
49         0.007306889352818371   2508.0457516339907     8          1    3    4    6    7    3    2    8    5    2    3    4    6    7    3    2    8    5    
32         0.0047718461079630185  2488.28758169935       11         1    6    2    9    10   7    5    11   8    3    6    4    9    10   7    5    11   8    
506        0.07545481658216523    2478.2875816993624     10         3    5    7    9    1    6    4    10   8    3    5    7    9    2    6    4    10   8    
1          1.4912019087384433E-4  1939.627450980395      12         7    9    10   12   1    2    8    3    11   7    9    10   12   4    5    8    6    11   
71         0.010587533552042947   1903.424836601285      7          1    2    3    5    6    2    1    7    4    1    2    3    5    6    2    1    7    4    
4          5.964807634953773E-4   1889.9019607843131     8          3    4    5    6    7    4    3    8    1    3    4    5    6    7    4    3    8    2    
50         0.007456009543692216   1846.7058823529271     9          3    4    6    8    1    5    3    9    7    3    4    6    8    2    5    3    9    7    
29         0.004324485535341485   1839.4575163398783     10         3    1    6    8    9    5    4    10   7    3    2    6    8    9    5    4    10   7    
13         0.0019385624813599762  1806.3267973856136     10         4    6    7    9    1    6    5    10   8    4    2    7    9    3    6    5    10   8    
20         0.0029824038174768863  1795.4967320261292     11         5    1    8    10   2    7    6    11   9    5    3    8    10   4    7    6    11   9    
1          1.4912019087384433E-4  1780.137254901956      10         4    1    7    9    10   6    5    10   8    4    2    7    9    3    6    5    10   8    
1          1.4912019087384433E-4  1777.7777777777796     12         7    1    9    11   2    3    8    12   10   7    4    9    11   5    6    8    12   10   
2          2.9824038174768865E-4  1763.8758169934579     8          3    4    1    6    7    4    3    8    5    3    4    2    6    7    4    3    8    5    
3          4.47360572621533E-4    1757.3594771241824     12         7    1    10   2    3    9    8    12   11   7    4    10   5    6    9    8    12   11   
1          1.4912019087384433E-4  1757.0522875816894     11         6    1    8    10   11   2    7    11   9    6    3    8    10   4    5    7    11   9    
13         0.0019385624813599762  1757.0326797385521     11         1    8    2    10   3    8    7    11   9    4    8    5    10   6    8    7    11   9    
58         0.00864897107068297    1752.7450980392107     9          1    3    5    7    8    4    2    9    6    2    3    5    7    8    4    2    9    6    
1          1.4912019087384433E-4  1747.6078431372491     13         1    2    11   3    4    10   9    13   12   5    6    11   7    8    10   9    13   12   
1          1.4912019087384433E-4  1732.2156862745032     8          4    5    1    7    2    5    4    8    6    4    5    3    7    8    5    4    8    6    
1          1.4912019087384433E-4  1717.183006535948      10         1    7    2    9    3    7    6    10   8    6    7    4    9    5    7    6    10   8    
22         0.003280644199224575   1690.437908496719      8          2    4    5    7    1    4    3    8    6    2    4    5    7    8    4    3    8    6    
24         0.003578884580972264   1670.6993464052152     9          3    5    1    7    8    5    4    9    6    3    5    2    7    8    5    4    9    6    
52         0.007754249925439905   1624.7908496731984     8          3    5    6    7    1    5    4    8    6    3    5    6    7    2    5    4    8    6    
5          7.456009543692216E-4   1605.7124183006467     10         5    6    8    9    1    7    5    10   2    5    6    8    9    3    7    5    10   4    
17         0.0025350432448553533  1591.6666666666517     9          3    5    6    1    8    5    4    9    7    3    5    6    2    8    5    4    9    7    
19         0.0028332836266030423  1583.039215686282      10         3    5    7    1    9    6    4    10   8    3    5    7    2    9    6    4    10   8    
3          4.47360572621533E-4    1573.5816993464066     12         1    2    9    3    11   8    7    12   10   4    5    9    6    11   8    7    12   10   
12         0.001789442290486132   1565.372549019601      11         1    6    8    2    10   7    5    11   9    3    6    8    4    10   7    5    11   9    
25         0.003728004771846108   1550.0653594771177     11         5    7    1    10   2    8    6    11   9    5    7    3    10   4    8    6    11   9    
1          1.4912019087384433E-4  1542.954248366012      13         9    1    2    3    4    11   10   13   12   9    5    6    7    8    11   10   13   12   
4          5.964807634953773E-4   1541.725490196076      12         7    9    1    11   2    10   8    12   3    7    9    4    11   5    10   8    12   6    
37         0.00551744706233224    1518.6209150326765     10         5    7    8    9    1    7    6    10   2    5    7    8    9    3    7    6    10   4    
30         0.0044736057262153295  1489.4052287581694     12         1    8    2    11   3    9    7    12   10   4    8    5    11   6    9    7    12   10   
42         0.006263048016701462   1458.0980392156791     11         5    7    9    10   1    8    6    11   2    5    7    9    10   3    8    6    11   4    
5          7.456009543692216E-4   1407.5294117646995     10         5    6    1    9    2    7    5    10   8    5    6    3    9    4    7    5    10   8    
3          4.47360572621533E-4    1401.627450980384      11         5    1    7    9    10   2    6    11   8    5    3    7    9    10   4    6    11   8    
48         0.007157769161944528   1362.026143790845      9          3    5    7    8    1    6    4    9    7    3    5    7    8    2    6    4    9    7    
16         0.0023859230539815092  1341.2418300653542     10         5    7    1    9    2    7    6    10   8    5    7    3    9    4    7    6    10   8    
1          1.4912019087384433E-4  1333.1699346405194     8          2    3    5    7    1    4    2    8    6    2    3    5    7    8    4    2    8    6    
33         0.004920966298836862   1310.980392156864      9          1    6    7    8    2    6    5    9    7    3    6    7    8    4    6    5    9    7    
14         0.0020876826722338203  1301.9281045751566     7          1    3    5    6    7    4    2    7    5    1    3    5    6    7    4    2    7    5    
44         0.00656128839844915    1291.2222222222176     9          1    5    6    8    2    5    4    9    7    4    5    6    8    3    5    4    9    7    
22         0.003280644199224575   1238.8627450980382     10         1    6    8    9    2    7    5    10   8    3    6    8    9    4    7    5    10   8    
31         0.004622725917089174   1213.5490196078404     8          1    4    5    6    7    4    3    8    5    2    4    5    6    7    4    3    8    5    
1          1.4912019087384433E-4  1204.4836601307177     9          2    3    5    7    8    4    2    9    6    1    3    5    7    8    4    2    9    6    
37         0.00551744706233224    1182.2614379084941     9          1    4    6    7    8    5    3    9    6    2    4    6    7    8    5    3    9    6    
42         0.006263048016701462   1157.2483660130747     9          1    4    6    8    9    5    3    9    7    2    4    6    8    9    5    3    9    7    
2          2.9824038174768865E-4  1131.8627450980348     7          2    3    5    6    1    4    2    7    5    2    3    5    6    7    4    2    7    5    
5          7.456009543692216E-4   1129.215686274508      12         1    8    10   12   2    9    7    3    11   4    8    10   12   5    9    7    6    11   
31         0.004622725917089174   1114.764705882353      12         1    8    10   11   2    9    7    12   3    4    8    10   11   5    9    7    12   6    
14         0.0020876826722338203  1106.895424836596      9          1    5    6    8    2    5    4    9    7    3    5    6    8    9    5    4    9    7    
2          2.9824038174768865E-4  1083.8104575163359     9          3    5    7    1    8    6    4    9    7    3    5    7    2    8    6    4    9    7    
13         0.0019385624813599762  1082.0718954248346     12         1    8    10   2    3    9    7    12   11   4    8    10   5    6    9    7    12   11   
31         0.004622725917089174   1065.9673202614395     10         1    6    7    8    9    6    5    10   2    3    6    7    8    9    6    5    10   4    
24         0.003578884580972264   1039.2549019607857     11         1    2    7    9    10   6    5    11   8    3    4    7    9    10   6    5    11   8    
3          4.47360572621533E-4    1039.1372549019613     10         1    6    7    9    10   2    5    10   8    3    6    7    9    10   4    5    10   8    
32         0.0047718461079630185  1006.1699346405198     10         1    5    7    9    2    6    4    10   8    4    5    7    9    3    6    4    10   8    
8          0.0011929615269907546  975.6143790849673      11         5    7    1    9    10   8    6    11   2    5    7    3    9    10   8    6    11   4    
51         0.00760512973456606    967.8627450980391      10         3    5    7    8    9    6    4    10   1    3    5    7    8    9    6    4    10   2    
3          4.47360572621533E-4    965.6666666666692      11         5    7    1    9    10   2    6    11   8    5    7    3    9    10   4    6    11   8    
1          1.4912019087384433E-4  964.8104575163403      11         5    7    8    9    10   1    6    11   2    5    7    8    9    10   3    6    11   4    
4          5.964807634953773E-4   954.3660130718948      10         1    2    7    9    10   6    5    10   8    3    4    7    9    10   6    5    10   8    
2          2.9824038174768865E-4  953.7712418300644      10         1    2    6    8    9    5    4    10   7    4    3    6    8    9    5    4    10   7    
1          1.4912019087384433E-4  943.5751633986904      13         1    10   12   13   2    11   9    3    4    5    10   12   13   6    11   9    7    8    
19         0.0028332836266030423  909.5555555555542      11         1    8    9    10   2    8    7    11   3    4    8    9    10   5    8    7    11   6    
5          7.456009543692216E-4   883.1307189542489      10         3    5    7    9    10   6    4    1    8    3    5    7    9    10   6    4    2    8    
1          1.4912019087384433E-4  880.6732026143762      12         7    8    9    11   1    2    3    12   10   7    8    9    11   4    5    6    12   10   
1          1.4912019087384433E-4  877.7973856209178      8          2    4    5    6    7    4    3    8    5    2    4    5    6    7    1    3    8    5    
21         0.003131524008350731   876.2810457516356      10         1    6    2    8    9    6    5    10   7    3    6    4    8    9    6    5    10   7    
1          1.4912019087384433E-4  868.7712418300682      8          2    3    4    6    7    3    2    8    5    2    1    4    6    7    3    2    8    5    
10         0.0014912019087384432  866.3660130718929      9          3    5    7    8    9    6    4    9    1    3    5    7    8    9    6    4    9    2    
11         0.0016403220996122874  855.4379084967337      10         1    6    7    2    9    6    5    10   8    3    6    7    4    9    6    5    10   8    
1          1.4912019087384433E-4  852.2026143790873      10         6    7    8    1    2    7    6    10   9    6    3    8    4    5    7    6    10   9    
2          2.9824038174768865E-4  841.6143790849687      11         6    8    9    10   1    8    7    11   2    6    3    9    10   4    8    7    11   5    
2          2.9824038174768865E-4  839.9542483660161      11         1    7    8    10   2    3    6    11   9    4    7    8    10   5    7    6    11   9    
2          2.9824038174768865E-4  839.7058823529413      11         5    7    8    10   1    7    6    11   9    5    2    8    10   3    4    6    11   9    
2          2.9824038174768865E-4  837.8496732026152      11         1    6    8    10   2    7    5    11   9    3    7    8    10   4    6    5    11   9    
2          2.9824038174768865E-4  835.516339869284       11         1    7    8    10   2    7    6    11   9    3    7    8    10   4    5    6    11   9    
2          2.9824038174768865E-4  834.2614379084948      10         4    6    7    9    1    6    5    10   8    4    6    7    9    2    3    5    10   8    
1          1.4912019087384433E-4  831.5555555555545      10         1    5    6    8    9    5    4    10   7    2    5    6    8    9    3    4    10   7    
39         0.005815687444079928   829.0196078431353      8          2    4    5    7    8    4    3    8    6    2    4    5    7    1    4    3    8    6    
1          1.4912019087384433E-4  814.8169934640518      12         1    9    10   11   2    9    3    12   4    5    9    10   11   6    9    7    12   8    
1          1.4912019087384433E-4  805.6928104575162      8          3    4    5    1    7    4    3    8    6    3    4    5    2    7    4    3    8    6    
3          4.47360572621533E-4    802.3529411764691      8          2    3    5    7    8    4    2    8    6    2    3    5    7    1    4    2    8    6    
37         0.00551744706233224    790.4117647058791      9          3    5    6    7    8    5    4    9    1    3    5    6    7    8    5    4    9    2    
8          0.0011929615269907546  758.5163398692808      11         1    6    7    9    10   2    5    11   8    3    6    7    9    10   4    5    11   8    
32         0.0047718461079630185  751.1960784313719      11         1    6    8    9    10   7    5    11   2    3    6    8    9    10   7    5    11   4    
14         0.0020876826722338203  717.6732026143799      11         5    7    8    10   1    2    6    11   9    5    7    8    10   3    4    6    11   9    
1          1.4912019087384433E-4  712.771241830064       10         4    6    1    9    10   7    5    10   8    4    6    2    9    3    7    5    10   8    
1          1.4912019087384433E-4  689.4444444444431      10         1    5    7    8    9    6    4    10   7    2    5    7    8    9    6    4    10   3    
69         0.010289293170295259   689.0261437908478      7          1    3    4    5    6    3    2    7    4    1    3    4    5    6    3    2    7    4    
1          1.4912019087384433E-4  686.3071895424828      13         9    11   1    12   2    3    10   13   4    9    11   5    12   6    7    10   13   8    
2          2.9824038174768865E-4  663.1111111111112      7          2    4    5    6    7    4    3    7    5    2    4    5    6    7    4    3    7    1    
18         0.0026841634357291978  636.4444444444439      11         5    7    9    1    2    8    6    11   10   5    7    9    3    4    8    6    11   10   
5          7.456009543692216E-4   603.7516339869271      11         1    7    9    10   2    8    6    11   3    6    7    9    10   4    8    6    11   5    
32         0.0047718461079630185  594.4705882352919      9          2    4    6    8    1    5    3    9    7    2    4    6    8    9    5    3    9    7    
1          1.4912019087384433E-4  590.8954248366009      8          2    4    5    6    7    4    3    8    5    2    1    5    6    7    4    3    8    5    
1          1.4912019087384433E-4  560.2941176470582      10         5    1    7    9    2    3    5    10   8    5    6    7    9    4    6    5    10   8    
1          1.4912019087384433E-4  552.8235294117636      9          1    5    6    2    8    5    4    9    7    4    5    6    3    8    5    4    9    7    
11         0.0016403220996122874  551.5686274509784      7          1    2    4    5    6    3    1    7    4    1    2    4    5    6    3    1    7    4    
1          1.4912019087384433E-4  551.464052287581       10         4    6    8    9    1    7    5    10   8    4    6    8    9    2    7    5    10   3    
5          7.456009543692216E-4   550.5228758169926      9          1    5    6    7    8    5    4    9    2    4    5    6    7    8    5    4    9    3    
2          2.9824038174768865E-4  543.418300653594       12         1    9    2    11   3    10   8    12   4    8    9    5    11   6    10   8    12   7    
7          0.0010438413361169101  539.137254901959       6          1    3    4    5    6    3    2    6    4    1    3    4    5    6    3    2    6    4    
2          2.9824038174768865E-4  534.8823529411759      9          1    5    7    8    2    6    4    9    7    3    5    7    8    9    6    4    9    7    
7          0.0010438413361169101  533.8692810457502      10         1    2    6    8    9    5    4    10   7    3    5    6    8    9    5    4    10   7    
3          4.47360572621533E-4    527.4575163398683      11         5    7    9    11   1    8    6    2    10   5    7    9    11   3    8    6    4    10   
7          0.0010438413361169101  526.3267973856201      7          1    3    4    5    6    3    2    7    4    2    3    4    5    6    3    2    7    4    
1          1.4912019087384433E-4  522.6862745098033      10         4    5    6    8    9    1    4    10   7    2    5    6    8    9    3    4    10   7    
1          1.4912019087384433E-4  519.745098039215       9          1    5    6    7    8    2    4    9    6    4    5    6    7    8    3    4    9    6    
1          1.4912019087384433E-4  515.2810457516326      11         1    7    8    10   2    3    6    11   9    4    7    8    10   11   5    6    11   9    
1          1.4912019087384433E-4  515.2549019607823      12         7    9    1    11   2    3    8    12   10   7    9    4    11   5    6    8    12   10   
3          4.47360572621533E-4    514.1241830065355      10         5    7    1    8    9    7    6    10   2    5    7    3    8    9    7    6    10   4    
1          1.4912019087384433E-4  513.0065359477102      9          3    4    5    7    8    1    3    9    6    3    4    5    7    8    2    3    9    6    
6          8.94721145243066E-4    512.7516339869273      11         5    1    8    9    10   7    6    11   2    5    3    8    9    10   7    6    11   4    
29         0.004324485535341485   510.92810457516197     9          2    4    6    8    9    5    3    9    7    2    4    6    8    1    5    3    9    7    
1          1.4912019087384433E-4  510.04575163398584     8          2    3    5    6    7    4    2    8    5    1    3    5    6    7    4    2    8    5    
3          4.47360572621533E-4    497.52941176470335     9          3    1    6    7    8    5    4    9    6    3    2    6    7    8    5    4    9    6    
4          5.964807634953773E-4   494.823529411763       8          3    5    1    7    8    5    4    8    6    3    5    2    7    8    5    4    8    6    
6          8.94721145243066E-4    493.96732026143775     8          3    4    6    7    1    5    3    8    6    3    4    6    7    2    5    3    8    6    
18         0.0026841634357291978  480.928104575162       12         1    2    9    11   3    8    7    12   10   4    5    9    11   6    8    7    12   10   
1          1.4912019087384433E-4  476.42483660130586     10         1    7    2    9    10   7    6    10   8    3    7    4    9    5    7    6    10   8    
19         0.0028332836266030423  456.9150326797376      9          1    5    6    8    9    5    4    9    7    2    5    6    8    3    5    4    9    7    
4          5.964807634953773E-4   444.49019607843064     8          1    3    5    7    8    4    2    8    6    2    3    5    7    8    4    2    8    6    
11         0.0016403220996122874  435.95424836601234     10         1    5    7    9    10   6    4    10   8    2    5    7    9    3    6    4    10   8    
3          4.47360572621533E-4    426.0196078431367      11         5    6    8    10   1    7    2    11   9    5    6    8    10   3    7    4    11   9    
2          2.9824038174768865E-4  418.9411764705873      10         5    7    8    10   1    7    6    2    9    5    7    8    10   3    7    6    4    9    
8          0.0011929615269907546  416.85620915032536     11         1    8    9    2    3    8    7    11   10   4    8    9    5    6    8    7    11   10   
5          7.456009543692216E-4   399.5228758169933      8          1    4    6    7    8    5    3    8    6    2    4    6    7    8    5    3    8    6    
5          7.456009543692216E-4   398.7843137254892      11         7    9    1    10   2    9    8    11   3    7    9    4    10   5    9    8    11   6    
5          7.456009543692216E-4   396.9281045751628      8          2    4    6    7    1    5    3    8    6    2    4    6    7    8    5    3    8    6    
1          1.4912019087384433E-4  388.19607843137163     8          1    5    6    7    8    5    4    8    2    4    5    6    7    8    5    4    8    3    
3          4.47360572621533E-4    387.63398692810324     9          2    4    6    7    8    5    3    9    1    2    4    6    7    8    5    3    9    6    
7          0.0010438413361169101  380.92810457516305     11         1    7    8    10   2    7    6    11   9    3    4    8    10   5    7    6    11   9    
2          2.9824038174768865E-4  375.11764705882314     9          1    6    7    2    8    6    5    9    7    3    6    7    4    8    6    5    9    7    
1          1.4912019087384433E-4  374.8627450980387      9          1    6    7    8    9    6    5    2    7    3    6    7    8    9    6    5    4    7    
10         0.0014912019087384432  373.0980392156857      10         1    5    6    8    9    5    4    10   7    2    3    6    8    9    5    4    10   7    
4          5.964807634953773E-4   369.803921568627       7          2    4    5    6    7    4    3    7    5    2    4    5    6    1    4    3    7    5    
1          1.4912019087384433E-4  366.35294117647004     11         7    9    1    2    11   9    8    11   10   7    3    4    5    6    9    8    11   10   
2          2.9824038174768865E-4  360.47058823529306     12         1    8    2    3    11   9    7    12   10   4    8    5    6    11   9    7    12   10   
7          0.0010438413361169101  357.6797385620913      7          1    4    5    6    7    4    3    7    5    2    4    5    6    7    4    3    7    5    
3          4.47360572621533E-4    357.660130718954       10         5    7    8    1    9    7    6    10   2    5    7    8    3    9    7    6    10   4    
14         0.0020876826722338203  355.7254901960773      12         1    8    9    11   2    3    7    12   10   4    8    9    11   5    6    7    12   10   
1          1.4912019087384433E-4  347.5228758169923      11         1    8    9    10   2    3    7    11   9    4    8    9    10   5    6    7    11   9    
3          4.47360572621533E-4    346.25490196078385     13         1    10   2    12   3    11   9    13   4    5    10   6    12   7    11   9    13   8    
5          7.456009543692216E-4   338.91503267973803     7          3    4    5    6    1    4    3    7    5    3    4    5    6    2    4    3    7    5    
12         0.001789442290486132   331.83006535947686     10         1    5    7    9    2    6    4    10   8    3    5    7    9    10   6    4    10   8    
9          0.0013420817178645989  331.7189542483656      8          1    3    5    6    7    4    2    8    5    2    3    5    6    7    4    2    8    5    
2          2.9824038174768865E-4  330.999999999999       12         1    8    9    10   11   2    7    12   3    4    8    9    10   11   5    7    12   6    
4          5.964807634953773E-4   319.86928104575117     11         1    7    2    10   3    8    6    11   9    6    7    4    10   5    8    6    11   9    
1          1.4912019087384433E-4  318.6601307189543      11         5    1    2    9    10   7    6    11   8    5    3    4    9    10   7    6    11   8    
1          1.4912019087384433E-4  311.3398692810449      11         1    8    9    10   2    8    7    11   3    7    4    9    10   5    8    7    11   6    
9          0.0013420817178645989  308.8235294117643      9          2    1    5    7    8    4    3    9    6    2    4    5    7    8    4    3    9    6    
3          4.47360572621533E-4    292.444444444444       10         1    5    2    8    9    6    4    10   7    4    5    3    8    9    6    4    10   7    
4          5.964807634953773E-4   291.633986928104       9          1    5    2    7    8    5    4    9    6    4    5    3    7    8    5    4    9    6    
4          5.964807634953773E-4   285.01960784313695     10         1    7    8    9    2    7    6    10   3    6    7    8    9    4    7    6    10   5    
9          0.0013420817178645989  282.62745098039136     6          1    2    3    5    6    2    1    6    4    1    2    3    5    6    2    1    6    4    
4          5.964807634953773E-4   282.4313725490195      11         1    5    7    9    10   6    2    11   8    3    5    7    9    10   6    4    11   8    
1          1.4912019087384433E-4  274.6339869281045      10         4    5    7    9    1    6    4    10   8    2    5    7    9    3    6    4    10   8    
4          5.964807634953773E-4   270.85620915032626     7          2    3    4    6    7    3    2    7    5    2    3    4    6    1    3    2    7    5    
2          2.9824038174768865E-4  269.647058823529       11         1    7    9    10   2    8    6    11   3    4    7    9    10   11   8    6    11   5    
3          4.47360572621533E-4    269.2875816993461      9          3    4    1    7    8    5    3    9    6    3    4    2    7    8    5    3    9    6    
3          4.47360572621533E-4    269.03921568627413     11         1    8    2    9    10   8    7    11   3    4    8    5    9    10   8    7    11   6    
4          5.964807634953773E-4   264.13071895424775     8          1    4    5    7    8    4    3    8    6    3    4    5    7    2    4    3    8    6    
1          1.4912019087384433E-4  263.47058823529363     9          1    5    6    8    9    5    4    9    7    2    3    6    8    9    5    4    9    7    
1          1.4912019087384433E-4  262.51633986928056     10         1    6    8    9    2    7    5    10   3    5    6    8    9    10   7    5    10   4    
1          1.4912019087384433E-4  262.3790849673202      12         1    10   11   2    3    10   9    12   4    5    10   11   6    7    10   9    12   8    
2          2.9824038174768865E-4  258.5882352941173      10         1    7    8    9    2    7    6    10   8    3    4    8    9    5    7    6    10   8    
1          1.4912019087384433E-4  257.90849673202587     10         1    7    8    9    10   7    6    10   2    3    7    8    9    4    7    6    10   5    
1          1.4912019087384433E-4  256.660130718954       7          1    3    5    6    7    4    2    7    5    2    3    5    6    7    4    2    7    5    
1          1.4912019087384433E-4  256.5294117647054      8          2    4    5    6    7    4    3    8    1    2    4    5    6    7    4    3    8    5    
2          2.9824038174768865E-4  251.50326797385605     10         4    6    7    9    1    2    5    10   8    4    6    7    9    3    6    5    10   8    
1          1.4912019087384433E-4  249.57516339869224     8          1    2    4    6    7    3    1    8    5    1    3    4    6    7    2    1    8    5    
1          1.4912019087384433E-4  246.0457516339864      9          3    1    5    7    8    4    3    9    6    3    4    5    7    8    2    3    9    6    
1          1.4912019087384433E-4  245.82352941176435     9          4    1    6    8    9    5    4    9    7    4    2    6    8    3    5    4    9    7    
2          2.9824038174768865E-4  244.32679738562044     9          3    4    5    7    8    1    3    9    6    3    2    5    7    8    4    3    9    6    
1          1.4912019087384433E-4  241.24836601307166     8          3    4    6    1    7    5    3    8    6    3    4    6    2    7    5    3    8    6    
5          7.456009543692216E-4   240.58823529411734     11         1    8    9    11   2    8    7    3    10   4    8    9    11   5    8    7    6    10   
4          5.964807634953773E-4   240.47058823529372     9          3    1    5    7    8    4    3    9    6    3    2    5    7    8    4    3    9    6    
1          1.4912019087384433E-4  236.07189542483647     10         5    1    6    8    9    2    5    10   7    5    3    6    8    9    4    5    10   7    
3          4.47360572621533E-4    235.6535947712415      11         1    7    8    10   2    7    3    11   9    4    7    8    10   5    7    6    11   9    
1          1.4912019087384433E-4  235.1372549019605      9          5    6    7    8    1    6    5    9    2    5    6    7    8    3    6    5    9    4    
5          7.456009543692216E-4   233.26143790849656     10         1    5    6    8    9    2    4    10   7    3    5    6    8    9    5    4    10   7    
1          1.4912019087384433E-4  232.19607843137206     11         7    8    9    10   1    2    7    11   3    7    4    9    10   5    8    7    11   6    
10         0.0014912019087384432  230.9934640522874      9          2    4    5    7    8    1    3    9    6    2    4    5    7    8    4    3    9    6    
2          2.9824038174768865E-4  230.5816993464048      8          2    4    5    6    7    1    3    8    5    2    4    5    6    7    4    3    8    5    
1          1.4912019087384433E-4  228.81699346405205     9          4    6    7    8    1    2    5    9    7    4    6    7    8    3    6    5    9    7    
1          1.4912019087384433E-4  224.83006535947695     9          4    6    7    1    8    2    5    9    7    4    6    7    3    8    6    5    9    7    
4          5.964807634953773E-4   216.99346405228724     12         7    1    2    11   3    9    8    12   10   7    4    5    11   6    9    8    12   10   
2          2.9824038174768865E-4  213.45751633986902     9          4    6    7    8    1    6    5    9    7    4    2    7    8    3    6    5    9    7    
2          2.9824038174768865E-4  210.35294117647032     12         1    2    3    10   11   8    7    12   9    4    5    6    10   11   8    7    12   9    
2          2.9824038174768865E-4  201.09803921568604     8          1    5    6    7    8    5    4    8    6    2    5    6    7    3    5    4    8    6    
3          4.47360572621533E-4    199.13725490196057     9          5    7    8    1    2    7    6    9    8    5    7    8    3    4    7    6    9    8    
11         0.0016403220996122874  197.67973856209122     7          1    3    4    6    7    3    2    7    5    2    3    4    6    7    3    2    7    5    
3          4.47360572621533E-4    194.9477124183004      10         1    5    7    8    9    6    4    10   2    4    5    7    8    9    6    4    10   3    
1          1.4912019087384433E-4  188.07843137254866     10         5    7    8    9    10   7    6    1    2    5    7    8    9    10   7    6    3    4    
1          1.4912019087384433E-4  186.79738562091484     10         1    7    8    2    3    7    6    10   9    6    7    8    4    5    7    6    10   9    
2          2.9824038174768865E-4  184.81045751633965     9          1    6    7    8    9    6    5    9    2    5    6    7    8    3    6    5    9    4    
1          1.4912019087384433E-4  182.9019607843134      10         4    6    1    9    2    7    5    10   8    4    6    3    9    10   7    5    10   8    
2          2.9824038174768865E-4  182.08496732026128     10         4    6    8    9    1    7    5    10   2    4    6    8    9    10   7    5    10   3    
3          4.47360572621533E-4    181.7647058823527      12         1    10   2    11   3    10   9    12   4    5    10   6    11   7    10   9    12   8    
1          1.4912019087384433E-4  179.46405228758152     11         5    1    8    2    10   7    6    11   9    5    3    8    4    10   7    6    11   9    
3          4.47360572621533E-4    178.68627450980378     11         1    6    8    10   11   7    5    2    9    3    6    8    10   11   7    5    4    9    
1          1.4912019087384433E-4  176.6535947712415      11         1    8    2    3    10   8    7    11   9    4    8    5    6    10   8    7    11   9    
1          1.4912019087384433E-4  175.10457516339864     8          3    4    6    7    8    5    3    8    1    3    4    6    7    8    5    3    8    2    
2          2.9824038174768865E-4  173.07189542483638     10         5    1    8    9    2    7    6    10   8    5    3    8    9    4    7    6    10   8    
1          1.4912019087384433E-4  172.86928104575136     11         7    9    1    2    3    9    8    11   10   7    9    4    5    6    9    8    11   10   
1          1.4912019087384433E-4  170.6470588235291      9          1    2    7    8    9    6    5    9    7    3    4    7    8    9    6    5    9    7    
2          2.9824038174768865E-4  170.1372549019607      10         1    6    7    9    2    6    5    10   8    3    4    7    9    10   6    5    10   8    
2          2.9824038174768865E-4  168.96732026143772     13         1    2    3    12   4    10   9    13   11   5    6    7    12   8    10   9    13   11   
1          1.4912019087384433E-4  168.83660130718926     8          3    1    5    7    8    4    3    8    6    3    2    5    7    8    4    3    8    6    
1          1.4912019087384433E-4  166.98039215686265     12         1    2    9    11   3    8    4    12   10   5    6    9    11   12   8    7    12   10   
1          1.4912019087384433E-4  166.53594771241808     11         1    7    8    2    10   7    6    11   9    3    4    8    5    10   7    6    11   9    
1          1.4912019087384433E-4  165.4052287581697      11         1    7    2    9    10   7    6    11   8    3    4    5    9    10   7    6    11   8    
1          1.4912019087384433E-4  161.2549019607841      9          4    1    6    8    9    5    4    9    7    2    3    6    8    9    5    4    9    7    
1          1.4912019087384433E-4  161.18300653594756     12         1    2    8    10   11   3    7    12   9    4    5    8    10   11   6    7    12   9    
1          1.4912019087384433E-4  159.41176470588215     9          4    6    1    8    9    6    5    9    7    4    6    2    8    3    6    5    9    7    
3          4.47360572621533E-4    159.18300653594747     9          3    5    6    8    9    5    4    1    7    3    5    6    8    9    5    4    2    7    
3          4.47360572621533E-4    158.15686274509792     9          5    6    7    1    2    6    5    9    8    5    6    7    3    4    6    5    9    8    
2          2.9824038174768865E-4  156.28758169934613     9          3    4    5    7    8    4    1    9    6    3    4    5    7    8    4    2    9    6    
1          1.4912019087384433E-4  153.0457516339868      10         1    2    7    8    9    6    5    10   7    3    4    7    8    9    6    5    10   7    
1          1.4912019087384433E-4  149.19607843137234     8          4    5    6    7    8    5    4    8    1    4    5    6    7    2    5    4    8    3    
2          2.9824038174768865E-4  147.09150326797365     12         1    2    10   11   3    9    8    12   4    5    9    10   11   6    9    8    12   7    
2          2.9824038174768865E-4  145.4967320261435      8          2    4    6    7    8    5    3    8    6    2    4    6    7    1    5    3    8    6    
1          1.4912019087384433E-4  144.73202614379062     8          2    3    5    7    8    4    2    8    6    1    3    5    7    8    4    2    8    6    
1          1.4912019087384433E-4  142.143790849673       8          1    5    6    7    2    5    4    8    6    3    5    6    7    8    5    4    8    6    
1          1.4912019087384433E-4  142.08496732026128     10         4    6    7    9    10   1    5    10   8    4    6    7    9    2    3    5    10   8    
2          2.9824038174768865E-4  140.6078431372547      10         1    8    2    9    10   8    7    10   3    4    8    5    9    10   8    7    10   6    
1          1.4912019087384433E-4  140.24836601307172     13         1    10   2    12   3    4    9    13   11   5    10   6    12   7    8    9    13   11   
1          1.4912019087384433E-4  137.7320261437908      8          1    4    6    7    8    5    3    8    6    3    4    6    7    2    5    3    8    6    
5          7.456009543692216E-4   137.07189542483638     9          3    4    6    7    8    5    3    9    1    3    4    6    7    8    5    3    9    2    
1          1.4912019087384433E-4  132.95424836601285     8          3    5    7    1    8    6    4    8    7    3    5    7    2    8    6    4    8    7    
3          4.47360572621533E-4    131.10457516339847     9          3    5    1    8    9    6    4    9    7    3    5    2    8    9    6    4    9    7    
1          1.4912019087384433E-4  129.4901960784312      9          4    6    7    1    2    6    5    9    8    4    6    7    3    9    6    5    9    8    
1          1.4912019087384433E-4  129.04575163398675     12         7    9    11   1    2    10   8    12   3    7    9    11   4    5    10   8    12   6    
1          1.4912019087384433E-4  128.32679738562072     10         3    4    6    8    9    5    1    10   7    3    4    6    8    9    5    2    10   7    
2          2.9824038174768865E-4  127.28758169934619     9          3    5    7    1    9    6    4    9    8    3    5    7    2    9    6    4    9    8    
1          1.4912019087384433E-4  123.18954248365993     12         7    9    11   12   1    10   8    2    3    7    9    11   12   4    10   8    5    6    
1          1.4912019087384433E-4  122.92156862745075     9          3    4    6    7    8    5    1    9    6    3    4    6    7    8    5    2    9    6    
4          5.964807634953773E-4   122.7908496732025      12         1    7    9    11   2    8    3    12   10   4    7    9    11   5    8    6    12   10   
1          1.4912019087384433E-4  122.5098039215684      8          3    4    5    6    7    4    1    8    5    3    4    5    6    7    4    2    8    5    
3          4.47360572621533E-4    120.47712418300634     10         1    6    7    9    10   6    5    2    8    3    6    7    9    10   6    5    4    8    
1          1.4912019087384433E-4  116.16339869281023     8          3    4    6    1    8    5    3    8    7    3    4    6    2    8    5    3    8    7    
3          4.47360572621533E-4    114.96078431372528     7          2    4    5    6    1    4    3    7    5    2    4    5    6    7    4    3    7    5    
1          1.4912019087384433E-4  112.32679738562082     10         5    7    8    1    10   7    6    2    9    5    7    8    3    10   7    6    4    9    
1          1.4912019087384433E-4  111.70588235294107     12         1    2    10   11   3    9    4    12   10   5    6    10   11   7    9    8    12   10   
3          4.47360572621533E-4    110.2810457516339      6          1    2    4    5    6    3    1    6    4    1    2    4    5    6    3    1    6    4    
2          2.9824038174768865E-4  108.39215686274497     12         1    2    9    10   11   7    8    12   3    4    5    9    10   11   7    8    12   6    
1          1.4912019087384433E-4  106.79738562091494     12         1    2    11   12   3    10   9    4    11   5    6    11   12   7    10   9    8    11   
1          1.4912019087384433E-4  106.69934640522858     10         1    7    2    9    3    7    6    10   8    4    7    5    9    10   7    6    10   8    
2          2.9824038174768865E-4  104.60130718954237     9          1    6    7    8    9    6    5    9    2    3    6    7    8    9    6    5    9    4    
1          1.4912019087384433E-4  104.59477124182995     10         1    5    7    8    9    6    2    10   7    3    5    7    8    9    6    4    10   7    
2          2.9824038174768865E-4  104.03921568627433     9          1    5    7    8    2    6    4    9    7    4    5    7    8    3    6    4    9    7    
2          2.9824038174768865E-4  102.549019607843       8          3    5    6    7    8    5    4    8    1    3    5    6    7    8    5    4    8    2    
1          1.4912019087384433E-4  102.51633986928091     11         1    2    8    10   11   7    6    11   9    3    4    8    10   5    7    6    11   9    
2          2.9824038174768865E-4  102.44444444444434     10         1    2    7    9    10   6    5    10   8    3    6    7    9    4    6    5    10   8    
1          1.4912019087384433E-4  98.6666666666665       10         3    5    6    8    9    1    4    10   7    3    2    6    8    9    5    4    10   7    
1          1.4912019087384433E-4  97.74509803921559      10         3    1    6    8    9    5    4    10   7    3    5    6    8    9    2    4    10   7    
1          1.4912019087384433E-4  97.53594771241819      10         1    4    6    8    9    5    3    10   7    2    5    6    8    9    4    3    10   7    
2          2.9824038174768865E-4  95.81699346405215      9          1    6    2    8    9    6    5    9    7    3    6    4    8    9    6    5    9    7    
1          1.4912019087384433E-4  95.42483660130712      9          1    4    5    7    8    2    3    9    6    3    4    5    7    8    4    3    9    6    
1          1.4912019087384433E-4  94.81699346405225      10         5    6    7    9    1    6    2    10   8    5    6    7    9    3    6    4    10   8    
1          1.4912019087384433E-4  93.1830065359476       11         1    7    2    9    10   7    3    11   8    4    7    5    9    10   7    6    11   8    
1          1.4912019087384433E-4  93.07843137254889      8          2    4    5    7    8    4    3    8    6    2    1    5    7    8    4    3    8    6    
2          2.9824038174768865E-4  92.61437908496731      9          1    4    6    8    2    5    3    9    7    3    4    6    8    9    5    3    9    7    
2          2.9824038174768865E-4  88.21568627450966      8          3    5    6    1    8    5    4    8    7    3    5    6    2    8    5    4    8    7    
1          1.4912019087384433E-4  87.83660130718945      10         4    6    1    8    9    6    5    10   7    4    2    3    8    9    6    5    10   7    
1          1.4912019087384433E-4  84.22222222222209      9          4    5    6    8    1    5    4    9    7    2    5    6    8    3    5    4    9    7    
1          1.4912019087384433E-4  81.83660130718948      10         5    1    7    9    2    6    5    10   8    5    3    7    9    4    6    5    10   8    
2          2.9824038174768865E-4  80.69934640522867      12         7    9    10   1    2    3    8    12   11   7    9    10   4    5    6    8    12   11   
2          2.9824038174768865E-4  80.1960784313725       9          1    4    6    8    9    5    3    9    7    3    4    6    8    2    5    3    9    7    
1          1.4912019087384433E-4  80.03921568627442      9          3    5    6    8    9    1    4    9    7    3    5    6    8    9    2    4    9    7    
1          1.4912019087384433E-4  79.9934640522875       10         5    1    7    9    10   2    6    10   8    5    3    7    9    10   4    6    10   8    
2          2.9824038174768865E-4  78.28758169934632      7          1    2    4    6    7    3    1    7    5    1    2    4    6    7    3    1    7    5    
1          1.4912019087384433E-4  78.27450980392148      9          4    6    7    8    1    6    5    9    7    4    6    2    8    3    6    5    9    7    
2          2.9824038174768865E-4  76.62091503267966      10         4    6    8    9    1    7    5    10   2    4    6    8    9    3    7    5    10   8    
1          1.4912019087384433E-4  73.89542483660124      11         5    7    9    1    10   8    6    11   2    5    7    9    3    10   8    6    11   4    
1          1.4912019087384433E-4  72.35947712418296      12         1    9    2    11   3    4    8    12   10   8    9    5    11   6    7    8    12   10   
1          1.4912019087384433E-4  69.37254901960779      10         1    6    7    8    9    2    5    10   7    3    6    7    8    9    4    5    10   7    
1          1.4912019087384433E-4  69.1241830065359       7          2    3    4    5    6    3    2    7    4    1    3    4    5    6    3    2    7    4    
1          1.4912019087384433E-4  68.16339869281039      13         1    9    10   12   2    3    4    13   11   5    9    10   12   6    7    8    13   11   
1          1.4912019087384433E-4  67.875816993464        7          1    4    5    6    7    4    3    7    5    3    4    5    6    2    4    3    7    5    
2          2.9824038174768865E-4  66.35294117647052      10         1    5    6    8    9    5    2    10   7    3    5    6    8    9    5    4    10   7    
2          2.9824038174768865E-4  64.79084967320254      13         1    2    11   12   3    10   9    13   4    5    6    11   12   7    10   9    13   8    
2          2.9824038174768865E-4  63.82352941176464      8          1    5    6    7    2    5    4    8    6    4    5    6    7    3    5    4    8    6    
3          4.47360572621533E-4    61.70588235294116      8          3    5    6    1    7    5    4    8    6    3    5    6    2    7    5    4    8    6    
1          1.4912019087384433E-4  60.87581699346399      10         5    7    8    9    1    2    6    10   8    5    7    8    9    3    4    6    10   8    
1          1.4912019087384433E-4  59.575163398692744     10         4    6    7    1    9    2    5    10   8    4    6    7    3    9    6    5    10   8    
5          7.456009543692216E-4   54.9019607843137       9          3    1    6    8    9    5    4    9    7    3    2    6    8    9    5    4    9    7    
1          1.4912019087384433E-4  52.52287581699344      8          2    3    4    6    7    1    2    8    5    2    3    4    6    7    3    2    8    5    
1          1.4912019087384433E-4  49.67973856209148      11         1    8    10   2    3    9    7    11   10   4    8    10   5    6    9    7    11   10   
1          1.4912019087384433E-4  49.28758169934638      14         1    2    12   13   3    11   4    14   5    6    7    12   13   8    11   9    14   10   
2          2.9824038174768865E-4  49.143790849673174     9          4    1    6    8    2    5    4    9    7    4    5    6    8    3    5    4    9    7    
1          1.4912019087384433E-4  47.41830065359474      9          4    6    7    8    9    6    5    9    1    4    6    7    8    2    6    5    9    3    
1          1.4912019087384433E-4  46.150326797385596     8          4    5    6    7    1    2    4    8    6    4    5    6    7    3    5    4    8    6    
1          1.4912019087384433E-4  45.60784313725489      9          2    4    5    7    8    4    3    9    6    2    4    5    7    8    1    3    9    6    
1          1.4912019087384433E-4  45.22222222222221      6          1    3    4    5    6    3    2    6    4    2    3    4    5    6    3    2    6    4    
1          1.4912019087384433E-4  44.588235294117624     8          1    4    5    7    2    4    3    8    6    3    4    5    7    8    4    3    8    6    
1          1.4912019087384433E-4  42.87581699346405      7          3    4    5    1    6    4    3    7    5    3    4    5    2    6    4    3    7    5    
1          1.4912019087384433E-4  41.575163398692794     9          4    6    7    8    1    6    5    9    2    4    6    7    8    3    6    5    9    7    
2          2.9824038174768865E-4  40.5032679738562       7          2    3    4    6    1    3    2    7    5    2    3    4    6    7    3    2    7    5    
1          1.4912019087384433E-4  39.496732026143775     9          1    5    6    8    9    2    4    9    7    3    5    6    8    9    5    4    9    7    
3          4.47360572621533E-4    39.294117647058805     10         4    1    7    9    2    6    5    10   8    4    6    7    9    3    6    5    10   8    
1          1.4912019087384433E-4  38.78431372549018      9          1    2    6    8    9    5    4    9    7    3    5    6    8    9    5    4    9    7    
1          1.4912019087384433E-4  38.41176470588235      9          3    5    6    7    8    1    4    9    6    3    5    6    7    8    2    4    9    6    
1          1.4912019087384433E-4  35.66666666666666      9          4    5    6    8    1    5    4    9    7    4    2    6    8    3    5    4    9    7    
1          1.4912019087384433E-4  34.51633986928105      12         10   11   1    2    12   11   10   3    4    5    11   6    7    12   11   10   8    9    
1          1.4912019087384433E-4  33.26143790849673      12         7    1    9    11   2    8    3    12   10   7    4    9    11   5    8    6    12   10   
1          1.4912019087384433E-4  32.1437908496732       9          1    6    7    2    3    6    5    9    8    5    6    7    4    9    6    5    9    8    
2          2.9824038174768865E-4  31.43790849673203      11         1    7    9    10   11   8    6    11   2    3    7    9    10   4    8    6    11   5    
1          1.4912019087384433E-4  29.437908496732028     10         1    7    8    2    3    7    6    10   9    4    7    8    5    10   7    6    10   9    
1          1.4912019087384433E-4  29.183006535947715     10         1    6    2    9    10   7    5    10   8    3    6    4    9    10   7    5    10   8    
1          1.4912019087384433E-4  27.60130718954249      11         1    2    8    10   3    7    6    11   9    6    4    8    10   5    7    6    11   9    
1          1.4912019087384433E-4  26.62745098039216      9          1    2    5    7    8    4    3    9    6    3    4    5    7    8    4    3    9    6    
4          5.964807634953773E-4   25.869281045751634     11         1    2    8    10   3    7    6    11   9    4    7    8    10   5    7    6    11   9    
1          1.4912019087384433E-4  23.196078431372552     8          5    6    7    1    2    6    5    8    7    5    6    7    3    4    6    5    8    7    
1          1.4912019087384433E-4  19.862745098039216     10         1    7    8    10   2    7    6    3    9    6    7    8    10   4    7    6    5    9    
1          1.4912019087384433E-4  19.705882352941178     10         1    6    8    2    9    7    5    10   8    3    6    8    4    9    7    5    10   8    
1          1.4912019087384433E-4  18.836601307189543     8          2    4    5    6    7    4    3    8    5    2    4    1    6    7    4    3    8    5    
1          1.4912019087384433E-4  18.705882352941178     11         1    8    10   11   2    9    7    3    10   4    8    10   11   5    9    7    6    10   
1          1.4912019087384433E-4  18.045751633986928     12         1    8    2    10   11   9    7    12   3    4    8    5    10   11   9    7    12   6    
1          1.4912019087384433E-4  17.03267973856209      8          2    3    4    6    7    3    2    8    5    1    3    4    6    7    3    2    8    5    
2          2.9824038174768865E-4  16.130718954248366     10         4    1    7    9    2    6    5    10   8    4    3    7    9    10   6    5    10   8    
1          1.4912019087384433E-4  13.294117647058824     11         1    7    9    2    11   8    6    11   10   3    7    9    4    5    8    6    11   10   
1          1.4912019087384433E-4  12.176470588235295     7          3    4    1    6    7    4    3    7    5    3    4    2    6    7    4    3    7    5    
1          1.4912019087384433E-4  11.372549019607844     12         1    8    9    2    11   3    7    12   10   4    8    9    5    11   6    7    12   10   
1          1.4912019087384433E-4  11.34640522875817      9          1    6    2    8    9    6    5    9    7    5    6    3    8    4    6    5    9    7    
2          2.9824038174768865E-4  9.594771241830067      9          4    6    7    8    1    6    5    9    2    4    6    7    8    9    6    5    9    3    
1          1.4912019087384433E-4  9.281045751633988      7          2    3    4    6    7    3    2    7    5    2    1    4    6    7    3    2    7    5    
2          2.9824038174768865E-4  7.673202614379086      11         7    9    10   1    2    9    8    11   3    7    9    10   4    5    9    8    11   6    
1          1.4912019087384433E-4  5.712418300653596      11         1    2    8    9    10   7    6    11   3    4    7    8    9    10   7    6    11   5    
1          1.4912019087384433E-4  4.758169934640524      12         1    9    10   11   12   2    8    12   3    4    9    10   11   5    6    8    12   7    
1          1.4912019087384433E-4  3.7320261437908493     9          1    5    6    8    9    5    4    9    7    2    5    6    8    9    3    4    9    7    
1          1.4912019087384433E-4  2.869281045751634      11         7    8    10   1    2    9    7    11   3    7    8    10   4    5    9    7    11   6    
1          1.4912019087384433E-4  1.0                    9          3    5    7    8    9    6    4    1    7    3    5    7    8    9    6    4    2    7    
1          1.4912019087384433E-4  1.0                    12         1    11   2    3    4    11   10   12   5    10   11   6    7    8    11   10   12   9    

