count      fraction               similarity             nclusters  e1--0 d1--0 z1--0 y1--0 x1--0 d2--0 e2--0 x2--0 z2--0 e1--1 d1--1 z1--1 y1--1 x1--1 d2--1 e2--1 x2--1 z2--1 
6334       0.9405999405999406     6657.633986928112      5          1    2    3    4    5    2    1    5    3    1    2    3    4    5    2    1    5    3    
10         0.001485001485001485   320.54248366012894     6          2    3    4    5    6    3    1    6    4    2    3    4    5    6    3    2    6    4    
176        0.026136026136026135   315.3137254901958      6          1    3    4    5    6    3    2    6    4    2    3    4    5    6    3    2    6    4    
56         0.008316008316008316   140.93464052287578     6          2    3    4    5    6    3    2    6    4    2    3    1    5    6    3    2    6    4    
15         0.0022275022275022277  85.49673202614372      6          2    3    4    5    1    3    2    6    4    2    3    4    5    6    3    2    6    4    
4          5.94000594000594E-4    70.7058823529411       6          2    3    4    5    6    3    2    6    4    2    3    4    5    6    3    2    6    1    
67         0.00994950994950995    68.9607843137255       4          1    1    2    3    4    1    1    4    2    1    1    2    3    4    1    1    4    2    
4          5.94000594000594E-4    66.91503267973853      6          1    3    4    5    6    3    2    6    4    2    3    4    5    6    3    1    6    4    
6          8.91000891000891E-4    62.62745098039213      6          1    2    3    4    5    2    1    6    3    1    2    3    4    6    2    1    5    3    
4          5.94000594000594E-4    57.084967320261384     6          2    3    4    5    6    3    2    6    4    2    3    4    5    1    3    2    6    4    
14         0.002079002079002079   52.62745098039215      4          1    2    3    3    4    2    1    4    3    1    2    3    3    4    2    1    4    3    
7          0.0010395010395010396  40.222222222222214     6          1    2    3    5    6    2    1    6    3    1    2    4    5    6    2    1    6    4    
4          5.94000594000594E-4    33.58169934640523      6          2    3    4    5    6    3    2    6    4    2    3    4    5    6    1    2    6    4    
3          4.455004455004455E-4   29.7843137254902       7          1    4    5    6    7    4    3    7    5    3    4    5    6    7    4    3    7    2    
5          7.425007425007425E-4   27.385620915032682     7          1    4    5    6    7    4    2    7    5    3    4    5    6    7    4    3    7    5    
7          0.0010395010395010396  22.477124183006538     6          2    3    4    5    6    3    2    6    4    1    3    4    5    6    3    2    6    4    
1          1.485001485001485E-4   15.00653594771242      7          2    3    4    5    6    3    2    7    4    2    3    4    5    6    1    2    7    4    
1          1.485001485001485E-4   14.359477124183009     7          1    3    5    6    7    4    2    7    5    2    3    5    6    7    4    2    7    5    
1          1.485001485001485E-4   13.398692810457518     6          2    1    4    5    6    3    2    6    4    2    3    4    5    6    3    2    6    4    
8          0.001188001188001188   12.784313725490197     6          1    3    4    5    6    3    1    6    4    2    3    4    5    6    3    2    6    4    
1          1.485001485001485E-4   4.803921568627451      7          1    4    5    6    7    4    3    7    5    2    4    5    6    7    4    3    7    5    
1          1.485001485001485E-4   3.7908496732026142     7          3    1    5    6    7    4    3    7    5    3    2    5    6    7    4    3    7    5    
1          1.485001485001485E-4   2.888888888888889      6          1    2    3    4    5    2    1    6    3    1    2    3    4    5    2    1    6    3    
1          1.485001485001485E-4   1.9607843137254903     5          2    2    3    4    1    2    2    5    3    2    2    3    4    5    2    2    5    3    
1          1.485001485001485E-4   1.954248366013072      7          1    3    4    6    7    3    2    7    4    2    3    5    6    7    3    2    7    5    
1          1.485001485001485E-4   1.0                    5          2    2    3    4    5    2    2    5    3    2    2    1    4    5    2    2    5    3    
1          1.485001485001485E-4   1.0                    7          1    4    5    6    7    4    3    7    5    3    4    5    6    2    4    3    7    5    

