count      fraction               similarity             nclusters  e1--0 d1--0 z1--0 y1--0 x1--0 d2--0 e2--0 x2--0 z2--0 e1--1 d1--1 z1--1 y1--1 x1--1 d2--1 e2--1 x2--1 z2--1 
924        0.13471351508966323    6753.359477124277      9          1    3    5    7    8    4    2    9    6    1    3    5    7    8    4    2    9    6    
61         0.008893424697477767   5788.640522875938      11         5    7    1    9    10   8    6    11   2    5    7    3    9    10   8    6    11   4    
13         0.0018953200174952618  5779.274509804022      13         9    1    2    12   3    11   10   13   4    9    5    6    12   7    11   10   13   8    
3          4.3738154249890656E-4  5759.849673202753      14         1    2    3    13   4    12   11   14   5    6    7    8    13   9    12   11   14   10   
1          1.457938474996355E-4   5752.026143790974      15         13   14   1    2    3    4    5    6    15   13   14   7    8    9    10   11   12   15   
33         0.004811196967487972   5722.594771241961      11         5    1    2    9    10   7    6    11   8    5    3    4    9    10   7    6    11   8    
427        0.06225397288234436    5699.2222222222645     10         3    5    7    9    1    6    4    10   8    3    5    7    9    2    6    4    10   8    
10         0.0014579384749963552  5670.444444444532      13         9    10   1    12   2    3    4    13   11   9    10   5    12   6    7    8    13   11   
13         0.0018953200174952618  5666.549019607963      12         7    9    1    2    11   10   8    12   3    7    9    4    5    11   10   8    12   6    
98         0.014287797054964281   5265.437908496824      11         5    7    1    10   11   8    6    2    9    5    7    3    10   11   8    6    4    9    
47         0.0068523108324828694  5157.281045751707      11         5    7    9    1    11   8    6    2    10   5    7    9    3    11   8    6    4    10   
106        0.015454147834961365   5113.058823529502      10         3    4    6    8    9    5    1    10   7    3    4    6    8    9    5    2    10   7    
10         0.0014579384749963552  4981.176470588314      14         11   12   1    14   2    3    4    5    13   11   12   6    14   7    8    9    10   13   
141        0.020556932497448607   4972.88888888897       10         3    5    7    8    9    6    4    10   1    3    5    7    8    9    6    4    10   2    
8          0.001166350779997084   4971.705882353046      13         1    2    3    12   13   10   9    4    11   5    6    7    12   13   10   9    8    11   
22         0.0032074646449919814  4968.81045751642       14         11   12   1    14   2    13   3    4    5    11   12   6    14   7    13   8    9    10   
274        0.03994751421490013    4830.790849673266      10         3    5    1    8    9    6    4    10   7    3    5    2    8    9    6    4    10   7    
9          0.0013121446274967196  4810.568627451066      13         1    9    2    12   3    10   4    13   11   5    9    6    12   7    10   8    13   11   
3          4.3738154249890656E-4  4791.0588235295045     13         1    9    11   12   2    10   3    13   4    5    9    11   12   6    10   7    13   8    
81         0.011809301647470476   4549.784313725567      11         5    6    8    10   1    7    2    11   9    5    6    8    10   3    7    4    11   9    
35         0.005102784662487243   4466.679738562152      11         5    1    8    10   11   7    6    2    9    5    3    8    10   11   7    6    4    9    
34         0.0049569908149876074  4438.464052287658      12         7    9    11   1    2    10   8    3    12   7    9    11   4    5    10   8    6    12   
84         0.012246683189969384   4396.346405228833      10         3    1    6    8    9    5    4    10   7    3    2    6    8    9    5    4    10   7    
3          4.3738154249890656E-4  4372.241830065427      13         9    1    11   2    13   3    10   4    12   9    5    11   6    13   7    10   8    12   
162        0.023618603294940952   4330.653594771293      11         5    7    9    11   1    8    6    2    10   5    7    9    11   3    8    6    4    10   
21         0.003061670797492346   4153.980392156938      12         7    9    1    2    12   10   8    3    11   7    9    4    5    12   10   8    6    11   
40         0.005831753899985421   4133.0588235294435     11         5    7    8    10   11   1    6    2    9    5    7    8    10   11   3    6    4    9    
69         0.010059775477474851   4099.176470588306      12         7    9    11   12   1    10   8    2    3    7    9    11   12   4    10   8    5    6    
251        0.036594255722408514   4038.1372549020207     10         3    5    7    9    10   6    4    1    8    3    5    7    9    10   6    4    2    8    
10         0.0014579384749963552  3773.202614379146      13         1    10   12   13   2    11   9    3    4    5    10   12   13   6    11   9    7    8    
8          0.001166350779997084   3756.392156862794      13         9    1    2    12   13   11   10   3    4    9    5    6    12   13   11   10   7    8    
10         0.0014579384749963552  3752.7189542484402     14         11   1    2    3    4    13   12   5    14   11   6    7    8    9    13   12   10   14   
29         0.00422802157748943    3743.3071895425346     12         7    8    10   12   1    9    2    3    11   7    8    10   12   4    9    5    6    11   
9          0.0013121446274967196  3739.895424836648      13         9    11   1    12   13   2    10   3    4    9    11   5    12   13   6    10   7    8    
43         0.006269135442484327   3705.5882352941676     11         1    6    2    9    10   7    5    11   8    3    6    4    9    10   7    5    11   8    
12         0.0017495261699956262  3704.9869281046495     14         11   1    2    14   3    13   12   4    5    11   6    7    14   8    13   12   9    10   
56         0.008164455459979588   3665.777777777827      11         5    7    8    10   1    2    6    11   9    5    7    8    10   3    4    6    11   9    
159        0.023181221752442048   3620.0130718954715     11         5    7    1    10   2    8    6    11   9    5    7    3    10   4    8    6    11   9    
58         0.00845604315497886    3453.287581699388      11         5    7    1    2    10   8    6    11   9    5    7    3    4    10   8    6    11   9    
111        0.016183117072459542   3397.24836601311       10         3    5    7    1    9    6    4    10   8    3    5    7    2    9    6    4    10   8    
49         0.0071438985274821405  3283.7712418301003     11         1    6    8    10   2    7    5    11   9    3    6    8    10   4    7    5    11   9    
6          8.747630849978131E-4   3272.5032679739        15         13   15   1    2    3    4    14   5    6    13   15   7    8    9    10   14   11   12   
8          0.001166350779997084   3223.058823529452      13         9    1    11   13   2    3    10   4    12   9    5    11   13   6    7    10   8    12   
18         0.0026242892549934393  3221.8039215686845     12         1    8    2    11   12   9    7    3    10   4    8    5    11   12   9    7    6    10   
90         0.013121446274967197   3208.464052287627      11         5    7    9    10   1    8    6    11   2    5    7    9    10   3    8    6    11   4    
3          4.3738154249890656E-4  3189.0065359477558     13         9    1    2    3    12   4    10   13   11   9    5    6    7    12   8    10   13   11   
20         0.0029158769499927103  3103.555555555587      13         1    10   2    13   3    11   9    4    12   5    10   6    13   7    11   9    8    12   
13         0.0018953200174952618  3089.013071895457      17         1    2    3    4    5    6    17   7    8    9    10   11   12   13   14   17   15   16   
63         0.009185012392477038   3083.1633986928514     11         5    7    9    10   11   8    6    1    2    5    7    9    10   11   8    6    3    4    
12         0.0017495261699956262  3013.3921568627807     12         7    8    9    11   1    2    3    12   10   7    8    9    11   4    5    6    12   10   
34         0.0049569908149876074  3004.1372549019993     11         5    6    1    9    10   7    2    11   8    5    6    3    9    10   7    4    11   8    
3          4.3738154249890656E-4  2994.5359477124666     16         1    15   2    3    16   4    5    6    7    8    15   9    10   16   11   12   13   14   
2          2.91587694999271E-4    2980.1764705882697     16         1    2    15   16   3    4    5    6    7    8    9    15   16   10   11   12   13   14   
18         0.0026242892549934393  2968.3594771242206     12         7    1    2    11   12   9    8    3    10   7    4    5    11   12   9    8    6    10   
26         0.0037906400349905236  2955.993464052328      13         9    11   1    2    3    12   10   4    13   9    11   5    6    7    12   10   8    13   
16         0.002332701559994168   2922.228758169976      11         1    5    7    9    10   6    2    11   8    3    5    7    9    10   6    4    11   8    
10         0.0014579384749963552  2906.90849673207       13         9    1    2    12   3    4    10   13   11   9    5    6    12   7    8    10   13   11   
6          8.747630849978131E-4   2891.9281045752005     13         1    2    10   12   3    9    4    13   11   5    6    10   12   7    9    8    13   11   
19         0.002770083102493075   2891.026143790895      11         5    1    8    2    10   7    6    11   9    5    3    8    4    10   7    6    11   9    
44         0.006414929289983963   2879.7124183006895     11         5    1    8    10   2    7    6    11   9    5    3    8    10   4    7    6    11   9    
24         0.0034990523399912525  2833.457516339906      12         7    8    1    11   12   9    2    3    10   7    8    4    11   12   9    5    6    10   
25         0.003644846187490888   2813.6143790850115     12         7    9    1    11   2    3    8    12   10   7    9    4    11   5    6    8    12   10   
8          0.001166350779997084   2778.9019607843275     15         13   14   1    2    3    15   4    5    6    13   14   7    8    9    15   10   11   12   
5          7.289692374981776E-4   2773.4640522876116     14         1    12   2    3    4    13   11   14   5    6    12   7    8    9    13   11   14   10   
3          4.3738154249890656E-4  2767.169934640549      12         7    8    1    10   11   2    3    12   9    7    8    4    10   11   5    6    12   9    
17         0.0024784954074938037  2765.647058823561      11         5    1    8    9    10   7    6    11   2    5    3    8    9    10   7    6    11   4    
17         0.0024784954074938037  2751.705882352983      11         1    6    8    2    10   7    5    11   9    3    6    8    4    10   7    5    11   9    
9          0.0013121446274967196  2734.862745098071      13         1    10   11   13   2    3    9    4    12   5    10   11   13   6    7    9    8    12   
13         0.0018953200174952618  2719.928104575199      13         1    10   12   2    3    11   9    4    13   5    10   12   6    7    11   9    8    13   
5          7.289692374981776E-4   2715.9346405228985     15         13   1    2    3    4    5    14   6    15   13   7    8    9    10   11   14   12   15   
3          4.3738154249890656E-4  2714.764705882363      15         13   1    15   2    3    14   4    5    6    13   7    15   8    9    14   10   11   12   
45         0.006560723137483598   2705.8366013072246     12         7    9    1    11   2    10   8    12   3    7    9    4    11   5    10   8    12   6    
7          0.0010205569324974486  2702.9542483660443     12         7    1    2    10   11   9    8    12   3    7    4    5    10   11   9    8    12   6    
91         0.013267240122466831   2651.450980392182      10         1    4    6    8    9    5    3    10   7    2    4    6    8    9    5    3    10   7    
4          5.83175389998542E-4    2646.954248366036      14         11   1    2    13   3    4    5    14   12   11   6    7    13   8    9    10   14   12   
4          5.83175389998542E-4    2644.326797385652      13         1    10   2    11   12   3    9    13   4    5    10   6    11   12   7    9    13   8    
34         0.0049569908149876074  2560.470588235315      11         5    7    1    9    10   2    6    11   8    5    7    3    9    10   4    6    11   8    
14         0.002041113864994897   2520.464052287608      12         7    8    10   1    12   9    2    3    11   7    8    10   4    12   9    5    6    11   
4          5.83175389998542E-4    2516.9607843137464     14         1    2    3    13   14   12   11   4    5    6    7    8    13   14   12   11   9    10   
13         0.0018953200174952618  2506.228758169959      12         7    1    9    11   2    3    8    12   10   7    4    9    11   5    6    8    12   10   
88         0.012829858579967926   2496.4575163398904     10         3    5    6    8    9    1    4    10   7    3    5    6    8    9    2    4    10   7    
5          7.289692374981776E-4   2401.2418300653812     12         1    2    9    11   12   8    7    3    10   4    5    9    11   12   8    7    6    10   
4          5.83175389998542E-4    2398.836601307198      13         1    2    3    11   12   4    9    13   10   5    6    7    11   12   8    9    13   10   
16         0.002332701559994168   2393.3006535947966     12         7    8    10   11   1    9    2    12   3    7    8    10   11   4    9    5    12   6    
5          7.289692374981776E-4   2387.594771241836      17         1    2    3    4    5    6    7    8    17   9    10   11   12   13   14   15   16   17   
4          5.83175389998542E-4    2385.8366013072055     15         13   1    2    14   3    4    5    15   6    13   7    8    14   9    10   11   15   12   
7          0.0010205569324974486  2372.3986928104773     14         1    12   13   14   2    3    11   4    5    6    12   13   14   7    8    11   9    10   
20         0.0029158769499927103  2364.248366013095      12         7    9    10   12   1    2    8    3    11   7    9    10   12   4    5    8    6    11   
9          0.0013121446274967196  2357.797385620925      17         17   1    2    3    4    5    6    7    8    17   9    10   11   12   13   14   15   16   
27         0.003936433882490159   2344.784313725518      12         7    1    10   12   2    9    8    3    11   7    4    10   12   5    9    8    6    11   
12         0.0017495261699956262  2319.745098039237      12         7    8    1    11   2    9    3    12   10   7    8    4    11   5    9    6    12   10   
8          0.001166350779997084   2301.3594771241965     13         1    9    2    12   13   10   3    4    11   5    9    6    12   13   10   7    8    11   
13         0.0018953200174952618  2296.7254901961        12         1    8    10   11   2    9    7    12   3    4    8    10   11   5    9    7    12   6    
28         0.004082227729989794   2283.5490196078636     13         9    1    2    13   3    11   10   4    12   9    5    6    13   7    11   10   8    12   
3          4.3738154249890656E-4  2277.843137254913      13         9    10   11   12   1    2    3    13   4    9    10   11   12   5    6    7    13   8    
11         0.0016037323224959907  2253.9673202614526     13         9    11   1    2    13   12   10   3    4    9    11   5    6    13   12   10   7    8    
10         0.0014579384749963552  2240.1307189542686     13         9    1    2    3    13   11   10   4    12   9    5    6    7    13   11   10   8    12   
20         0.0029158769499927103  2227.7124183006576     11         5    6    7    9    10   1    2    11   8    5    6    7    9    10   3    4    11   8    
7          0.0010205569324974486  2208.2614379085126     12         7    1    2    10   11   8    3    12   9    7    4    5    10   11   8    6    12   9    
11         0.0016037323224959907  2203.411764705897      13         9    10   12   1    2    11   3    4    13   9    10   12   5    6    11   7    8    13   
5          7.289692374981776E-4   2199.7189542483816     12         7    1    9    11   12   2    8    3    10   7    4    9    11   12   5    8    6    10   
5          7.289692374981776E-4   2184.35947712419       15         1    2    3    15   4    5    13   6    14   7    8    9    15   10   11   13   12   14   
11         0.0016037323224959907  2180.326797385623      11         5    1    7    9    10   6    2    11   8    5    3    7    9    10   6    4    11   8    
37         0.005394372357486514   2175.431372549032      11         5    6    8    10   11   7    1    2    9    5    6    8    10   11   7    3    4    9    
10         0.0014579384749963552  2136.0915032679845     13         9    11   1    2    13   3    10   4    12   9    11   5    6    13   7    10   8    12   
1          1.457938474996355E-4   2130.8888888888982     14         11   1    2    13   14   3    12   4    5    11   6    7    13   14   8    12   9    10   
10         0.0014579384749963552  2124.287581699363      12         7    9    10   1    12   2    8    3    11   7    9    10   4    12   5    8    6    11   
1          1.457938474996355E-4   2120.869281045771      14         1    12   2    3    13   4    11   14   5    6    12   7    8    13   9    11   14   10   
40         0.005831753899985421   2116.2745098039345     12         7    9    1    2    3    10   8    12   11   7    9    4    5    6    10   8    12   11   
8          0.001166350779997084   2112.797385620917      11         1    6    7    9    10   2    5    11   8    3    6    7    9    10   4    5    11   8    
17         0.0024784954074938037  2071.2549019607945     13         9    1    2    3    4    11   10   13   12   9    5    6    7    8    11   10   13   12   
14         0.002041113864994897   2052.5620915032887     12         7    8    10   11   12   9    1    2    3    7    8    10   11   12   9    4    5    6    
6          8.747630849978131E-4   2033.7843137254922     11         5    1    7    9    10   2    6    11   8    5    3    7    9    10   4    6    11   8    
3          4.3738154249890656E-4  2029.7647058823677     14         11   1    13   2    3    4    12   5    14   11   6    13   7    8    9    12   10   14   
8          0.001166350779997084   2028.1241830065455     12         1    8    2    10   11   3    7    12   9    4    8    5    10   11   6    7    12   9    
11         0.0016037323224959907  2009.6993464052346     14         1    12   2    14   3    4    11   5    13   6    12   7    14   8    9    11   10   13   
3          4.3738154249890656E-4  2007.7189542483823     12         1    7    9    10   11   8    2    12   3    4    7    9    10   11   8    5    12   6    
32         0.004665403119988336   2004.8954248366194     13         9    11   1    13   2    12   10   3    4    9    11   5    13   6    12   10   7    8    
2          2.91587694999271E-4    1990.8954248365908     9          2    4    6    8    9    5    3    1    7    2    4    6    8    9    5    3    9    7    
2          2.91587694999271E-4    1971.6274509803702     9          3    5    7    1    9    6    4    9    8    3    5    7    2    9    6    4    9    8    
8          0.001166350779997084   1971.3398692810113     8          1    3    5    7    8    4    2    8    6    1    3    5    7    8    4    2    8    6    
5          7.289692374981776E-4   1960.2941176470715     16         1    15   2    16   3    4    5    6    7    8    15   9    16   10   11   12   13   14   
2          2.91587694999271E-4    1956.5816993464084     14         11   1    2    12   13   3    4    14   5    11   6    7    12   13   8    9    14   10   
6          8.747630849978131E-4   1954.522875817007      16         1    2    3    4    5    6    15   7    16   8    9    10   11   12   13   15   14   16   
70         0.010205569324974486   1951.1830065359604     11         5    7    9    1    2    8    6    11   10   5    7    9    3    4    8    6    11   10   
5          7.289692374981776E-4   1950.3398692810576     12         7    9    10   1    11   2    8    12   3    7    9    10   4    11   5    8    12   6    
4          5.83175389998542E-4    1946.1372549019754     12         1    7    9    2    11   8    3    12   10   4    7    9    5    11   8    6    12   10   
33         0.004811196967487972   1879.0261437908566     11         1    6    8    10   11   7    5    2    9    3    6    8    10   11   7    5    4    9    
5          7.289692374981776E-4   1841.1895424836573     13         9    1    2    11   12   10   3    13   4    9    5    6    11   12   10   7    13   8    
7          0.0010205569324974486  1835.9673202614306     13         9    10   1    11   12   2    3    13   4    9    10   5    11   12   6    7    13   8    
4          5.83175389998542E-4    1828.4575163398629     13         9    10   11   12   13   1    2    3    4    9    10   11   12   13   5    6    7    8    
10         0.0014579384749963552  1827.777777777786      13         9    1    12   13   2    11   10   3    4    9    5    12   13   6    11   10   7    8    
3          4.3738154249890656E-4  1825.7973856209255     14         11   1    13   2    3    12   4    14   5    11   6    13   7    8    12   9    14   10   
13         0.0018953200174952618  1817.464052287592      13         9    1    12   2    3    11   10   4    13   9    5    12   6    7    11   10   8    13   
11         0.0016037323224959907  1805.784313725497      13         9    11   1    12   2    3    10   13   4    9    11   5    12   6    7    10   13   8    
5          7.289692374981776E-4   1792.1045751633974     13         9    11   12   1    2    3    10   13   4    9    11   12   5    6    7    10   13   8    
8          0.001166350779997084   1788.176470588238      15         1    14   2    3    4    5    13   6    15   7    14   8    9    10   11   13   12   15   
9          0.0013121446274967196  1781.0326797385796     12         1    8    10   11   12   9    7    2    3    4    8    10   11   12   9    7    5    6    
29         0.00422802157748943    1774.8954248366101     12         7    1    2    11   3    9    8    12   10   7    4    5    11   6    9    8    12   10   
21         0.003061670797492346   1740.0915032679804     12         7    9    1    11   12   2    8    3    10   7    9    4    11   12   5    8    6    10   
4          5.83175389998542E-4    1737.4640522875936     16         1    2    3    4    16   15   5    6    7    8    9    10   11   16   15   12   13   14   
21         0.003061670797492346   1717.980392156874      14         11   13   1    2    3    14   12   4    5    11   13   6    7    8    14   12   9    10   
6          8.747630849978131E-4   1717.6928104575297     14         11   1    13   2    3    12   4    5    14   11   6    13   7    8    12   9    10   14   
19         0.002770083102493075   1693.0718954248518     12         7    8    1    2    11   9    3    12   10   7    8    4    5    11   9    6    12   10   
86         0.012538270884968655   1677.0130718954367     12         7    9    1    12   2    10   8    3    11   7    9    4    12   5    10   8    6    11   
4          5.83175389998542E-4    1670.764705882351      15         1    2    3    14   4    5    13   15   6    7    8    9    14   10   11   13   15   12   
35         0.005102784662487243   1588.5816993464186     12         7    9    1    11   12   10   8    2    3    7    9    4    11   12   10   8    5    6    
8          0.001166350779997084   1551.4379084967386     14         11   12   13   1    2    3    4    5    14   11   12   13   6    7    8    9    10   14   
10         0.0014579384749963552  1544.7516339869273     13         9    1    2    12   3    10   4    13   11   9    5    6    12   7    10   8    13   11   
4          5.83175389998542E-4    1535.1503267973885     14         1    2    3    4    5    12   11   14   13   6    7    8    9    10   12   11   14   13   
4          5.83175389998542E-4    1528.575163398698      14         1    12   2    3    14   4    11   5    13   6    12   7    8    14   9    11   10   13   
3          4.3738154249890656E-4  1526.1111111111118     15         1    2    3    14   4    13   5    15   6    7    8    9    14   10   13   11   15   12   
21         0.003061670797492346   1521.8562091503313     11         1    6    8    9    10   7    5    11   2    3    6    8    9    10   7    5    11   4    
4          5.83175389998542E-4    1521.7385620914995     15         13   1    2    15   3    4    14   5    6    13   7    8    15   9    10   14   11   12   
15         0.0021869077124945326  1498.5816993464027     11         5    7    8    1    10   2    6    11   9    5    7    8    3    10   4    6    11   9    
10         0.0014579384749963552  1488.339869281049      13         9    11   13   1    2    12   10   3    4    9    11   13   5    6    12   10   7    8    
16         0.002332701559994168   1477.2287581699427     12         1    7    9    11   2    8    3    12   10   4    7    9    11   5    8    6    12   10   
1          1.457938474996355E-4   1472.3790849673178     15         1    2    3    14   15   13   4    5    6    7    8    9    14   15   13   10   11   12   
8          0.001166350779997084   1455.529411764709      12         7    1    2    10   11   3    8    12   9    7    4    5    10   11   6    8    12   9    
5          7.289692374981776E-4   1449.9607843137328     16         1    2    3    4    5    15   6    16   7    8    9    10   11   12   15   13   16   14   
10         0.0014579384749963552  1448.6470588235359     14         1    11   2    14   3    12   4    5    13   6    11   7    14   8    12   9    10   13   
23         0.003353258492491617   1437.6928104575156     11         5    7    9    1    10   8    6    11   2    5    7    9    3    10   8    6    11   4    
6          8.747630849978131E-4   1412.6732026143811     12         7    9    1    2    11   3    8    12   10   7    9    4    5    11   6    8    12   10   
21         0.003061670797492346   1410.5032679738615     12         7    8    10   1    2    9    3    12   11   7    8    10   4    5    9    6    12   11   
9          0.0013121446274967196  1390.4967320261449     12         1    8    10   2    3    9    7    12   11   4    8    10   5    6    9    7    12   11   
7          0.0010205569324974486  1378.5686274509853     14         11   1    2    14   3    4    12   5    13   11   6    7    14   8    9    12   10   13   
7          0.0010205569324974486  1372.0784313725467     15         1    13   2    3    4    14   5    6    15   7    13   8    9    10   14   11   12   15   
2          2.91587694999271E-4    1371.3594771241792     13         9    10   11   1    2    3    4    13   12   9    10   11   5    6    7    8    13   12   
4          5.83175389998542E-4    1360.9477124183015     13         9    1    12   2    3    11   10   13   4    9    5    12   6    7    11   10   13   8    
2          2.91587694999271E-4    1359.143790849666      15         1    2    3    4    14   5    13   15   6    7    8    9    10   14   11   13   15   12   
21         0.003061670797492346   1358.3725490196068     13         9    11   1    13   2    3    10   4    12   9    11   5    13   6    7    10   8    12   
1          1.457938474996355E-4   1358.3660130718968     14         11   1    12   2    3    4    5    14   13   11   6    12   7    8    9    10   14   13   
7          0.0010205569324974486  1333.0392156862777     18         1    2    3    4    5    6    7    8    9    10   11   12   13   14   15   16   17   18   
4          5.83175389998542E-4    1330.0522875817012     14         11   1    14   2    3    13   12   4    5    11   6    14   7    8    13   12   9    10   
5          7.289692374981776E-4   1326.1045751633987     15         13   1    2    3    4    15   14   5    6    13   7    8    9    10   15   14   11   12   
5          7.289692374981776E-4   1323.366013071897      13         9    11   1    2    3    12   10   13   4    9    11   5    6    7    12   10   13   8    
8          0.001166350779997084   1318.2483660130745     15         1    14   2    3    4    15   13   5    6    7    14   8    9    10   15   13   11   12   
6          8.747630849978131E-4   1306.5620915032719     12         7    8    9    11   12   1    2    3    10   7    8    9    11   12   4    5    6    10   
3          4.3738154249890656E-4  1302.758169934637      13         1    9    11   12   13   10   2    3    4    5    9    11   12   13   10   6    7    8    
4          5.83175389998542E-4    1299.816993464057      14         1    12   2    3    14   13   11   4    5    6    12   7    8    14   13   11   9    10   
14         0.002041113864994897   1296.9281045751688     12         1    8    2    10   11   9    7    12   3    4    8    5    10   11   9    7    12   6    
27         0.003936433882490159   1284.5424836601294     13         9    10   1    13   2    11   3    4    12   9    10   5    13   6    11   7    8    12   
1          1.457938474996355E-4   1254.745098039217      12         1    2    9    3    11   8    7    12   10   4    5    9    6    11   8    7    12   10   
13         0.0018953200174952618  1254.6013071895402     11         5    6    8    1    10   7    2    11   9    5    6    8    3    10   7    4    11   9    
6          8.747630849978131E-4   1244.0065359477178     14         1    11   13   14   2    12   3    4    5    6    11   13   14   7    12   8    9    10   
32         0.004665403119988336   1239.352941176473      12         1    8    10   12   2    9    7    3    11   4    8    10   12   5    9    7    6    11   
5          7.289692374981776E-4   1204.7908496732048     14         11   12   13   14   1    2    3    4    5    11   12   13   14   6    7    8    9    10   
20         0.0029158769499927103  1199.679738562091      11         5    7    8    9    10   1    6    11   2    5    7    8    9    10   3    6    11   4    
14         0.002041113864994897   1182.2287581699327     13         1    9    11   13   2    10   3    4    12   5    9    11   13   6    10   7    8    12   
18         0.0026242892549934393  1168.3398692810465     12         1    2    9    11   3    8    7    12   10   4    5    9    11   6    8    7    12   10   
10         0.0014579384749963552  1150.2222222222226     12         7    8    1    10   11   9    2    12   3    7    8    4    10   11   9    5    12   6    
7          0.0010205569324974486  1140.372549019607      13         9    11   12   13   1    2    10   3    4    9    11   12   13   5    6    10   7    8    
4          5.83175389998542E-4    1132.588235294114      15         1    2    3    4    15   14   13   5    6    7    8    9    10   15   14   13   11   12   
12         0.0017495261699956262  1130.6013071895393     15         1    13   2    15   3    14   4    5    6    7    13   8    15   9    14   10   11   12   
8          0.001166350779997084   1119.2287581699352     14         1    12   14   2    3    13   11   4    5    6    12   14   7    8    13   11   9    10   
10         0.0014579384749963552  1110.7581699346408     13         9    11   1    2    3    4    10   13   12   9    11   5    6    7    8    10   13   12   
4          5.83175389998542E-4    1100.0000000000002     14         11   12   1    2    14   13   3    4    5    11   12   6    7    14   13   8    9    10   
14         0.002041113864994897   1094.6732026143795     12         7    9    1    10   11   2    8    12   3    7    9    4    10   11   5    8    12   6    
1          1.457938474996355E-4   1094.5882352941182     14         11   1    12   14   2    3    4    5    13   11   6    12   14   7    8    9    10   13   
3          4.3738154249890656E-4  1080.7973856209112     17         1    17   2    3    4    5    6    7    8    9    17   10   11   12   13   14   15   16   
7          0.0010205569324974486  1077.6535947712366     13         1    9    2    11   12   10   3    13   4    5    9    6    11   12   10   7    13   8    
1          1.457938474996355E-4   1077.0522875816987     14         1    12   13   2    14   3    11   4    5    6    12   13   7    14   8    11   9    10   
2          2.91587694999271E-4    1072.3006535947713     14         11   12   1    2    3    13   4    14   5    11   12   6    7    8    13   9    14   10   
6          8.747630849978131E-4   1070.3267973856211     14         1    11   2    3    4    12   5    14   13   6    11   7    8    9    12   10   14   13   
3          4.3738154249890656E-4  1062.0392156862724     14         1    2    3    13   14   11   4    5    12   6    7    8    13   14   11   9    10   12   
2          2.91587694999271E-4    1059.660130718952      15         1    13   2    3    4    5    6    15   14   7    13   8    9    10   11   12   15   14   
11         0.0016037323224959907  1058.7254901960762     14         11   13   1    2    3    4    12   5    14   11   13   6    7    8    9    12   10   14   
4          5.83175389998542E-4    1045.8431372549        12         7    8    9    1    11   2    3    12   10   7    8    9    4    11   5    6    12   10   
13         0.0018953200174952618  1044.0784313725471     12         7    9    10   1    2    3    8    12   11   7    9    10   4    5    6    8    12   11   
3          4.3738154249890656E-4  1029.921568627448      13         9    1    10   12   2    3    4    13   11   9    5    10   12   6    7    8    13   11   
3          4.3738154249890656E-4  1028.6078431372503     13         9    1    11   2    3    10   4    13   12   9    5    11   6    7    10   8    13   12   
3          4.3738154249890656E-4  1026.65359477124       13         1    2    11   12   3    10   9    13   4    5    6    11   12   7    10   9    13   8    
3          4.3738154249890656E-4  1022.2810457516304     13         1    2    3    4    12   10   9    13   11   5    6    7    8    12   10   9    13   11   
9          0.0013121446274967196  1019.5228758169945     12         1    7    2    10   11   8    3    12   9    4    7    5    10   11   8    6    12   9    
15         0.0021869077124945326  1011.0588235294122     12         7    9    10   11   1    2    8    12   3    7    9    10   11   4    5    8    12   6    
2          2.91587694999271E-4    995.2026143790816      13         9    10   1    2    13   11   3    4    12   9    10   5    6    13   11   7    8    12   
1          1.457938474996355E-4   994.1111111111105      14         1    11   12   13   14   2    3    4    5    6    11   12   13   14   7    8    9    10   
3          4.3738154249890656E-4  993.3202614379082      14         1    2    3    4    14   12   11   5    13   6    7    8    9    14   12   11   10   13   
3          4.3738154249890656E-4  990.9150326797348      13         9    1    11   12   2    10   3    13   4    9    5    11   12   6    10   7    13   8    
4          5.83175389998542E-4    987.8888888888846      17         1    2    3    4    5    17   6    7    8    9    10   11   12   13   17   14   15   16   
6          8.747630849978131E-4   984.0065359477112      16         15   1    2    3    4    16   5    6    7    15   8    9    10   11   16   12   13   14   
33         0.004811196967487972   979.7058823529389      12         1    8    2    11   3    9    7    12   10   4    8    5    11   6    9    7    12   10   
14         0.002041113864994897   946.7058823529395      12         7    1    10   2    3    9    8    12   11   7    4    10   5    6    9    8    12   11   
7          0.0010205569324974486  930.2549019607831      14         1    2    13   14   3    12   11   4    5    6    7    13   14   8    12   11   9    10   
3          4.3738154249890656E-4  930.0784313725486      14         1    2    3    4    13   5    11   14   12   6    7    8    9    13   10   11   14   12   
10         0.0014579384749963552  923.078431372546       13         9    10   1    2    3    11   4    13   12   9    10   5    6    7    11   8    13   12   
4          5.83175389998542E-4    912.0588235294086      13         1    10   2    3    13   11   9    4    12   5    10   6    7    13   11   9    8    12   
1          1.457938474996355E-4   912.0130718954247      14         11   12   13   1    2    3    4    14   5    11   12   13   6    7    8    9    14   10   
3          4.3738154249890656E-4  907.6405228758149      13         1    10   11   12   2    3    9    13   4    5    10   11   12   6    7    9    13   8    
9          0.0013121446274967196  905.6732026143764      13         1    2    11   13   3    10   9    4    12   5    6    11   13   7    10   9    8    12   
4          5.83175389998542E-4    897.3398692810443      14         11   12   14   1    2    13   3    4    5    11   12   14   6    7    13   8    9    10   
15         0.0021869077124945326  892.5032679738549      11         5    6    8    9    10   7    1    11   2    5    6    8    9    10   7    3    11   4    
1          1.457938474996355E-4   876.1960784313693      15         13   1    14   2    15   3    4    5    6    13   7    14   8    15   9    10   11   12   
3          4.3738154249890656E-4  875.7320261437916      14         11   12   1    13   14   2    3    4    5    11   12   6    13   14   7    8    9    10   
4          5.83175389998542E-4    873.5947712418291      12         7    8    10   1    11   9    2    12   3    7    8    10   4    11   9    5    12   6    
7          0.0010205569324974486  870.5163398692799      15         13   1    2    15   3    14   4    5    6    13   7    8    15   9    14   10   11   12   
2          2.91587694999271E-4    861.790849673202       16         15   16   1    2    3    4    5    6    7    15   16   8    9    10   11   12   13   14   
1          1.457938474996355E-4   861.5686274509768      13         9    10   1    2    12   3    4    13   11   9    10   5    6    12   7    8    13   11   
8          0.001166350779997084   860.4640522875784      13         9    1    11   13   2    10   3    4    12   9    5    11   13   6    10   7    8    12   
8          0.001166350779997084   852.627450980391       12         7    1    10   11   12   9    8    2    3    7    4    10   11   12   9    8    5    6    
2          2.91587694999271E-4    843.6862745098027      16         1    2    3    16   4    5    6    7    15   8    9    10   16   11   12   13   14   15   
5          7.289692374981776E-4   842.9084967320233      15         13   1    2    3    4    14   5    6    15   13   7    8    9    10   14   11   12   15   
13         0.0018953200174952618  839.0849673202605      13         1    10   2    3    4    11   9    13   12   5    10   6    7    8    11   9    13   12   
9          0.0013121446274967196  825.5686274509789      14         11   13   1    14   2    3    12   4    5    11   13   6    14   7    8    12   9    10   
1          1.457938474996355E-4   816.3594771241808      13         1    10   11   2    3    4    9    13   12   5    10   11   6    7    8    9    13   12   
8          0.001166350779997084   815.993464052285       14         11   12   1    2    3    13   4    5    14   11   12   6    7    8    13   9    10   14   
5          7.289692374981776E-4   807.745098039214       14         1    12   2    13   3    4    11   14   5    6    12   7    13   8    9    11   14   10   
4          5.83175389998542E-4    802.6928104575154      14         1    2    3    13   4    11   5    14   12   6    7    8    13   9    11   10   14   12   
3          4.3738154249890656E-4  798.6013071895408      13         1    2    10   12   13   9    3    4    11   5    6    10   12   13   9    7    8    11   
2          2.91587694999271E-4    795.6470588235288      12         7    1    9    10   11   8    2    12   3    7    4    9    10   11   8    5    12   6    
3          4.3738154249890656E-4  793.14379084967        13         9    1    2    12   13   3    10   4    11   9    5    6    12   13   7    10   8    11   
8          0.001166350779997084   791.3202614379071      13         9    11   12   1    2    3    10   4    13   9    11   12   5    6    7    10   8    13   
5          7.289692374981776E-4   784.0392156862721      15         1    2    3    4    5    14   13   6    15   7    8    9    10   11   14   13   12   15   
17         0.0024784954074938037  779.3986928104576      12         7    9    11   1    12   10   8    2    3    7    9    11   4    12   10   8    5    6    
5          7.289692374981776E-4   760.8823529411738      13         9    10   1    12   13   2    3    4    11   9    10   5    12   13   6    7    8    11   
8          0.001166350779997084   757.111111111109       15         1    2    3    15   4    14   13   5    6    7    8    9    15   10   14   13   11   12   
1          1.457938474996355E-4   756.5163398692799      16         1    2    3    4    16   5    15   6    7    8    9    10   11   16   12   15   13   14   
1          1.457938474996355E-4   747.9738562091494      15         1    14   2    3    15   4    13   5    6    7    14   8    9    15   10   13   11   12   
1          1.457938474996355E-4   746.9281045751623      16         1    2    3    15   4    5    6    16   7    8    9    10   15   11   12   13   16   14   
6          8.747630849978131E-4   746.4379084967301      14         11   1    2    14   3    12   4    5    13   11   6    7    14   8    12   9    10   13   
2          2.91587694999271E-4    740.0718954248354      14         11   12   1    2    3    4    5    14   13   11   12   6    7    8    9    10   14   13   
26         0.0037906400349905236  739.8366013071877      12         7    9    11   1    2    10   8    12   3    7    9    11   4    5    10   8    12   6    
3          4.3738154249890656E-4  713.0915032679729      12         1    8    9    2    11   3    7    12   10   4    8    9    5    11   6    7    12   10   
7          0.0010205569324974486  710.3464052287562      13         9    1    2    12   13   10   3    4    11   9    5    6    12   13   10   7    8    11   
11         0.0016037323224959907  704.0522875816979      13         9    10   12   13   1    11   2    3    4    9    10   12   13   5    11   6    7    8    
15         0.0021869077124945326  693.2549019607824      12         1    8    9    11   2    3    7    12   10   4    8    9    11   5    6    7    12   10   
2          2.91587694999271E-4    662.2418300653595      9          3    4    6    8    1    5    3    9    7    3    4    6    8    2    5    3    9    7    
1          1.457938474996355E-4   661.6601307189516      14         11   1    2    13   3    12   4    14   5    6    7    8    13   9    12   11   14   10   
7          0.0010205569324974486  660.0588235294117      8          1    2    4    6    7    3    1    8    5    1    2    4    6    7    3    1    8    5    
1          1.457938474996355E-4   656.3333333333312      11         1    2    8    9    10   7    6    11   3    6    4    8    9    10   7    6    11   5    
1          1.457938474996355E-4   656.2222222222222      13         1    2    11   3    12   10   9    13   4    5    6    11   7    12   10   9    13   8    
1          1.457938474996355E-4   654.6209150326789      15         1    2    13   14   3    4    5    15   6    7    8    13   14   9    10   11   15   12   
5          7.289692374981776E-4   653.9084967320238      14         11   1    2    3    4    12   5    14   13   11   6    7    8    9    12   10   14   13   
5          7.289692374981776E-4   653.2614379084953      9          3    4    1    7    8    5    3    9    6    3    4    2    7    8    5    3    9    6    
2          2.91587694999271E-4    651.4771241830031      11         1    7    2    10   11   8    6    3    9    6    7    4    10   11   8    6    5    9    
3          4.3738154249890656E-4  649.4117647058818      15         1    2    14   3    15   13   4    5    6    7    8    14   9    15   13   10   11   12   
4          5.83175389998542E-4    646.3986928104556      14         1    11   13   2    3    12   4    5    14   6    11   13   7    8    12   9    10   14   
2          2.91587694999271E-4    646.3267973856213      9          3    4    6    8    9    5    3    1    7    3    4    6    8    9    5    3    2    7    
2          2.91587694999271E-4    644.2745098039223      9          3    1    5    7    8    4    3    9    6    3    2    5    7    8    4    3    9    6    
4          5.83175389998542E-4    642.3464052287575      17         1    2    3    17   4    5    6    7    8    9    10   11   17   12   13   14   15   16   
1          1.457938474996355E-4   640.9803921568617      11         7    8    10   11   1    9    7    2    3    7    8    10   11   4    9    7    5    6    
1          1.457938474996355E-4   640.0588235294114      11         7    8    10   1    2    9    7    11   3    7    8    10   4    5    9    7    11   6    
5          7.289692374981776E-4   638.1633986928094      13         9    10   12   1    13   11   2    3    4    9    10   12   5    13   11   6    7    8    
3          4.3738154249890656E-4  633.3464052287582      13         9    10   12   1    2    11   3    13   4    9    10   12   5    6    11   7    13   8    
3          4.3738154249890656E-4  630.5816993464036      14         11   1    2    13   3    12   4    14   5    11   6    7    13   8    12   9    14   10   
3          4.3738154249890656E-4  627.5751633986929      13         1    10   2    12   13   3    9    4    11   5    10   6    12   13   7    9    8    11   
2          2.91587694999271E-4    624.5098039215679      15         1    13   14   15   2    3    4    5    6    7    13   14   15   8    9    10   11   12   
2          2.91587694999271E-4    622.5359477124167      14         11   1    13   2    3    4    12   14   5    11   6    13   7    8    9    12   14   10   
1          1.457938474996355E-4   621.4901960784294      14         1    2    13   3    4    12   11   14   5    6    7    13   8    9    12   11   14   10   
1          1.457938474996355E-4   619.7450980392136      16         1    2    3    4    15   5    6    16   7    8    9    10   11   15   12   13   16   14   
4          5.83175389998542E-4    618.4052287581682      16         15   1    2    3    16   4    5    6    7    15   8    9    10   16   11   12   13   14   
8          0.001166350779997084   615.5947712418296      13         1    10   2    12   13   11   9    3    4    5    10   6    12   13   11   9    7    8    
4          5.83175389998542E-4    606.9411764705862      12         1    2    8    10   11   3    7    12   9    4    5    8    10   11   6    7    12   9    
6          8.747630849978131E-4   603.5424836601305      15         1    14   2    15   3    4    13   5    6    7    14   8    15   9    10   13   11   12   
4          5.83175389998542E-4    597.1111111111092      12         1    8    9    10   11   2    7    12   3    4    8    9    10   11   5    7    12   6    
1          1.457938474996355E-4   593.4248366013061      13         1    2    10   3    12   4    9    13   11   5    6    10   7    12   8    9    13   11   
5          7.289692374981776E-4   592.9150326797367      14         1    11   2    3    14   12   4    5    13   6    11   7    8    14   12   9    10   13   
9          0.0013121446274967196  587.5228758169923      13         9    10   1    12   13   11   2    3    4    9    10   5    12   13   11   6    7    8    
3          4.3738154249890656E-4  578.2679738562069      14         11   12   1    2    14   3    4    5    13   11   12   6    7    14   8    9    10   13   
5          7.289692374981776E-4   576.0849673202619      15         1    2    15   3    4    14   13   5    6    7    8    15   9    10   14   13   11   12   
1          1.457938474996355E-4   575.5424836601304      13         9    11   12   1    13   2    10   3    4    9    11   12   5    13   6    10   7    8    
9          0.0013121446274967196  569.8039215686257      12         1    8    9    11   12   2    7    3    10   4    8    9    11   12   5    7    6    10   
5          7.289692374981776E-4   561.2810457516341      15         13   1    2    3    15   4    14   5    6    13   7    8    9    15   10   14   11   12   
4          5.83175389998542E-4    556.385620915031       16         15   1    2    16   3    4    5    6    7    15   8    9    16   10   11   12   13   14   
3          4.3738154249890656E-4  552.6470588235283      14         1    11   2    13   14   12   3    4    5    6    11   7    13   14   12   8    9    10   
1          1.457938474996355E-4   550.2614379084955      14         1    2    13   3    14   12   11   4    5    6    7    13   8    14   12   11   9    10   
2          2.91587694999271E-4    549.4444444444426      14         1    2    12   3    4    5    11   14   13   6    7    12   8    9    10   11   14   13   
3          4.3738154249890656E-4  547.0653594771235      13         9    1    11   2    12   10   3    13   4    9    5    11   6    12   10   7    13   8    
1          1.457938474996355E-4   544.6797385620918      15         1    2    14   3    4    13   5    6    15   7    8    14   9    10   13   11   12   15   
2          2.91587694999271E-4    543.4967320261441      15         1    14   2    3    4    5    13   15   6    7    14   8    9    10   11   13   15   12   
6          8.747630849978131E-4   541.6143790849661      12         1    8    2    3    11   9    7    12   10   4    8    5    6    11   9    7    12   10   
9          0.0013121446274967196  535.3398692810443      12         7    1    10   2    12   9    8    3    11   7    4    10   5    12   9    8    6    11   
2          2.91587694999271E-4    526.7973856209139      16         1    16   2    3    4    5    15   6    7    8    16   9    10   11   12   15   13   14   
3          4.3738154249890656E-4  525.4313725490201      15         1    13   2    3    4    14   5    15   6    7    13   8    9    10   14   11   15   12   
10         0.0014579384749963552  521.2418300653591      13         9    10   11   13   1    2    3    4    12   9    10   11   13   5    6    7    8    12   
7          0.0010205569324974486  511.5686274509788      12         7    1    9    11   12   8    2    3    10   7    4    9    11   12   8    5    6    10   
3          4.3738154249890656E-4  506.22222222222223     13         1    2    11   3    4    10   9    13   12   5    6    11   7    8    10   9    13   12   
1          1.457938474996355E-4   501.78431372549016     15         1    13   2    14   15   3    4    5    6    7    13   8    14   15   9    10   11   12   
2          2.91587694999271E-4    501.398692810457       15         13   1    14   2    3    4    5    15   6    13   7    14   8    9    10   11   15   12   
4          5.83175389998542E-4    499.68627450980347     13         1    2    10   12   3    4    9    13   11   5    6    10   12   7    8    9    13   11   
8          0.001166350779997084   496.45751633986947     13         1    10   2    12   3    11   9    13   4    5    10   6    12   7    11   9    13   8    
2          2.91587694999271E-4    488.3464052287569      14         1    11   13   2    3    12   4    14   5    6    11   13   7    8    12   9    14   10   
5          7.289692374981776E-4   486.22875816993314     12         1    2    3    10   11   8    7    12   9    4    5    6    10   11   8    7    12   9    
3          4.3738154249890656E-4  480.2483660130701      12         7    1    8    10   11   2    3    12   9    7    4    8    10   11   5    6    12   9    
4          5.83175389998542E-4    478.49673202614366     13         1    9    11   2    3    10   4    13   12   5    9    11   6    7    10   8    13   12   
3          4.3738154249890656E-4  473.37908496731876     12         7    9    10   11   12   1    8    2    3    7    9    10   11   12   4    8    5    6    
11         0.0016037323224959907  471.5163398692811      13         9    10   1    12   2    11   3    13   4    9    10   5    12   6    11   7    13   8    
4          5.83175389998542E-4    460.9542483660117      16         1    2    3    16   4    5    15   6    7    8    9    10   16   11   12   15   13   14   
3          4.3738154249890656E-4  457.3660130718954      13         1    2    3    12   4    10   9    13   11   5    6    7    12   8    10   9    13   11   
3          4.3738154249890656E-4  453.60784313725486     15         1    2    13   15   3    4    5    6    14   7    8    13   15   9    10   11   12   14   
5          7.289692374981776E-4   451.1045751633984      13         9    1    12   2    13   11   10   3    4    9    5    12   6    13   11   10   7    8    
3          4.3738154249890656E-4  446.36601307189403     12         7    1    2    3    11   9    8    12   10   7    4    5    6    11   9    8    12   10   
14         0.002041113864994897   443.7450980392148      14         1    12   2    3    4    13   11   5    14   6    12   7    8    9    13   11   10   14   
6          8.747630849978131E-4   429.6797385620904      14         11   13   1    2    3    4    12   14   5    11   13   6    7    8    9    12   14   10   
5          7.289692374981776E-4   423.0718954248362      13         9    10   11   1    13   2    3    4    12   9    10   11   5    13   6    7    8    12   
5          7.289692374981776E-4   418.8039215686262      14         11   1    2    3    14   12   4    5    13   11   6    7    8    14   12   9    10   13   
6          8.747630849978131E-4   413.3986928104563      14         1    11   2    13   14   3    4    5    12   6    11   7    13   14   8    9    10   12   
11         0.0016037323224959907  408.01307189542393     12         1    8    10   2    12   9    7    3    11   4    8    10   5    12   9    7    6    11   
6          8.747630849978131E-4   397.61437908496623     14         11   1    2    3    14   13   12   4    5    11   6    7    8    14   13   12   9    10   
2          2.91587694999271E-4    391.692810457516       17         1    2    3    4    17   5    6    7    8    9    10   11   12   17   13   14   15   16   
2          2.91587694999271E-4    389.9281045751624      12         1    2    8    10   11   7    3    12   9    4    5    8    10   11   7    6    12   9    
8          0.001166350779997084   388.4379084967317      13         1    10   12   2    3    11   9    13   4    5    10   12   6    7    11   9    13   8    
7          0.0010205569324974486  380.16339869280995     11         1    2    7    9    10   6    5    11   8    3    4    7    9    10   6    5    11   8    
6          8.747630849978131E-4   373.83660130718886     16         1    2    3    4    5    16   15   6    7    8    9    10   11   12   16   15   13   14   
4          5.83175389998542E-4    366.7450980392155      13         1    9    10   12   13   2    3    4    11   5    9    10   12   13   6    7    8    11   
1          1.457938474996355E-4   364.0392156862741      15         1    2    3    14   4    5    6    15   13   7    8    9    14   10   11   12   15   13   
7          0.0010205569324974486  363.0522875816987      16         1    2    3    16   4    15   5    6    7    8    9    10   16   11   15   12   13   14   
5          7.289692374981776E-4   355.2679738562084      14         1    12   2    13   14   3    11   4    5    6    12   7    13   14   8    11   9    10   
18         0.0026242892549934393  351.5098039215683      12         7    1    10   11   2    9    8    12   3    7    4    10   11   5    9    8    12   6    
3          4.3738154249890656E-4  333.5490196078425      15         1    2    14   3    4    5    13   6    15   7    8    14   9    10   11   13   12   15   
10         0.0014579384749963552  330.45098039215634     14         1    2    3    14   4    12   11   5    13   6    7    8    14   9    12   11   10   13   
4          5.83175389998542E-4    320.960784313725       12         7    1    10   2    11   9    8    12   3    7    4    10   5    11   9    8    12   6    
3          4.3738154249890656E-4  317.1111111111104      15         13   1    14   2    3    4    5    6    15   13   7    14   8    9    10   11   12   15   
2          2.91587694999271E-4    313.86274509803894     14         1    2    12   3    14   11   4    5    13   6    7    12   8    14   11   9    10   13   
3          4.3738154249890656E-4  312.8823529411758      16         1    15   2    3    4    5    6    16   7    8    15   9    10   11   12   13   16   14   
1          1.457938474996355E-4   309.2941176470582      16         1    2    15   3    4    5    6    7    16   8    9    15   10   11   12   13   14   16   
1          1.457938474996355E-4   308.22875816993417     13         1    2    9    11   12   3    4    13   10   5    6    9    11   12   7    8    13   10   
4          5.83175389998542E-4    307.4771241830061      13         1    9    2    3    12   10   4    13   11   5    9    6    7    12   10   8    13   11   
1          1.457938474996355E-4   303.75816993463985     14         11   12   1    2    13   3    4    14   5    11   12   6    7    13   8    9    14   10   
4          5.83175389998542E-4    302.33986928104537     14         11   13   14   1    2    3    12   4    5    11   13   14   6    7    8    12   9    10   
8          0.001166350779997084   297.6666666666664      12         7    1    9    2    11   8    3    12   10   7    4    9    5    11   8    6    12   10   
1          1.457938474996355E-4   295.0588235294118      11         6    7    1    10   2    8    3    11   9    6    7    4    10   5    8    6    11   9    
8          0.001166350779997084   289.8104575163397      12         7    1    9    11   2    8    3    12   10   7    4    9    11   5    8    6    12   10   
5          7.289692374981776E-4   282.1045751633983      15         1    13   15   2    3    14   4    5    6    7    13   15   8    9    14   10   11   12   
3          4.3738154249890656E-4  277.1830065359472      16         1    2    16   3    4    15   5    6    7    8    9    16   10   11   15   12   13   14   
3          4.3738154249890656E-4  274.76470588235253     15         1    2    3    4    5    6    13   15   14   7    8    9    10   11   12   13   15   14   
4          5.83175389998542E-4    271.3333333333329      14         1    12   2    14   3    13   11   4    5    6    12   7    14   8    13   11   9    10   
1          1.457938474996355E-4   267.5555555555552      13         9    1    10   2    12   3    4    13   11   9    5    10   6    12   7    8    13   11   
4          5.83175389998542E-4    266.67320261437885     13         9    1    11   12   2    3    10   13   4    9    5    11   12   6    7    10   13   8    
5          7.289692374981776E-4   262.98692810457476     13         9    11   1    2    12   3    10   13   4    9    11   5    6    12   7    10   13   8    
4          5.83175389998542E-4    257.2810457516336      12         1    7    9    11   12   8    2    3    10   4    7    9    11   12   8    5    6    10   
3          4.3738154249890656E-4  253.72549019607825     15         1    2    14   15   3    13   4    5    6    7    8    14   15   9    13   10   11   12   
2          2.91587694999271E-4    251.10457516339844     15         13   14   1    15   2    3    4    5    6    13   14   7    15   8    9    10   11   12   
9          0.0013121446274967196  249.26143790849662     13         1    10   2    12   3    4    9    13   11   5    10   6    12   7    8    9    13   11   
2          2.91587694999271E-4    240.3921568627448      13         9    1    11   2    3    4    10   13   12   9    5    11   6    7    8    10   13   12   
3          4.3738154249890656E-4  238.64052287581674     14         11   1    2    3    4    5    12   14   13   11   6    7    8    9    10   12   14   13   
1          1.457938474996355E-4   235.47058823529366     14         11   1    2    13   14   12   3    4    5    11   6    7    13   14   12   8    9    10   
1          1.457938474996355E-4   234.64052287581652     16         1    2    3    4    16   5    6    7    15   8    9    10   11   16   12   13   14   15   
5          7.289692374981776E-4   233.73202614379048     16         1    15   2    3    4    16   5    6    7    8    15   9    10   11   16   12   13   14   
4          5.83175389998542E-4    228.94117647058798     14         11   12   1    13   2    3    4    14   5    11   12   6    13   7    8    9    14   10   
4          5.83175389998542E-4    224.94117647058795     15         13   1    2    3    15   14   4    5    6    13   7    8    9    15   14   10   11   12   
1          1.457938474996355E-4   220.60130718954233     13         1    2    10   12   13   3    9    4    11   5    6    10   12   13   7    9    8    11   
3          4.3738154249890656E-4  219.97385620914997     12         1    8    10   2    11   9    7    12   3    4    8    10   5    11   9    7    12   6    
2          2.91587694999271E-4    216.71241830065347     14         1    2    12   14   3    11   4    5    13   6    7    12   14   8    11   9    10   13   
1          1.457938474996355E-4   215.1830065359475      16         15   1    16   2    3    4    5    6    7    15   8    16   9    10   11   12   13   14   
2          2.91587694999271E-4    214.0261437908495      14         11   12   13   1    14   2    3    4    5    11   12   13   6    14   7    8    9    10   
4          5.83175389998542E-4    212.33986928104537     14         1    12   13   2    3    4    11   14   5    6    12   13   7    8    9    11   14   10   
7          0.0010205569324974486  208.4183006535945      16         15   1    2    3    4    5    16   6    7    15   8    9    10   11   12   16   13   14   
4          5.83175389998542E-4    201.61437908496708     14         1    11   12   2    3    4    5    14   13   6    11   12   7    8    9    10   14   13   
3          4.3738154249890656E-4  197.6013071895425      14         11   1    2    13   14   3    4    5    12   11   6    7    13   14   8    9    10   12   
4          5.83175389998542E-4    194.83660130718926     14         1    2    3    13   4    5    11   14   12   6    7    8    13   9    10   11   14   12   
2          2.91587694999271E-4    190.50326797385603     13         1    10   11   12   13   2    9    3    4    5    10   11   12   13   6    9    7    8    
4          5.83175389998542E-4    188.9150326797384      12         7    8    9    10   11   1    2    12   3    7    8    9    10   11   4    5    12   6    
6          8.747630849978131E-4   185.1764705882352      14         1    11   2    13   3    12   4    14   5    6    11   7    13   8    12   9    14   10   
2          2.91587694999271E-4    178.96078431372527     13         9    1    10   12   13   2    3    4    11   9    5    10   12   13   6    7    8    11   
1          1.457938474996355E-4   177.47712418300628     14         11   1    12   2    13   3    4    14   5    11   6    12   7    13   8    9    14   10   
4          5.83175389998542E-4    176.4117647058821      15         1    2    13   3    4    5    6    15   14   7    8    13   9    10   11   12   15   14   
2          2.91587694999271E-4    172.72549019607808     15         13   1    2    3    4    14   5    15   6    13   7    8    9    10   14   11   15   12   
1          1.457938474996355E-4   168.66013071895392     13         1    2    3    11   12   9    4    13   10   5    6    7    11   12   9    8    13   10   
1          1.457938474996355E-4   168.09803921568633     10         4    6    8    9    1    7    5    10   8    4    6    2    9    3    7    5    10   8    
3          4.3738154249890656E-4  167.64705882352916     15         1    13   2    3    15   14   4    5    6    7    13   8    9    15   14   10   11   12   
1          1.457938474996355E-4   167.30718954248363     10         4    1    7    8    9    6    5    10   7    4    2    3    8    9    6    5    10   7    
1          1.457938474996355E-4   164.81699346405205     13         9    1    11   2    12   3    10   13   4    9    5    11   6    12   7    10   13   8    
1          1.457938474996355E-4   163.60130718954235     16         1    2    16   3    4    5    15   6    7    8    9    16   10   11   12   15   13   14   
1          1.457938474996355E-4   162.62745098039193     17         1    2    17   3    4    5    6    7    8    9    10   17   11   12   13   14   15   16   
1          1.457938474996355E-4   161.58169934640506     12         1    7    8    10   11   2    3    12   9    4    7    8    10   11   5    6    12   9    
6          8.747630849978131E-4   160.86928104575145     14         11   1    2    13   3    4    12   14   5    11   6    7    13   8    9    12   14   10   
3          4.3738154249890656E-4  154.88235294117635     14         1    2    12   13   3    11   4    14   5    6    7    12   13   8    11   9    14   10   
2          2.91587694999271E-4    151.92810457516327     13         1    10   11   2    13   3    9    4    12   5    10   11   6    13   7    9    8    12   
2          2.91587694999271E-4    149.84967320261427     15         1    14   15   2    3    4    13   5    6    7    14   15   8    9    10   13   11   12   
1          1.457938474996355E-4   148.28104575163383     15         13   1    2    3    15   4    5    6    14   13   7    8    9    15   10   11   12   14   
1          1.457938474996355E-4   146.8496732026142      15         13   1    14   15   2    3    4    5    6    13   7    14   15   8    9    10   11   12   
2          2.91587694999271E-4    146.01960784313707     15         13   1    2    15   3    4    5    6    14   13   7    8    15   9    10   11   12   14   
4          5.83175389998542E-4    144.16993464052274     14         1    11   2    13   3    4    5    14   12   6    11   7    13   8    9    10   14   12   
1          1.457938474996355E-4   139.39215686274497     11         1    6    8    10   11   7    5    2    9    5    6    8    10   11   7    3    4    9    
1          1.457938474996355E-4   138.02614379084946     12         8    9    1    2    3    10   4    12   11   8    9    5    6    7    10   8    12   11   
1          1.457938474996355E-4   135.01307189542456     10         5    6    8    10   1    7    5    2    9    5    6    8    10   3    7    5    4    9    
2          2.91587694999271E-4    134.3267973856207      10         5    6    1    9    2    7    5    10   8    5    6    3    9    4    7    5    10   8    
4          5.83175389998542E-4    133.96078431372533     14         11   1    2    3    4    13   12   14   5    11   6    7    8    9    13   12   14   10   
1          1.457938474996355E-4   132.81699346405205     10         1    5    7    9    2    6    4    10   8    4    5    7    9    3    6    4    10   8    
1          1.457938474996355E-4   132.57516339869264     10         5    6    1    8    9    7    5    10   2    5    6    3    8    9    7    5    10   4    
3          4.3738154249890656E-4  129.98692810457507     14         11   1    13   2    14   12   3    4    5    11   6    13   7    14   12   8    9    10   
3          4.3738154249890656E-4  127.07189542483647     13         1    2    3    11   12   10   9    13   4    5    6    7    11   12   10   9    13   8    
3          4.3738154249890656E-4  123.17647058823528     12         7    1    9    2    11   3    8    12   10   7    4    9    5    11   6    8    12   10   
1          1.457938474996355E-4   122.45098039215674     9          1    3    5    7    8    4    2    9    6    2    3    5    7    8    4    2    9    6    
1          1.457938474996355E-4   119.19607843137234     15         1    2    3    14   15   4    5    6    13   7    8    9    14   15   10   11   12   13   
3          4.3738154249890656E-4  118.33986928104568     14         1    2    3    12   13   11   4    14   5    6    7    8    12   13   11   9    14   10   
1          1.457938474996355E-4   117.35294117647045     11         7    1    2    9    10   8    7    11   3    7    4    5    9    10   8    7    11   6    
1          1.457938474996355E-4   115.14379084967307     14         11   1    12   13   14   2    3    4    5    11   6    12   13   14   7    8    9    10   
1          1.457938474996355E-4   114.37908496732014     14         11   1    12   2    14   3    4    5    13   11   6    12   7    14   8    9    10   13   
1          1.457938474996355E-4   113.61437908496725     14         1    11   2    3    13   4    5    14   12   6    11   7    8    13   9    10   14   12   
1          1.457938474996355E-4   112.30065359477112     15         13   1    2    14   15   3    4    5    6    13   7    8    14   15   9    10   11   12   
7          0.0010205569324974486  111.64052287581686     13         9    10   1    2    12   11   3    13   4    9    10   5    6    12   11   7    13   8    
2          2.91587694999271E-4    104.70588235294107     15         1    2    14   3    4    13   5    15   6    7    8    14   9    10   13   11   15   12   
2          2.91587694999271E-4    102.54901960784306     12         7    1    9    10   11   2    8    12   3    7    4    9    10   11   5    8    12   6    
2          2.91587694999271E-4    100.84967320261427     13         1    2    10   3    12   9    4    13   11   5    6    10   7    12   9    8    13   11   
1          1.457938474996355E-4   98.79738562091495      14         1    2    3    12   13   4    5    14   11   6    7    8    12   13   9    10   14   11   
3          4.3738154249890656E-4  98.01307189542473      13         1    10   2    3    12   4    9    13   11   5    10   6    7    12   8    9    13   11   
1          1.457938474996355E-4   94.85620915032676      14         1    2    3    12   13   4    11   14   5    6    7    8    12   13   9    11   14   10   
3          4.3738154249890656E-4  94.05228758169926      14         1    12   2    3    4    5    11   14   13   6    12   7    8    9    10   11   14   13   
2          2.91587694999271E-4    91.07843137254893      15         13   1    15   2    3    4    14   5    6    13   7    15   8    9    10   14   11   12   
1          1.457938474996355E-4   89.1307189542483       15         1    13   14   2    3    4    5    6    15   7    13   14   8    9    10   11   12   15   
3          4.3738154249890656E-4  88.01960784313717      14         11   1    13   14   2    12   3    4    5    11   6    13   14   7    12   8    9    10   
3          4.3738154249890656E-4  85.26797385620908      16         15   1    2    3    4    5    6    7    16   15   8    9    10   11   12   13   14   16   
2          2.91587694999271E-4    82.39215686274505      15         1    2    3    4    5    14   13   15   6    7    8    9    10   11   14   13   15   12   
1          1.457938474996355E-4   80.15032679738553      14         11   1    13   14   2    3    12   4    5    11   6    13   14   7    8    12   9    10   
1          1.457938474996355E-4   79.24183006535941      14         1    11   12   13   2    3    4    14   5    6    11   12   13   7    8    9    14   10   
2          2.91587694999271E-4    78.47712418300647      14         11   1    2    3    13   4    5    14   12   11   6    7    8    13   9    10   14   12   
2          2.91587694999271E-4    76.51633986928097      14         11   1    2    3    14   4    12   5    13   11   6    7    8    14   9    12   10   13   
2          2.91587694999271E-4    74.5228758169934       13         1    9    2    11   12   3    4    13   10   5    9    6    11   12   7    8    13   10   
1          1.457938474996355E-4   72.61437908496728      13         9    1    2    3    12   10   4    13   11   9    5    6    7    12   10   8    13   11   
2          2.91587694999271E-4    71.69281045751629      15         1    13   2    3    15   4    5    6    14   7    13   8    9    15   10   11   12   14   
1          1.457938474996355E-4   69.6535947712418       15         1    2    3    4    14   5    6    15   13   7    8    9    10   14   11   12   15   13   
3          4.3738154249890656E-4  68.72549019607835      14         11   13   1    2    14   3    12   4    5    11   13   6    7    14   8    12   9    10   
1          1.457938474996355E-4   65.7254901960784       13         9    10   11   1    12   2    3    13   4    9    10   11   5    12   6    7    13   8    
1          1.457938474996355E-4   64.77124183006528      14         1    2    12   14   3    4    11   5    13   6    7    12   14   8    9    11   10   13   
1          1.457938474996355E-4   63.771241830065335     15         13   14   15   1    2    3    4    5    6    13   14   15   7    8    9    10   11   12   
2          2.91587694999271E-4    63.01960784313724      13         1    10   2    3    12   11   9    13   4    5    10   6    7    12   11   9    13   8    
1          1.457938474996355E-4   60.849673202614355     15         1    13   2    15   3    4    5    6    14   7    13   8    15   9    10   11   12   14   
2          2.91587694999271E-4    59.96732026143784      14         1    12   13   2    3    4    11   5    14   6    12   13   7    8    9    11   10   14   
1          1.457938474996355E-4   58.12418300653594      13         1    9    11   2    12   10   3    13   4    5    9    11   6    12   10   7    13   8    
2          2.91587694999271E-4    57.01960784313724      13         1    10   11   2    12   3    9    13   4    5    10   11   6    12   7    9    13   8    
1          1.457938474996355E-4   55.156862745098        14         1    11   13   2    14   12   3    4    5    6    11   13   7    14   12   8    9    10   
1          1.457938474996355E-4   54.24836601307185      14         1    2    13   3    4    12   11   5    14   6    7    13   8    9    12   11   10   14   
2          2.91587694999271E-4    53.267973856209146     15         1    2    3    4    5    13   6    15   14   7    8    9    10   11   13   12   15   14   
3          4.3738154249890656E-4  51.29411764705881      13         1    2    11   3    13   10   9    4    12   5    6    11   7    13   10   9    8    12   
2          2.91587694999271E-4    48.33333333333329      16         1    2    3    4    5    15   6    7    16   8    9    10   11   12   15   13   14   16   
2          2.91587694999271E-4    46.359477124182966     14         11   1    12   13   2    3    4    14   5    11   6    12   13   7    8    9    14   10   
1          1.457938474996355E-4   44.43790849673199      14         1    2    12   13   14   11   3    4    5    6    7    12   13   14   11   8    9    10   
1          1.457938474996355E-4   43.24183006535945      12         7    8    1    11   12   9    2    3    10   7    8    4    11   5    9    6    12   10   
1          1.457938474996355E-4   42.254901960784295     10         3    5    7    9    10   6    4    1    8    3    5    7    9    2    6    4    10   8    
1          1.457938474996355E-4   41.15686274509804      12         8    9    1    12   2    10   8    3    11   8    9    4    12   5    10   6    7    11   
1          1.457938474996355E-4   39.76470588235294      10         5    6    7    9    10   1    5    2    8    5    6    7    9    10   3    5    4    8    
1          1.457938474996355E-4   38.869281045751634     10         5    6    1    9    10   7    5    2    8    5    6    3    9    10   7    5    4    8    
1          1.457938474996355E-4   38.28758169934639      11         6    7    1    10   11   8    6    2    9    3    7    4    10   11   8    6    5    9    
1          1.457938474996355E-4   36.915032679738566     12         9    1    11   2    3    10   9    4    12   9    5    11   6    7    10   9    8    12   
1          1.457938474996355E-4   36.398692810457504     10         3    5    1    8    9    6    4    10   7    4    5    2    8    9    6    3    10   7    
1          1.457938474996355E-4   35.05228758169935      10         5    6    8    9    1    7    5    10   2    5    6    8    9    3    7    5    10   4    
1          1.457938474996355E-4   34.02614379084968      10         5    6    8    1    2    7    5    10   9    5    6    8    3    4    7    5    10   9    
1          1.457938474996355E-4   32.96732026143791      15         13   1    2    3    4    5    6    15   14   13   7    8    9    10   11   12   15   14   
1          1.457938474996355E-4   32.96078431372549      10         5    6    7    9    1    2    5    10   8    5    6    7    9    3    4    5    10   8    
2          2.91587694999271E-4    32.05882352941177      15         13   1    2    3    4    5    14   15   6    13   7    8    9    10   11   14   15   12   
1          1.457938474996355E-4   30.065359477124186     14         11   1    13   2    14   3    12   4    5    11   6    13   7    14   8    12   9    10   
1          1.457938474996355E-4   29.039215686274513     16         1    15   2    3    4    5    6    7    16   8    15   9    10   11   12   13   14   16   
1          1.457938474996355E-4   28.27450980392157      14         1    2    3    4    13   12   11   14   5    6    7    8    9    13   12   11   14   10   
1          1.457938474996355E-4   27.13071895424837      15         1    2    14   15   3    4    13   5    6    7    8    14   15   9    10   13   11   12   
1          1.457938474996355E-4   26.143790849673206     13         9    1    11   12   13   2    10   3    4    9    5    11   12   13   6    10   7    8    
1          1.457938474996355E-4   25.183006535947715     14         1    2    12   13   3    4    11   14   5    6    7    12   13   8    9    11   14   10   
2          2.91587694999271E-4    24.28104575163399      13         1    2    11   12   13   10   9    3    4    5    6    11   12   13   10   9    7    8    
2          2.91587694999271E-4    22.346405228758172     13         1    9    11   2    13   10   3    4    12   5    9    11   6    13   10   7    8    12   
2          2.91587694999271E-4    20.50980392156863      14         1    11   2    3    13   12   4    14   5    6    11   7    8    13   12   9    14   10   
2          2.91587694999271E-4    18.42483660130719      15         1    2    3    15   4    13   5    6    14   7    8    9    15   10   13   11   12   14   
1          1.457938474996355E-4   16.50326797385621      15         13   14   1    2    15   3    4    5    6    13   14   7    8    15   9    10   11   12   
2          2.91587694999271E-4    15.607843137254903     14         11   1    2    3    13   12   4    14   5    11   6    7    8    13   12   9    14   10   
1          1.457938474996355E-4   13.607843137254903     12         1    2    9    10   11   8    7    12   3    4    5    9    10   11   8    7    12   6    
1          1.457938474996355E-4   12.588235294117649     13         1    10   12   2    13   11   9    3    4    5    10   12   6    13   11   9    7    8    
1          1.457938474996355E-4   11.614379084967322     13         1    9    10   2    12   3    4    13   11   5    9    10   6    12   7    8    13   11   
1          1.457938474996355E-4   10.647058823529413     14         1    2    12   3    4    11   5    14   13   6    7    12   8    9    11   10   14   13   
1          1.457938474996355E-4   9.607843137254903      10         1    5    7    9    10   6    4    10   8    2    5    7    9    3    6    4    10   8    
1          1.457938474996355E-4   8.686274509803923      11         5    7    9    10   11   8    6    11   1    5    7    9    10   2    8    6    3    4    
2          2.91587694999271E-4    7.803921568627452      15         1    13   2    14   3    4    5    15   6    7    13   8    14   9    10   11   15   12   
1          1.457938474996355E-4   5.856209150326798      15         13   14   1    2    3    4    5    15   6    13   14   7    8    9    10   11   15   12   
3          4.3738154249890656E-4  4.934640522875817      13         9    1    2    3    12   11   10   13   4    9    5    6    7    12   11   10   13   8    
1          1.457938474996355E-4   1.9607843137254903     11         5    7    1    10   11   8    6    2    9    5    7    3    10   4    8    6    11   9    
1          1.457938474996355E-4   1.0                    13         9    1    2    11   12   3    4    13   10   9    5    6    11   12   7    8    13   10   

