count      fraction               similarity             nclusters  e1--0 d1--0 z1--0 y1--0 x1--0 d2--0 e2--0 x2--0 z2--0 e1--1 d1--1 z1--1 y1--1 x1--1 d2--1 e2--1 x2--1 z2--1 
2662       0.38810322204402975    6761.9411764707975     9          1    3    5    7    8    4    2    9    6    1    3    5    7    8    4    2    9    6    
635        0.09257909316226855    4090.5359477125753     10         3    5    7    9    1    6    4    10   8    3    5    7    9    2    6    4    10   8    
828        0.1207173057296982     3463.8104575164234     8          1    2    4    6    7    3    1    8    5    1    2    4    6    7    3    1    8    5    
233        0.033969966467415076   2652.464052287625      10         3    5    1    8    9    6    4    10   7    3    5    2    8    9    6    4    10   7    
57         0.008310249307479225   2417.006535947737      10         3    5    7    8    9    6    4    10   1    3    5    7    8    9    6    4    10   2    
81         0.011809301647470476   2343.862745098058      9          3    4    1    7    8    5    3    9    6    3    4    2    7    8    5    3    9    6    
5          7.289692374981776E-4   2274.856209150321      11         5    7    9    1    11   8    6    2    10   5    7    9    3    11   8    6    4    10   
64         0.009330806239976673   2226.7777777777933     8          1    3    5    7    8    4    2    8    6    1    3    5    7    8    4    2    8    6    
139        0.020265344802449337   2193.803921568639      7          1    2    3    5    6    2    1    7    4    1    2    3    5    6    2    1    7    4    
9          0.0013121446274967196  2078.0849673202583     11         5    6    8    10   1    7    2    11   9    5    6    8    10   3    7    4    11   9    
39         0.005685960052485785   2073.490196078419      10         3    4    6    8    9    5    1    10   7    3    4    6    8    9    5    2    10   7    
2          2.91587694999271E-4    2042.0653594770997     8          3    4    5    6    7    4    3    8    1    3    4    5    6    7    4    3    8    2    
57         0.008310249307479225   1980.9803921568673     7          1    2    4    5    6    3    1    7    4    1    2    4    5    6    3    1    7    4    
3          4.3738154249890656E-4  1957.326797385627      9          3    4    5    7    8    1    3    9    6    3    4    5    7    8    2    3    9    6    
11         0.0016037323224959907  1954.5490196078497     9          3    1    5    7    8    4    3    9    6    3    2    5    7    8    4    3    9    6    
130        0.01895320017495262    1934.3725490196048     8          1    3    5    6    7    4    2    8    5    1    3    5    6    7    4    2    8    5    
243        0.03542790494241143    1849.4575163398677     10         3    5    7    9    10   6    4    1    8    3    5    7    9    10   6    4    2    8    
81         0.011809301647470476   1587.8954248365987     11         5    7    9    11   1    8    6    2    10   5    7    9    11   3    8    6    4    10   
5          7.289692374981776E-4   1583.7385620914947     9          5    6    7    9    1    6    5    2    8    5    6    7    9    3    6    5    4    8    
13         0.0018953200174952618  1558.1372549019595     9          3    5    7    8    9    6    4    1    7    3    5    7    8    9    6    4    2    7    
6          8.747630849978131E-4   1499.1307189542417     11         5    7    1    2    10   8    6    11   9    5    7    3    4    10   8    6    11   9    
216        0.03149147105992127    1495.6928104575252     9          3    4    6    8    1    5    3    9    7    3    4    6    8    2    5    3    9    7    
29         0.00422802157748943    1268.3660130718995     11         5    7    1    10   11   8    6    2    9    5    7    3    10   11   8    6    4    9    
23         0.003353258492491617   1252.405228758176      7          1    3    4    5    6    3    2    7    4    1    3    4    5    6    3    2    7    4    
376        0.054818486659862956   1230.9346405228764     8          1    3    4    6    7    3    2    8    5    1    3    4    6    7    3    2    8    5    
22         0.0032074646449919814  1226.633986928119      9          3    4    6    7    8    5    3    9    1    3    4    6    7    8    5    3    9    2    
1          1.457938474996355E-4   852.4901960784294      12         7    9    11   1    2    10   8    12   3    7    9    11   4    5    10   8    12   6    
82         0.011955095494970112   851.274509803924       9          3    4    6    8    9    5    3    1    7    3    4    6    8    9    5    3    2    7    
1          1.457938474996355E-4   827.8300653594803      9          3    4    6    7    8    5    1    9    6    3    4    6    7    8    5    2    9    6    
65         0.00947660008747631    772.3529411764722      11         5    7    1    10   2    8    6    11   9    5    7    3    10   4    8    6    11   9    
4          5.83175389998542E-4    771.1895424836579      12         7    9    1    11   2    10   8    12   3    7    9    4    11   5    10   8    12   6    
1          1.457938474996355E-4   766.8300653594772      10         5    7    8    9    10   7    6    1    2    5    7    8    9    10   7    6    3    4    
1          1.457938474996355E-4   751.5816993464064      9          3    5    7    1    8    6    4    9    7    3    5    7    2    8    6    4    9    7    
1          1.457938474996355E-4   727.745098039216       8          3    4    5    7    8    4    1    8    6    3    4    5    7    8    4    2    8    6    
84         0.012246683189969384   706.6470588235306      9          3    5    6    8    1    5    4    9    7    3    5    6    8    2    5    4    9    7    
6          8.747630849978131E-4   624.5424836601319      11         5    1    8    10   2    7    6    11   9    5    3    8    10   4    7    6    11   9    
16         0.002332701559994168   619.1830065359485      10         3    5    6    8    9    1    4    10   7    3    5    6    8    9    2    4    10   7    
8          0.001166350779997084   601.8758169934639      11         5    7    1    9    10   8    6    11   2    5    7    3    9    10   8    6    11   4    
3          4.3738154249890656E-4  593.5228758169927      11         5    1    2    9    10   7    6    11   8    5    3    4    9    10   7    6    11   8    
29         0.00422802157748943    593.0522875816993      10         3    5    7    1    9    6    4    10   8    3    5    7    2    9    6    4    10   8    
21         0.003061670797492346   546.993464052287       7          1    2    4    6    7    3    1    7    5    1    2    4    6    7    3    1    7    5    
19         0.002770083102493075   540.9934640522872      10         5    6    1    9    2    7    5    10   8    5    6    3    9    4    7    5    10   8    
13         0.0018953200174952618  518.3137254901951      9          3    4    6    1    8    5    3    9    7    3    4    6    2    8    5    3    9    7    
9          0.0013121446274967196  509.5816993464044      11         5    7    9    1    2    8    6    11   10   5    7    9    3    4    8    6    11   10   
4          5.83175389998542E-4    501.01960784313707     7          1    3    4    6    7    3    2    7    5    1    3    4    6    7    3    2    7    5    
41         0.005977547747485056   496.5947712418288      9          3    5    6    8    9    5    4    1    7    3    5    6    8    9    5    4    2    7    
4          5.83175389998542E-4    494.17647058823434     8          3    4    5    1    7    4    3    8    6    3    4    5    2    7    4    3    8    6    
14         0.002041113864994897   455.6013071895429      10         5    7    1    9    2    7    6    10   8    5    7    3    9    4    7    6    10   8    
24         0.0034990523399912525  432.63398692810404     9          3    5    7    8    1    6    4    9    7    3    5    7    8    2    6    4    9    7    
5          7.289692374981776E-4   418.22222222222086     9          2    4    6    7    8    5    3    9    6    2    4    1    7    8    5    3    9    6    
4          5.83175389998542E-4    415.3790849673192      11         1    6    2    9    10   7    5    11   8    3    6    4    9    10   7    5    11   8    
5          7.289692374981776E-4   409.2222222222211      9          2    4    1    7    8    5    3    9    6    2    4    6    7    8    5    3    9    6    
23         0.003353258492491617   406.1895424836594      11         5    7    9    10   1    8    6    11   2    5    7    9    10   3    8    6    11   4    
2          2.91587694999271E-4    404.7385620915034      10         5    7    1    9    10   7    6    2    8    5    7    3    9    10   7    6    4    8    
22         0.0032074646449919814  382.4640522875812      10         1    4    6    8    9    5    3    10   7    2    4    6    8    9    5    3    10   7    
1          1.457938474996355E-4   366.1699346405223      9          3    5    6    7    8    1    4    9    6    3    5    6    7    8    2    4    9    6    
7          0.0010205569324974486  360.07843137254906     10         5    7    8    10   1    7    6    2    9    5    7    8    10   3    7    6    4    9    
27         0.003936433882490159   354.67320261437914     10         5    6    8    10   1    7    5    2    9    5    6    8    10   3    7    5    4    9    
38         0.00554016620498615    327.2614379084962      8          3    4    5    7    1    4    3    8    6    3    4    5    7    2    4    3    8    6    
4          5.83175389998542E-4    291.00653594771194     11         1    6    8    10   2    7    5    11   9    3    6    8    10   4    7    5    11   9    
9          0.0013121446274967196  285.71241830065316     9          3    5    6    7    8    5    4    9    1    3    5    6    7    8    5    4    9    2    
1          1.457938474996355E-4   277.9673202614375      9          1    4    6    7    8    5    3    9    6    2    4    6    7    8    5    3    9    6    
9          0.0013121446274967196  275.8758169934634      8          3    4    1    6    7    4    3    8    5    3    4    2    6    7    4    3    8    5    
3          4.3738154249890656E-4  267.23529411764673     10         5    6    7    9    1    2    5    10   8    5    6    7    9    3    4    5    10   8    
3          4.3738154249890656E-4  263.6143790849669      11         5    6    8    10   11   7    1    2    9    5    6    8    10   11   7    3    4    9    
1          1.457938474996355E-4   263.11111111111063     12         7    8    1    11   2    9    3    12   10   7    8    4    11   5    9    6    12   10   
3          4.3738154249890656E-4  260.1568627450977      9          2    3    5    7    8    4    1    9    6    2    3    5    7    8    4    2    9    6    
3          4.3738154249890656E-4  258.55555555555515     8          3    5    6    7    1    5    4    8    6    3    5    6    7    2    5    4    8    6    
1          1.457938474996355E-4   255.17647058823505     12         7    9    1    11   2    3    8    12   10   7    9    4    11   5    6    8    12   10   
11         0.0016037323224959907  253.3790849673197      12         7    9    1    12   2    10   8    3    11   7    9    4    12   5    10   8    6    11   
1          1.457938474996355E-4   252.908496732026       12         8    9    1    2    11   10   8    12   3    8    9    4    5    11   10   6    12   7    
2          2.91587694999271E-4    248.75163398692771     9          5    6    1    8    9    6    5    2    7    5    6    3    8    9    6    5    4    7    
22         0.0032074646449919814  243.73202614379053     10         3    1    6    8    9    5    4    10   7    3    2    6    8    9    5    4    10   7    
9          0.0013121446274967196  219.67320261437868     9          2    4    6    8    9    5    3    9    7    2    4    6    8    1    5    3    9    7    
2          2.91587694999271E-4    211.2352941176466      10         5    7    8    1    2    7    6    10   9    5    7    8    3    4    7    6    10   9    
4          5.83175389998542E-4    210.24183006535912     10         5    6    8    9    10   7    5    1    2    5    6    8    9    10   7    5    3    4    
1          1.457938474996355E-4   206.32026143790836     10         4    6    7    9    10   1    5    2    8    4    6    7    9    10   6    5    3    8    
3          4.3738154249890656E-4  205.92156862745088     11         5    7    8    10   1    2    6    11   9    5    7    8    10   3    4    6    11   9    
3          4.3738154249890656E-4  203.01307189542462     11         5    1    8    10   11   7    6    2    9    5    3    8    10   11   7    6    4    9    
21         0.003061670797492346   200.0915032679735      9          3    5    1    7    8    5    4    9    6    3    5    2    7    8    5    4    9    6    
3          4.3738154249890656E-4  178.86274509803906     12         7    9    10   12   1    2    8    3    11   7    9    10   12   4    5    8    6    11   
9          0.0013121446274967196  177.59477124182993     10         5    6    1    9    10   7    5    2    8    5    6    3    9    10   7    5    4    8    
2          2.91587694999271E-4    167.5294117647057      8          2    3    1    6    7    4    2    8    5    2    3    5    6    7    4    2    8    5    
1          1.457938474996355E-4   165.3267973856206      9          4    5    1    8    2    6    4    9    7    4    5    7    8    3    6    4    9    7    
2          2.91587694999271E-4    165.12418300653593     12         7    9    1    2    3    10   8    12   11   7    9    4    5    6    10   8    12   11   
1          1.457938474996355E-4   162.07189542483653     12         1    7    9    11   2    8    3    12   10   4    7    9    11   5    8    6    12   10   
5          7.289692374981776E-4   153.30718954248348     11         7    8    1    11   2    9    7    3    10   7    8    4    11   5    9    7    6    10   
7          0.0010205569324974486  151.85620915032658     6          1    2    3    4    5    2    1    6    3    1    2    3    4    5    2    1    6    3    
2          2.91587694999271E-4    148.52941176470566     12         7    9    11   1    2    10   8    3    12   7    9    11   4    5    10   8    6    12   
2          2.91587694999271E-4    145.7254901960783      10         5    1    8    9    2    7    6    10   8    5    3    8    9    4    7    6    10   8    
10         0.0014579384749963552  144.97385620915017     8          3    4    5    7    8    4    3    1    6    3    4    5    7    8    4    3    2    6    
1          1.457938474996355E-4   144.9150326797384      10         5    1    7    8    9    6    5    10   2    5    3    7    8    9    6    5    10   4    
1          1.457938474996355E-4   137.60130718954238     7          3    4    5    1    6    4    3    7    5    3    4    5    2    6    4    3    7    5    
4          5.83175389998542E-4    135.47058823529403     11         5    7    8    10   11   1    6    2    9    5    7    8    10   11   3    6    4    9    
2          2.91587694999271E-4    128.52287581699338     11         7    9    1    11   2    9    8    3    10   7    9    4    11   5    9    8    6    10   
4          5.83175389998542E-4    125.88235294117638     11         1    6    8    10   11   7    5    2    9    3    6    8    10   11   7    5    4    9    
1          1.457938474996355E-4   125.56209150326788     13         9    11   1    13   2    3    10   4    12   9    11   5    13   6    7    10   8    12   
2          2.91587694999271E-4    125.56209150326782     10         5    7    1    8    9    7    6    10   2    5    7    3    8    9    7    6    10   4    
1          1.457938474996355E-4   121.54248366013064     10         1    5    7    8    9    6    2    10   7    3    5    7    8    9    6    4    10   7    
8          0.001166350779997084   120.52287581699329     8          3    4    6    7    1    5    3    8    6    3    4    6    7    2    5    3    8    6    
1          1.457938474996355E-4   115.94117647058813     8          3    5    1    7    8    5    4    8    6    3    5    2    7    8    5    4    8    6    
5          7.289692374981776E-4   113.23529411764697     10         5    6    8    9    1    7    5    10   2    5    6    8    9    3    7    5    10   4    
1          1.457938474996355E-4   107.72549019607837     12         7    9    11   12   1    10   8    2    3    7    9    11   12   4    10   8    5    6    
2          2.91587694999271E-4    105.25490196078424     10         5    1    7    9    2    6    5    10   8    5    3    7    9    4    6    5    10   8    
2          2.91587694999271E-4    104.66013071895419     12         7    1    10   12   2    9    8    3    11   7    4    10   12   5    9    8    6    11   
2          2.91587694999271E-4    103.64052287581687     9          3    5    7    8    9    6    4    9    1    3    5    7    8    9    6    4    9    2    
3          4.3738154249890656E-4  102.39869281045745     9          3    5    6    1    8    5    4    9    7    3    5    6    2    8    5    4    9    7    
1          1.457938474996355E-4   94.32026143790843      10         4    6    8    9    10   7    5    1    8    4    6    2    9    10   7    5    3    8    
3          4.3738154249890656E-4  93.80392156862732      8          2    3    4    6    7    3    1    8    5    2    3    4    6    7    3    2    8    5    
1          1.457938474996355E-4   91.41830065359464      10         4    5    7    9    1    6    2    10   8    4    5    7    9    3    6    4    10   8    
3          4.3738154249890656E-4  90.56209150326792      10         5    7    9    10   1    8    6    2    9    5    7    9    10   3    8    6    4    9    
2          2.91587694999271E-4    88.66666666666663      9          3    1    6    7    8    5    4    9    6    3    2    6    7    8    5    4    9    6    
7          0.0010205569324974486  84.47712418300651      9          3    4    5    7    8    4    1    9    6    3    4    5    7    8    4    2    9    6    
6          8.747630849978131E-4   81.34640522875806      6          1    2    3    5    6    2    1    6    4    1    2    3    5    6    2    1    6    4    
2          2.91587694999271E-4    75.59477124183005      12         1    8    2    11   12   9    7    3    10   4    8    5    11   12   9    7    6    10   
1          1.457938474996355E-4   75.22875816993451      9          5    6    7    8    1    6    5    9    2    5    6    7    8    3    6    5    9    4    
1          1.457938474996355E-4   74.95424836601308      11         7    8    1    2    11   9    7    3    10   7    8    4    5    11   9    7    6    10   
5          7.289692374981776E-4   73.65359477124177      9          2    3    5    7    8    4    2    9    6    2    3    5    7    8    4    1    9    6    
1          1.457938474996355E-4   70.68627450980382      10         5    6    8    9    10   7    1    2    8    5    6    8    9    10   7    3    4    8    
3          4.3738154249890656E-4  68.28758169934638      8          2    3    5    6    7    4    2    8    5    2    3    1    6    7    4    2    8    5    
1          1.457938474996355E-4   65.37254901960779      10         4    6    7    8    9    1    5    10   7    4    6    2    8    9    3    5    10   7    
4          5.83175389998542E-4    64.75163398692804      10         4    6    8    9    1    7    5    10   8    4    6    2    9    3    7    5    10   8    
2          2.91587694999271E-4    61.07843137254898      12         7    8    10   12   1    9    2    3    11   7    8    10   12   4    9    5    6    11   
2          2.91587694999271E-4    58.0849673202614       11         5    7    1    9    10   2    6    11   8    5    7    3    9    10   4    6    11   8    
5          7.289692374981776E-4   56.3725490196078       11         5    7    9    10   11   8    6    1    2    5    7    9    10   11   8    6    3    4    
1          1.457938474996355E-4   54.62091503267971      9          3    5    7    1    9    6    4    9    8    3    5    7    2    9    6    4    9    8    
1          1.457938474996355E-4   49.71895424836599      9          5    6    8    9    1    7    5    2    8    5    6    8    9    3    7    5    4    8    
3          4.3738154249890656E-4  48.48366013071893      10         5    6    1    8    9    7    5    10   2    5    6    3    8    9    7    5    10   4    
2          2.91587694999271E-4    46.40522875816992      10         1    6    7    9    2    6    5    10   8    3    6    7    9    4    6    5    10   8    
1          1.457938474996355E-4   45.15686274509802      9          3    4    6    8    9    5    1    9    7    3    4    6    8    9    5    2    9    7    
2          2.91587694999271E-4    44.418300653594756     10         5    7    8    9    1    7    6    10   2    5    7    8    9    3    7    6    10   4    
2          2.91587694999271E-4    41.55555555555554      10         7    8    1    10   2    8    7    3    9    7    8    4    10   5    8    7    6    9    
1          1.457938474996355E-4   38.58169934640523      9          5    6    7    8    9    6    5    1    2    5    6    7    8    9    6    5    3    4    
2          2.91587694999271E-4    37.725490196078425     9          5    6    1    8    2    6    5    9    7    5    6    3    8    4    6    5    9    7    
1          1.457938474996355E-4   37.620915032679726     9          3    1    6    8    9    5    4    9    7    3    2    6    8    9    5    4    9    7    
1          1.457938474996355E-4   36.59477124183007      10         5    7    1    2    9    7    6    10   8    5    7    3    4    9    7    6    10   8    
1          1.457938474996355E-4   35.921568627450974     10         6    7    9    10   1    8    6    2    9    6    7    3    10   4    8    6    5    9    
2          2.91587694999271E-4    33.31372549019608      12         7    8    10   11   12   9    1    2    3    7    8    10   11   12   9    4    5    6    
1          1.457938474996355E-4   32.03921568627451      10         1    6    8    9    2    7    5    10   8    3    6    8    9    4    7    5    10   8    
3          4.3738154249890656E-4  29.346405228758172     8          2    4    5    7    8    4    3    8    6    2    4    5    7    1    4    3    8    6    
1          1.457938474996355E-4   28.51633986928105      12         1    8    2    11   3    9    7    12   10   4    8    5    11   6    9    7    12   10   
1          1.457938474996355E-4   27.568627450980397     11         7    8    1    10   11   9    7    2    3    7    8    4    10   11   9    7    5    6    
1          1.457938474996355E-4   27.42483660130719      9          3    5    1    8    9    6    4    9    7    3    5    2    8    9    6    4    9    7    
3          4.3738154249890656E-4  26.490196078431378     8          3    4    6    7    8    5    3    1    6    3    4    6    7    8    5    3    2    6    
1          1.457938474996355E-4   22.915032679738566     10         5    6    8    1    2    7    5    10   9    5    6    8    3    4    7    5    10   9    
2          2.91587694999271E-4    22.901960784313726     12         1    8    10   12   2    9    7    3    11   4    8    10   12   5    9    7    6    11   
1          1.457938474996355E-4   19.045751633986928     11         1    5    7    9    10   6    2    11   8    3    5    7    9    10   6    4    11   8    
4          5.83175389998542E-4    17.254901960784316     8          2    3    5    7    8    4    2    8    6    2    3    5    7    1    4    2    8    6    
2          2.91587694999271E-4    15.947712418300656     7          3    4    5    6    1    4    3    7    5    3    4    5    6    2    4    3    7    5    
1          1.457938474996355E-4   14.333333333333334     11         5    6    1    9    10   7    2    11   8    5    6    3    9    10   7    4    11   8    
1          1.457938474996355E-4   13.084967320261441     10         7    8    1    2    10   8    7    3    9    7    8    4    5    10   8    7    6    9    
1          1.457938474996355E-4   11.19607843137255      7          2    3    4    6    7    3    2    7    5    2    3    4    6    1    3    2    7    5    
1          1.457938474996355E-4   10.3921568627451       11         7    8    1    10   2    9    7    11   3    7    8    4    10   5    9    7    11   6    
1          1.457938474996355E-4   9.418300653594772      8          3    4    1    7    8    5    3    8    6    3    4    2    7    8    5    3    8    6    
1          1.457938474996355E-4   9.398692810457517      9          4    6    7    8    1    6    5    9    7    4    6    2    8    3    6    5    9    7    
4          5.83175389998542E-4    8.797385620915033      9          2    4    6    8    9    5    3    1    7    2    4    6    8    9    5    3    9    7    
1          1.457938474996355E-4   4.777777777777778      10         4    6    1    9    10   7    5    2    8    4    6    3    9    10   7    5    10   8    
1          1.457938474996355E-4   3.856209150326798      10         5    7    8    9    10   1    6    2    8    5    7    8    9    10   3    6    4    8    
1          1.457938474996355E-4   2.843137254901961      9          1    6    7    8    9    6    5    2    7    3    6    7    8    9    6    5    4    7    
1          1.457938474996355E-4   1.9607843137254903     11         5    7    9    1    10   8    6    11   2    5    7    9    3    10   8    6    11   4    
1          1.457938474996355E-4   1.0                    10         4    5    6    8    9    1    4    10   7    2    5    6    8    9    3    4    10   7    

