count      fraction               similarity             nclusters  e1--0 d1--0 z1--0 y1--0 x1--0 d2--0 e2--0 x2--0 z2--0 e1--1 d1--1 z1--1 y1--1 x1--1 d2--1 e2--1 x2--1 z2--1 
3578       0.5216503863536959     4469.392156862755      5          1    2    3    4    5    2    1    5    3    1    2    3    4    5    2    1    5    3    
1826       0.26621956553433446    2331.45098039216       4          1    1    2    3    4    1    1    4    2    1    1    2    3    4    1    1    4    2    
542        0.07902026534480244    897.8235294117586      6          1    2    3    4    5    2    1    6    3    1    2    3    4    5    2    1    6    3    
128        0.018661612479953345   498.86274509804036     5          1    1    2    3    4    1    1    5    2    1    1    2    3    4    1    1    5    2    
388        0.05656801282985858    400.50326797385605     3          1    1    2    2    3    1    1    3    2    1    1    2    2    3    1    1    3    2    
303        0.04417553579238956    364.8823529411762      4          1    2    3    3    4    2    1    4    3    1    2    3    3    4    2    1    4    3    
32         0.004665403119988336   57.836601307189525     6          1    2    3    5    6    2    1    6    4    1    2    3    5    6    2    1    6    4    
12         0.0017495261699956262  45.660130718954235     7          1    2    3    5    6    2    1    7    4    1    2    3    5    6    2    1    7    4    
21         0.003061670797492346   32.20261437908497      5          1    2    3    3    4    2    1    5    3    1    2    3    3    4    2    1    5    3    
2          2.91587694999271E-4    14.333333333333334     6          1    2    4    5    6    3    1    6    4    1    2    4    5    6    3    1    6    4    
1          1.457938474996355E-4   12.281045751633988     6          1    3    4    5    6    3    2    6    4    1    3    4    5    6    3    2    6    4    
6          8.747630849978131E-4   11.869281045751634     7          3    4    5    6    1    4    3    7    5    3    4    5    6    2    4    3    7    5    
10         0.0014579384749963552  10.92156862745098      4          1    1    2    2    3    1    1    4    2    1    1    2    2    3    1    1    4    2    
3          4.3738154249890656E-4  5.8692810457516345     6          2    3    4    5    6    3    2    6    4    2    3    4    5    1    3    2    6    4    
3          4.3738154249890656E-4  3.973856209150327      5          1    1    2    4    5    1    1    5    3    1    1    2    4    5    1    1    5    3    
2          2.91587694999271E-4    2.954248366013072      7          1    2    4    5    6    3    1    7    4    1    2    4    5    6    3    1    7    4    
1          1.457938474996355E-4   1.0                    7          2    3    1    5    6    3    2    7    4    2    3    4    5    6    3    2    7    4    
1          1.457938474996355E-4   1.0                    6          1    1    2    4    5    1    1    6    3    1    1    2    4    5    1    1    6    3    

