count      fraction               similarity             nclusters  T_pella8--0 T_pyra1--0 T_pyra2--0 T_pella7--0 T_pella6--0 T_pella5--0 T_pyra3--0 T_pella9--0 T_pyra4--0 T_pella8--1 T_pyra1--1 T_pyra2--1 T_pella7--1 T_pella6--1 T_pella5--1 T_pyra3--1 T_pella9--1 T_pyra4--1 
4580       0.17488926225752252    25851.921568632628     9          1    6    7    3    4    5    8    2    9    1    6    7    3    4    5    8    2    9    
1602       0.06117305636169238    21259.647058826526     10         3    7    8    5    1    6    9    4    10   3    7    8    5    2    6    9    4    10   
1116       0.04261493813960593    19655.89542483787      11         5    8    9    6    1    7    11   2    10   5    8    9    6    3    7    11   4    10   
24         9.164502825721705E-4   19519.999999999472     13         9    12   13   10   11   1    2    3    4    9    12   13   10   11   5    6    7    8    
175        0.006682449977088743   18449.66013071727      11         5    8    9    1    2    7    11   6    10   5    8    9    3    4    7    11   6    10   
131        0.00500229112570643    18297.20915032583      11         5    9    10   7    8    1    2    6    11   5    9    10   7    8    3    4    6    11   
162        0.006186039407362151   18163.254901960165     12         7    9    11   1    2    8    12   3    10   7    9    11   4    5    8    12   6    10   
183        0.0069879334046128     17992.117647056675     11         5    1    10   7    2    8    11   6    9    5    3    10   7    4    8    11   6    9    
2119       0.08091492286543454    17930.48366013131      10         3    7    9    4    5    6    10   1    8    3    7    9    4    5    6    10   2    8    
742        0.02833358790285627    15805.50980392006      11         5    9    11   6    7    8    1    2    10   5    9    11   6    7    8    3    4    10   
75         0.0028639071330380326  14997.470588233213     12         1    10   11   7    8    9    2    3    12   4    10   11   7    8    9    5    6    12   
524        0.02000916450282572    14959.32026143643      10         3    7    8    5    6    1    9    4    10   3    7    8    5    6    2    9    4    10   
1035       0.03952191843592485    14394.431372547702     10         3    8    9    5    6    7    1    4    10   3    8    9    5    6    7    2    4    10   
36         0.0013746754238582557  14372.967320259355     12         7    10   1    2    3    9    11   8    12   7    10   4    5    6    9    11   8    12   
24         9.164502825721705E-4   14334.320261435752     13         9    1    13   11   2    12   3    10   4    9    5    13   11   6    12   7    10   8    
22         8.400794256911562E-4   14324.143790848178     12         7    12   1    9    10   11   2    8    3    7    12   4    9    10   11   5    8    6    
125        0.004773178555063388   13305.470588233704     11         5    10   11   7    8    9    1    6    2    5    10   11   7    8    9    3    6    4    
15         5.727814266076065E-4   13264.568627449473     12         1    11   12   8    9    10   2    7    3    4    11   12   8    9    10   5    7    6    
50         0.0019092714220253551  13153.986928103272     11         5    1    10   7    8    9    11   6    2    5    3    10   7    8    9    11   6    4    
112        0.0042767679853367956  13130.61437908359      12         7    10   11   9    1    2    3    8    12   7    10   11   9    4    5    6    8    12   
189        0.007217045975255842   13036.418300652114     11         5    9    1    7    2    8    10   6    11   5    9    3    7    4    8    10   6    11   
126        0.004811363983503895   12833.098039214508     13         9    12   1    10   2    11   3    4    13   9    12   5    10   6    11   7    8    13   
11         4.200397128455781E-4   12736.803921567589     15         13   1    14   2    3    4    15   5    6    13   7    14   8    9    10   15   11   12   
53         0.0020238277073468766  12685.150326796023     13         9    11   1    10   2    3    12   4    13   9    11   5    10   6    7    12   8    13   
500        0.01909271422025355    12685.039215684736     11         5    9    10   7    1    8    2    6    11   5    9    10   7    3    8    4    6    11   
180        0.006873377119291278   12180.483660129592     12         7    1    10   8    2    9    11   3    12   7    4    10   8    5    9    11   6    12   
265        0.010119138536734382   11992.973856208097     11         5    9    10   6    7    8    11   1    2    5    9    10   6    7    8    11   3    4    
22         8.400794256911562E-4   11950.281045750364     13         1    12   13   9    10   11   2    3    4    5    12   13   9    10   11   6    7    8    
416        0.015885138231250956   11717.947712417363     10         3    8    9    5    6    7    10   4    1    3    8    9    5    6    7    10   4    2    
128        0.004887734840384909   11280.287581698445     12         7    10   11   8    9    1    2    3    12   7    10   11   8    9    4    5    6    12   
31         0.00118374828165572    11263.111111110433     11         1    8    9    2    6    7    10   5    11   3    8    9    4    6    7    10   5    11   
489        0.018672674507407973   11177.66013071805      12         7    10   12   8    1    9    2    3    11   7    10   12   8    4    9    5    6    11   
37         0.0014128608522987628  10642.738562090854     13         9    11   13   1    2    10   12   3    4    9    11   13   5    6    10   12   7    8    
191        0.007293416832136856   10626.90196078357      11         5    9    10   7    1    8    11   6    2    5    9    10   7    3    8    11   6    4    
49         0.001871085993584848   10416.07189542433      11         5    9    10   1    7    8    11   6    2    5    9    10   3    7    8    11   6    4    
197        0.007522529402779899   10392.830065358981     12         7    9    10   8    1    2    11   3    12   7    9    10   8    4    5    11   6    12   
16         6.109668550481136E-4   10351.934640522317     13         9    1    12   2    3    11   4    10   13   9    5    12   6    7    11   8    10   13   
219        0.008362608828471056   10186.771241829505     11         5    8    9    7    1    2    10   6    11   5    8    9    7    3    4    10   6    11   
360        0.013746754238582556   9964.143790849332      10         3    7    8    1    5    6    9    4    10   3    7    8    2    5    6    9    4    10   
13         4.964105697265924E-4   9922.346405228323      13         9    1    2    3    4    11   12   10   13   9    5    6    7    8    11   12   10   13   
3          1.1455628532152131E-4  9862.13071895408       15         13   15   1    2    3    4    5    14   6    13   15   7    8    9    10   11   14   12   
233        0.008897204826638154   9566.117647058554      10         1    7    8    4    5    6    9    3    10   2    7    8    4    5    6    9    3    10   
24         9.164502825721705E-4   9557.75816993437       13         9    12   1    11   2    3    4    10   13   9    12   5    11   6    7    8    10   13   
12         4.5822514128608525E-4  9551.568627450752      14         1    11   12   2    3    4    13   5    14   6    11   12   7    8    9    13   10   14   
383        0.01462501909271422    9347.980392156718      10         3    8    1    5    6    7    9    4    10   3    8    2    5    6    7    9    4    10   
91         0.003474873988086146   8953.725490195899      12         7    11   1    9    2    10   3    8    12   7    11   4    9    5    10   6    8    12   
144        0.005498701695433023   8859.836601307185      11         5    10   1    7    8    9    2    6    11   5    10   3    7    8    9    4    6    11   
9          3.436688559645639E-4   8809.209150326753      16         1    2    3    4    5    15   6    7    16   8    9    10   11   12   15   13   14   16   
30         0.001145562853215213   8718.823529411831      12         7    10   1    2    8    9    11   3    12   7    10   4    5    8    9    11   6    12   
36         0.0013746754238582557  8695.46405228752       12         7    1    11   8    9    10   12   2    3    7    4    11   8    9    10   12   5    6    
313        0.011952039101878724   8680.594771241742      11         5    8    9    6    7    1    10   2    11   5    8    9    6    7    3    10   4    11   
58         0.002214754849549412   8328.261437908614      12         1    10   11   8    2    9    3    7    12   4    10   11   8    5    9    6    7    12   
44         0.0016801588513823125  8281.725490196226      12         7    10   1    8    9    2    11   3    12   7    10   4    8    9    5    11   6    12   
10         3.8185428440507105E-4  8277.568627451226      17         1    2    3    4    5    6    7    8    17   9    10   11   12   13   14   15   16   17   
140        0.0053459599816709944  8250.248366013282      13         9    11   12   10   1    2    3    4    13   9    11   12   10   5    6    7    8    13   
186        0.007102489689934321   8118.013071895558      12         7    10   11   8    1    9    12   2    3    7    10   11   8    4    9    12   5    6    
113        0.004314953413777302   7937.0392156864        12         7    1    11   8    9    10   2    3    12   7    4    11   8    9    10   5    6    12   
5          1.9092714220253552E-4  7886.64052287603       14         11   1    2    12   13   3    14   4    5    11   6    7    12   13   8    14   9    10   
27         0.0010310065678936918  7784.601307189603      12         7    11   12   1    9    10   2    8    3    7    11   12   4    9    10   5    8    6    
120        0.004582251412860852   7778.496732026337      11         5    9    11   1    7    8    2    6    10   5    9    11   3    7    8    4    6    10   
38         0.0014510462807392698  7649.509803921654      14         11   13   14   1    2    12   3    4    5    11   13   14   6    7    12   8    9    10   
285        0.010882847105544524   7642.052287581816      11         5    8    9    1    6    7    10   2    11   5    8    9    3    6    7    10   4    11   
53         0.0020238277073468766  7328.30718954261       14         11   13   14   12   1    2    3    4    5    11   13   14   12   6    7    8    9    10   
8          3.054834275240568E-4   7318.908496732157      12         1    2    10   8    9    3    11   7    12   4    5    10   8    9    6    11   7    12   
251        0.009584542538567282   7304.163398692946      11         5    9    1    6    7    8    10   2    11   5    9    3    6    7    8    10   4    11   
35         0.0013364899954177486  7032.300653594928      13         9    13   1    10   11   12   2    3    4    9    13   5    10   11   12   6    7    8    
27         0.0010310065678936918  6993.647058823621      12         7    10   1    9    2    3    11   8    12   7    10   4    9    5    6    11   8    12   
41         0.0015656025660607913  6964.620915032814      12         7    9    10   1    2    3    11   8    12   7    9    10   4    5    6    11   8    12   
19         7.255231403696349E-4   6932.058823529605      13         9    1    2    11   3    12   4    10   13   9    5    6    11   7    12   8    10   13   
44         0.0016801588513823125  6917.176470588346      12         7    11   1    8    9    10   12   2    3    7    11   4    8    9    10   12   5    6    
119        0.0045440659844203455  6886.169934640695      12         7    11   12   8    9    10   1    2    3    7    11   12   8    9    10   4    5    6    
20         7.637085688101421E-4   6744.418300653768      13         9    12   1    2    10   11   3    4    13   9    12   5    6    10   11   7    8    13   
71         0.0027111654192760043  6731.823529411889      12         7    10   11   1    2    9    3    8    12   7    10   11   4    5    9    6    8    12   
8          3.054834275240568E-4   6731.660130719101      15         13   1    2    14   15   3    4    5    6    13   7    8    14   15   9    10   11   12   
273        0.010424621964258439   6657.41176470604       11         5    1    9    6    7    8    10   2    11   5    3    9    6    7    8    10   4    11   
13         4.964105697265924E-4   6642.980392156921      12         7    1    11   2    9    10   12   8    3    7    4    11   5    9    10   12   8    6    
14         5.345959981670994E-4   6639.895424836727      13         9    1    12   10   11   2    13   3    4    9    5    12   10   11   6    13   7    8    
4          1.527417137620284E-4   6617.732026143935      14         1    12   13   2    3    4    5    11   14   6    12   13   7    8    9    10   11   14   
128        0.004887734840384909   6373.70588235311       11         5    1    11   7    8    9    2    6    10   5    3    11   7    8    9    4    6    10   
106        0.004047655414693753   6246.84313725505       12         7    10   12   1    8    9    2    3    11   7    10   12   4    8    9    5    6    11   
14         5.345959981670994E-4   6131.379084967468      14         11   1    14   2    3    4    12   5    13   11   6    14   7    8    9    12   10   13   
31         0.00118374828165572    6124.424836601408      12         7    1    12   2    8    9    10   3    11   7    4    12   5    8    9    10   6    11   
116        0.004429509699098824   6100.581699346491      13         9    11   12   1    2    10   3    4    13   9    11   12   5    6    10   7    8    13   
8          3.054834275240568E-4   5962.816993464188      13         9    1    12   2    3    11   13   10   4    9    5    12   6    7    11   13   10   8    
10         3.8185428440507105E-4  5956.43137254914       14         11   1    2    13   3    14   4    12   5    11   6    7    13   8    14   9    12   10   
37         0.0014128608522987628  5953.0392156863945     13         1    2    11   9    3    10   12   4    13   5    6    11   9    7    10   12   8    13   
18         6.873377119291278E-4   5944.150326797503      15         13   14   15   1    2    3    4    5    6    13   14   15   7    8    9    10   11   12   
368        0.014052237666106613   5918.666666666763      10         3    1    8    5    6    7    9    4    10   3    2    8    5    6    7    9    4    10   
23         8.782648541316633E-4   5541.006535947826      13         9    11   12   1    2    3    4    10   13   9    11   12   5    6    7    8    10   13   
76         0.0029020925614785397  5525.418300653693      11         1    9    10   6    7    8    2    5    11   3    9    10   6    7    8    4    5    11   
11         4.200397128455781E-4   5452.261437908598      14         11   1    14   12   2    3    13   4    5    11   6    14   12   7    8    13   9    10   
54         0.0020620131357873836  5449.823529411877      13         9    11   13   10   1    2    12   3    4    9    11   13   10   5    6    12   7    8    
52         0.0019856422789063695  5390.764705882458      12         7    10   12   8    9    1    11   2    3    7    10   12   8    9    4    11   5    6    
36         0.0013746754238582557  5336.228758170024      12         7    11   1    9    2    10   12   8    3    7    11   4    9    5    10   12   8    6    
119        0.0045440659844203455  5313.431372549104      12         7    11   1    8    9    10   2    3    12   7    11   4    8    9    10   5    6    12   
18         6.873377119291278E-4   5178.30065359486       14         11   12   1    2    3    4    13   5    14   11   12   6    7    8    9    13   10   14   
47         0.001794715136703834   5167.986928104667      12         7    1    10   8    9    2    11   3    12   7    4    10   8    9    5    11   6    12   
6          2.2911257064304262E-4  5162.921568627559      17         1    17   2    3    4    5    6    7    8    9    17   10   11   12   13   14   15   16   
17         6.491522834886208E-4   5110.699346405333      13         9    12   1    10   11   2    13   3    4    9    12   5    10   11   6    13   7    8    
50         0.0019092714220253551  5095.555555555643      11         1    8    9    6    7    2    10   5    11   3    8    9    6    7    4    10   5    11   
21         8.018939972506492E-4   5050.183006536037      13         1    11   12   10   2    3    4    9    13   5    11   12   10   6    7    8    9    13   
51         0.0019474568504658622  5021.470588235374      11         5    8    11   1    7    2    9    6    10   5    8    11   3    7    4    9    6    10   
155        0.005918741408278601   4991.176470588323      11         1    8    11   5    6    7    9    2    10   3    8    11   5    6    7    9    4    10   
34         0.0012983045669772415  4822.954248366097      13         9    12   1    10   11   2    3    4    13   9    12   5    10   11   6    7    8    13   
5          1.9092714220253552E-4  4819.575163398774      13         1    11   2    3    9    10   12   4    13   5    11   6    7    9    10   12   8    13   
4          1.527417137620284E-4   4815.411764705961      15         1    13   2    3    4    5    14   6    15   7    13   8    9    10   11   14   12   15   
64         0.0024438674201924544  4782.40522875826       11         5    9    1    7    8    2    11   6    10   5    9    3    7    8    4    11   6    10   
106        0.004047655414693753   4732.470588235379      11         1    8    9    6    2    7    10   5    11   3    8    9    6    4    7    10   5    11   
38         0.0014510462807392698  4633.503267973923      13         9    1    13   10   2    11   12   3    4    9    5    13   10   6    11   12   7    8    
181        0.006911562547731786   4601.039215686343      12         7    10   1    8    2    9    11   3    12   7    10   4    8    5    9    11   6    12   
131        0.00500229112570643    4411.751633986984      13         9    12   13   10   1    11   2    3    4    9    12   13   10   5    11   6    7    8    
2          7.63708568810142E-5    4403.385620915088      13         1    2    12   10   3    11   13   9    4    5    6    12   10   7    11   13   9    8    
8          3.054834275240568E-4   4402.000000000068      16         1    2    16   3    4    15   5    6    7    8    9    16   10   11   15   12   13   14   
1          3.81854284405071E-5    4380.117647058886      14         1    2    3    4    12   13   5    11   14   6    7    8    9    12   13   10   11   14   
33         0.0012601191385367345  4269.470588235361      12         7    9    10   1    8    2    11   3    12   7    9    10   4    8    5    11   6    12   
14         5.345959981670994E-4   4234.313725490281      12         1    2    10   8    3    9    11   7    12   4    5    10   8    6    9    11   7    12   
6          2.2911257064304262E-4  4223.176470588267      12         7    11   1    2    9    10   12   8    3    7    11   4    5    9    10   12   8    6    
19         7.255231403696349E-4   4210.2483660131375     12         7    1    12   9    10   11   2    8    3    7    4    12   9    10   11   5    8    6    
6          2.2911257064304262E-4  4208.660130719003      13         1    11   12   2    9    10   13   3    4    5    11   12   6    9    10   13   7    8    
11         4.200397128455781E-4   4187.398692810532      13         9    1    2    3    10   11   12   4    13   9    5    6    7    10   11   12   8    13   
3          1.1455628532152131E-4  4178.398692810537      13         1    2    11   3    10   4    12   9    13   5    6    11   7    10   8    12   9    13   
9          3.436688559645639E-4   4173.392156862815      12         7    1    2    9    10   3    11   8    12   7    4    5    9    10   6    11   8    12   
5          1.9092714220253552E-4  4170.117647058898      16         15   1    2    3    4    5    6    7    16   15   8    9    10   11   12   13   14   16   
11         4.200397128455781E-4   4163.679738562155      14         1    2    12   3    4    11   13   5    14   6    7    12   8    9    11   13   10   14   
4          1.527417137620284E-4   4154.372549019689      13         1    13   2    10   11   12   3    9    4    5    13   6    10   11   12   7    9    8    
36         0.0013746754238582557  4152.222222222305      12         1    9    10   7    8    2    11   3    12   4    9    10   7    8    5    11   6    12   
59         0.002252940277989919   4110.8562091503945     11         5    9    10   7    8    1    11   6    2    5    9    10   7    8    3    11   6    4    
47         0.001794715136703834   4067.6732026144527     13         9    1    11   2    3    10   12   4    13   9    5    11   6    7    10   12   8    13   
32         0.0012219337100962272  4019.28758169944       13         9    1    12   10   11   2    3    4    13   9    5    12   10   11   6    7    8    13   
70         0.0026729799908354972  3994.6732026144387     13         1    11   12   9    2    10   3    4    13   5    11   12   9    6    10   7    8    13   
28         0.0010691919963341989  3913.594771241905      12         1    10   2    7    8    9    11   3    12   4    10   5    7    8    9    11   6    12   
27         0.0010310065678936918  3892.581699346478      15         13   1    15   14   2    3    4    5    6    13   7    15   14   8    9    10   11   12   
97         0.003703986558729189   3866.000000000037      13         9    1    12   10   2    11   3    4    13   9    5    12   10   6    11   7    8    13   
10         3.8185428440507105E-4  3855.6993464052834     12         1    10   12   8    9    2    3    7    11   4    10   12   8    9    5    6    7    11   
9          3.436688559645639E-4   3756.0980392157426     13         1    12   13   10   2    11   3    9    4    5    12   13   10   6    11   7    9    8    
6          2.2911257064304262E-4  3742.679738562113      15         13   1    2    3    14   4    5    6    15   13   7    8    9    14   10   11   12   15   
11         4.200397128455781E-4   3739.0849673203347     13         9    1    11   2    10   3    12   4    13   9    5    11   6    10   7    12   8    13   
41         0.0015656025660607913  3724.745098039256      14         11   13   1    2    3    12   4    5    14   11   13   6    7    8    12   9    10   14   
10         3.8185428440507105E-4  3724.614379085006      12         1    2    3    8    9    10   12   7    11   4    5    6    8    9    10   12   7    11   
3          1.1455628532152131E-4  3717.1176470588675     15         1    2    14   3    4    13   15   5    6    7    8    14   9    10   13   15   11   12   
50         0.0019092714220253551  3677.5424836601906     11         5    1    9    7    8    2    10   6    11   5    3    9    7    8    4    10   6    11   
52         0.0019856422789063695  3634.2091503268675     13         9    10   11   1    2    3    12   4    13   9    10   11   5    6    7    12   8    13   
21         8.018939972506492E-4   3580.980392156896      13         1    12   2    9    10   11   3    4    13   5    12   6    9    10   11   7    8    13   
12         4.5822514128608525E-4  3555.1307189543136     14         11   13   1    2    12   3    4    5    14   11   13   6    7    12   8    9    10   14   
16         6.109668550481136E-4   3548.4509803922183     13         9    1    12   2    10   11   3    4    13   9    5    12   6    10   11   7    8    13   
8          3.054834275240568E-4   3528.699346405289      14         1    13   2    11   3    12   14   4    5    6    13   7    11   8    12   14   9    10   
5          1.9092714220253552E-4  3526.111111111165      15         13   1    2    3    14   15   4    5    6    13   7    8    9    14   15   10   11   12   
29         0.001107377424774706   3519.1960784314197     12         7    1    2    9    10   11   3    8    12   7    4    5    9    10   11   6    8    12   
28         0.0010691919963341989  3490.0261437909026     13         9    12   13   1    10   11   2    3    4    9    12   13   5    10   11   6    7    8    
17         6.491522834886208E-4   3457.816993464094      13         9    11   12   1    10   2    13   3    4    9    11   12   5    10   6    13   7    8    
43         0.0016419734229418054  3455.307189542522      14         11   1    13   12   2    3    4    5    14   11   6    13   12   7    8    9    10   14   
9          3.436688559645639E-4   3406.42483660135       14         1    12   13   11   2    3    14   4    5    6    12   13   11   7    8    14   9    10   
23         8.782648541316633E-4   3397.725490196123      12         1    9    10   8    2    3    11   7    12   4    9    10   8    5    6    11   7    12   
14         5.345959981670994E-4   3375.496732026195      14         11   1    2    13   3    4    5    12   14   11   6    7    13   8    9    10   12   14   
94         0.003589430273407668   3364.84313725495       12         7    11   12   9    1    10   2    8    3    7    11   12   9    4    10   5    8    6    
2          7.63708568810142E-5    3355.3660130719522     15         1    2    15   3    4    14   5    13   6    7    8    15   9    10   14   11   13   12   
16         6.109668550481136E-4   3263.627450980428      12         7    11   1    2    9    10   3    8    12   7    11   4    5    9    10   6    8    12   
4          1.527417137620284E-4   3248.2026143791004     14         1    13   14   12   2    3    4    11   5    6    13   14   12   7    8    9    11   10   
33         0.0012601191385367345  3246.712418300692      12         7    10   11   1    2    9    12   8    3    7    10   11   4    5    9    12   8    6    
52         0.0019856422789063695  3222.2483660131115     14         11   13   1    12   2    3    4    5    14   11   13   6    12   7    8    9    10   14   
20         7.637085688101421E-4   3168.2875816993974     14         1    12   13   2    3    11   4    5    14   6    12   13   7    8    11   9    10   14   
16         6.109668550481136E-4   3147.8692810457933     12         1    10   2    8    3    9    11   7    12   4    10   5    8    6    9    11   7    12   
7          2.672979990835497E-4   3131.1176470588653     13         9    1    2    11   3    4    12   10   13   9    5    6    11   7    8    12   10   13   
26         9.928211394531847E-4   3117.85620915036       12         7    11   12   9    10   1    2    8    3    7    11   12   9    10   4    5    8    6    
1          3.81854284405071E-5    3112.1960784314047     15         1    2    3    4    14   15   5    13   6    7    8    9    10   14   15   11   13   12   
15         5.727814266076065E-4   3097.5098039216155     15         13   14   1    2    3    4    5    6    15   13   14   7    8    9    10   11   12   15   
13         4.964105697265924E-4   3084.614379084997      15         1    15   2    13   3    14   4    5    6    7    15   8    13   9    14   10   11   12   
5          1.9092714220253552E-4  3074.065359477155      14         1    2    12   11   3    4    13   5    14   6    7    12   11   8    9    13   10   14   
20         7.637085688101421E-4   3066.8300653595306     15         13   1    14   2    3    4    5    6    15   13   7    14   8    9    10   11   12   15   
42         0.0016037879945012983  3045.143790849715      12         7    10   11   9    1    2    12   8    3    7    10   11   9    4    5    12   8    6    
11         4.200397128455781E-4   3005.3398692810765     16         15   1    2    16   3    4    5    6    7    15   8    9    16   10   11   12   13   14   
29         0.001107377424774706   2994.5686274510067     11         1    2    11   6    7    8    9    5    10   3    4    11   6    7    8    9    5    10   
12         4.5822514128608525E-4  2957.7320261438326     14         1    2    3    11   4    12   13   5    14   6    7    8    11   9    12   13   10   14   
9          3.436688559645639E-4   2956.7058823529796     12         7    10   11   1    9    2    12   8    3    7    10   11   4    9    5    12   8    6    
6          2.2911257064304262E-4  2953.6209150327095     13         9    11   1    2    3    4    12   10   13   9    11   5    6    7    8    12   10   13   
19         7.255231403696349E-4   2940.5686274510185     14         11   1    2    12   13   3    4    5    14   11   6    7    12   13   8    9    10   14   
25         9.546357110126776E-4   2921.5294117647422     12         1    9    10   2    7    8    11   3    12   4    9    10   5    7    8    11   6    12   
24         9.164502825721705E-4   2900.509803921604      14         11   1    2    12   3    13   4    5    14   11   6    7    12   8    13   9    10   14   
5          1.9092714220253552E-4  2896.1503267974153     14         1    2    13   3    11   12   4    5    14   6    7    13   8    11   12   9    10   14   
50         0.0019092714220253551  2874.601307189571      13         9    1    11   10   2    3    12   4    13   9    5    11   10   6    7    12   8    13   
49         0.001871085993584848   2817.620915032714      11         5    9    1    2    7    8    10   6    11   5    9    3    4    7    8    10   6    11   
17         6.491522834886208E-4   2770.078431372571      14         11   1    13   2    12   3    4    5    14   11   6    13   7    12   8    9    10   14   
10         3.8185428440507105E-4  2751.104575163428      13         9    11   12   1    2    3    13   10   4    9    11   12   5    6    7    13   10   8    
11         4.200397128455781E-4   2748.5686274510103     14         11   1    13   2    3    12   14   4    5    11   6    13   7    8    12   14   9    10   
39         0.001489231709179777   2732.607843137277      11         5    1    9    2    7    8    10   6    11   5    3    9    4    7    8    10   6    11   
29         0.001107377424774706   2695.4640522876152     12         1    10   11   7    8    9    12   2    3    4    10   11   7    8    9    12   5    6    
3          1.1455628532152131E-4  2693.098039215716      13         1    10   11   2    3    4    12   9    13   5    10   11   6    7    8    12   9    13   
1          3.81854284405071E-5    2691.9150326797644     15         13   1    2    3    4    15   5    14   6    13   7    8    9    10   15   11   14   12   
17         6.491522834886208E-4   2671.490196078467      15         13   1    2    14   3    15   4    5    6    13   7    8    14   9    15   10   11   12   
10         3.8185428440507105E-4  2649.026143790872      13         1    11   12   2    3    10   4    9    13   5    11   12   6    7    10   8    9    13   
9          3.436688559645639E-4   2639.0653594771566     14         1    13   2    11   12   3    4    5    14   6    13   7    11   12   8    9    10   14   
10         3.8185428440507105E-4  2626.921568627469      13         9    11   1    2    10   3    12   4    13   9    11   5    6    10   7    12   8    13   
10         3.8185428440507105E-4  2621.555555555584      14         1    12   14   2    3    11   13   4    5    6    12   14   7    8    11   13   9    10   
34         0.0012983045669772415  2608.6601307189785     13         1    11   13   9    10   2    3    4    12   5    11   13   9    10   6    7    8    12   
3          1.1455628532152131E-4  2603.895424836634      16         1    16   2    3    15   4    5    6    7    8    16   9    10   15   11   12   13   14   
49         0.001871085993584848   2581.0915032679973     13         9    12   1    10   2    11   13   3    4    9    12   5    10   6    11   13   7    8    
5          1.9092714220253552E-4  2525.2810457516557     15         1    2    15   13   14   3    4    5    6    7    8    15   13   14   9    10   11   12   
37         0.0014128608522987628  2523.0457516340075     13         9    11   1    2    3    10   12   4    13   9    11   5    6    7    10   12   8    13   
3          1.1455628532152131E-4  2519.7973856209373     15         1    2    15   3    13   14   4    5    6    7    8    15   9    13   14   10   11   12   
28         0.0010691919963341989  2488.5555555555698     14         11   1    13   2    3    12   4    5    14   11   6    13   7    8    12   9    10   14   
28         0.0010691919963341989  2451.3921568627634     12         7    10   12   1    9    2    3    8    11   7    10   12   4    9    5    6    8    11   
11         4.200397128455781E-4   2431.862745098066      14         11   1    2    3    4    12   13   5    14   11   6    7    8    9    12   13   10   14   
13         4.964105697265924E-4   2416.6993464052466     13         1    11   13   9    10   2    12   3    4    5    11   13   9    10   6    12   7    8    
11         4.200397128455781E-4   2402.0000000000086     14         11   13   14   1    2    3    4    12   5    11   13   14   6    7    8    9    12   10   
5          1.9092714220253552E-4  2398.2875816993655     15         1    2    3    13   4    5    14   6    15   7    8    9    13   10   11   14   12   15   
41         0.0015656025660607913  2393.718954248385      13         1    10   11   9    2    3    12   4    13   5    10   11   9    6    7    12   8    13   
40         0.0015274171376202842  2354.5228758170115     13         1    11   12   9    2    10   13   3    4    5    11   12   9    6    10   13   7    8    
5          1.9092714220253552E-4  2312.4836601307325     15         13   1    2    15   3    4    5    14   6    13   7    8    15   9    10   11   14   12   
31         0.00118374828165572    2305.9542483660307     13         9    1    2    10   3    11   12   4    13   9    5    6    10   7    11   12   8    13   
8          3.054834275240568E-4   2303.640522875827      15         13   14   1    2    3    4    15   5    6    13   14   7    8    9    10   15   11   12   
13         4.964105697265924E-4   2273.1176470588457     14         11   1    2    12   3    13   14   4    5    11   6    7    12   8    13   14   9    10   
19         7.255231403696349E-4   2260.405228758187      13         1    2    12   9    10   11   3    4    13   5    6    12   9    10   11   7    8    13   
28         0.0010691919963341989  2243.6601307189753     14         11   1    14   12   2    13   3    4    5    11   6    14   12   7    13   8    9    10   
32         0.0012219337100962272  2211.61437908498       13         1    10   11   2    3    9    12   4    13   5    10   11   6    7    9    12   8    13   
31         0.00118374828165572    2182.013071895442      12         7    1    11   9    2    10   12   8    3    7    4    11   9    5    10   12   8    6    
5          1.9092714220253552E-4  2147.4052287581867     12         1    11   2    8    9    10   12   7    3    4    11   5    8    9    10   12   7    6    
2          7.63708568810142E-5    2146.4379084967436     13         1    2    3    10   11   12   4    9    13   5    6    7    10   11   12   8    9    13   
25         9.546357110126776E-4   2142.915032679758      12         7    11   1    9    10   2    3    8    12   7    11   4    9    10   5    6    8    12   
25         9.546357110126776E-4   2124.2156862745196     14         1    2    13   11   3    12   4    5    14   6    7    13   11   8    12   9    10   14   
32         0.0012219337100962272  2093.745098039216      11         1    9    2    6    7    8    10   5    11   3    9    4    6    7    8    10   5    11   
15         5.727814266076065E-4   2064.05228758171       12         1    2    11   8    9    10   3    7    12   4    5    11   8    9    10   6    7    12   
5          1.9092714220253552E-4  2045.7058823529446     13         1    12   2    3    10   11   4    9    13   5    12   6    7    10   11   8    9    13   
9          3.436688559645639E-4   2041.4575163398804     12         1    2    11   8    9    10   12   7    3    4    5    11   8    9    10   12   7    6    
3          1.1455628532152131E-4  2035.699346405228      13         1    2    3    9    10   11   12   4    13   5    6    7    9    10   11   12   8    13   
28         0.0010691919963341989  2032.405228758174      12         7    1    10   2    3    9    11   8    12   7    4    10   5    6    9    11   8    12   
6          2.2911257064304262E-4  2003.875816993472      13         1    2    11   9    10   3    12   4    13   5    6    11   9    10   7    12   8    13   
35         0.0013364899954177486  2000.8039215686351     13         9    1    2    10   11   12   3    4    13   9    5    6    10   11   12   7    8    13   
2          7.63708568810142E-5    1997.0849673202663     16         15   1    2    3    16   4    5    6    7    15   8    9    10   16   11   12   13   14   
13         4.964105697265924E-4   1961.7647058823666     13         1    12   2    10   3    11   4    9    13   5    12   6    10   7    11   8    9    13   
4          1.527417137620284E-4   1960.274509803929      14         11   1    2    3    12   4    13   5    14   11   6    7    8    12   9    13   10   14   
100        0.0038185428440507103  1949.529411764712      12         1    9    10   7    2    8    11   3    12   4    9    10   7    5    8    11   6    12   
24         9.164502825721705E-4   1847.2941176470656     12         7    10   11   1    8    9    12   2    3    7    10   11   4    8    9    12   5    6    
13         4.964105697265924E-4   1828.1111111111238     13         1    2    12   10   3    11   4    9    13   5    6    12   10   7    11   8    9    13   
28         0.0010691919963341989  1814.9673202614413     14         1    12   14   11   2    3    4    5    13   6    12   14   11   7    8    9    10   13   
12         4.5822514128608525E-4  1782.718954248376      14         11   1    2    12   13   14   3    4    5    11   6    7    12   13   14   8    9    10   
3          1.1455628532152131E-4  1782.261437908497      13         1    11   13   2    10   3    4    9    12   5    11   13   6    10   7    8    9    12   
4          1.527417137620284E-4   1781.2026143790897     16         1    2    16   3    15   4    5    6    7    8    9    16   10   15   11   12   13   14   
29         0.001107377424774706   1769.522875817005      13         9    12   13   11   1    2    3    10   4    9    12   13   11   5    6    7    10   8    
28         0.0010691919963341989  1738.496732026147      13         9    11   13   1    10   2    3    4    12   9    11   13   5    10   6    7    8    12   
15         5.727814266076065E-4   1709.9738562091495     13         1    11   12   2    9    10   3    4    13   5    11   12   6    9    10   7    8    13   
5          1.9092714220253552E-4  1697.0196078431372     14         11   1    13   2    3    4    14   12   5    11   6    13   7    8    9    14   12   10   
3          1.1455628532152131E-4  1691.2614379084996     13         9    1    13   2    11   12   3    10   4    9    5    13   6    11   12   7    10   8    
1          3.81854284405071E-5    1688.2549019607866     14         1    2    13   3    12   4    14   11   5    6    7    13   8    12   9    14   11   10   
8          3.054834275240568E-4   1685.3464052287593     13         1    12   13   2    10   11   3    9    4    5    12   13   6    10   11   7    9    8    
40         0.0015274171376202842  1681.09803921568       11         5    10   1    7    8    9    11   6    2    5    10   3    7    8    9    11   6    4    
13         4.964105697265924E-4   1641.0457516339854     13         9    1    12   2    10   11   13   3    4    9    5    12   6    10   11   13   7    8    
8          3.054834275240568E-4   1627.4640522875852     14         11   1    13   2    12   3    14   4    5    11   6    13   7    12   8    14   9    10   
12         4.5822514128608525E-4  1620.0653594771309     12         7    11   1    9    10   2    12   8    3    7    11   4    9    10   5    12   8    6    
12         4.5822514128608525E-4  1611.3529411764694     13         9    1    2    10   11   3    12   4    13   9    5    6    10   11   7    12   8    13   
75         0.0028639071330380326  1602.5882352941283     12         7    1    12   9    2    10   3    8    11   7    4    12   9    5    10   6    8    11   
1          3.81854284405071E-5    1524.9738562091509     15         1    2    3    4    13   5    14   6    15   7    8    9    10   13   11   14   12   15   
7          2.672979990835497E-4   1523.0261437908491     14         1    13   14   2    11   12   3    4    5    6    13   14   7    11   12   8    9    10   
9          3.436688559645639E-4   1519.7777777777835     16         15   1    16   2    3    4    5    6    7    15   8    16   9    10   11   12   13   14   
15         5.727814266076065E-4   1509.3594771241842     15         1    13   14   2    3    4    5    6    15   7    13   14   8    9    10   11   12   15   
5          1.9092714220253552E-4  1493.300653594774      13         9    1    2    3    11   4    12   10   13   9    5    6    7    11   8    12   10   13   
34         0.0012983045669772415  1491.535947712423      12         7    1    2    8    9    10   12   3    11   7    4    5    8    9    10   12   6    11   
24         9.164502825721705E-4   1461.1241830065424     15         13   1    2    14   3    4    5    6    15   13   7    8    14   9    10   11   12   15   
36         0.0013746754238582557  1433.5228758169937     12         7    1    12   9    2    3    10   8    11   7    4    12   9    5    6    10   8    11   
15         5.727814266076065E-4   1400.3464052287618     14         11   1    2    12   3    4    13   5    14   11   6    7    12   8    9    13   10   14   
11         4.200397128455781E-4   1385.6339869281035     13         9    1    2    11   3    12   13   10   4    9    5    6    11   7    12   13   10   8    
20         7.637085688101421E-4   1376.2156862745126     15         13   1    2    3    4    14   5    6    15   13   7    8    9    10   14   11   12   15   
26         9.928211394531847E-4   1354.11111111111       13         9    1    12   11   2    3    4    10   13   9    5    12   11   6    7    8    10   13   
11         4.200397128455781E-4   1329.9215686274526     14         1    12   2    11   3    4    13   5    14   6    12   7    11   8    9    13   10   14   
10         3.8185428440507105E-4  1318.3464052287607     14         11   1    14   2    12   13   3    4    5    11   6    14   7    12   13   8    9    10   
21         8.018939972506492E-4   1310.137254901963      13         1    11   2    9    3    10   12   4    13   5    11   6    9    7    10   12   8    13   
9          3.436688559645639E-4   1285.6601307189546     13         9    1    11   2    3    4    12   10   13   9    5    11   6    7    8    12   10   13   
12         4.5822514128608525E-4  1278.7647058823525     14         11   12   13   1    2    3    14   4    5    11   12   13   6    7    8    14   9    10   
29         0.001107377424774706   1268.516339869279      13         9    1    13   10   11   12   2    3    4    9    5    13   10   11   12   6    7    8    
29         0.001107377424774706   1242.7385620915065     14         11   14   1    12   2    13   3    4    5    11   14   6    12   7    13   8    9    10   
49         0.001871085993584848   1210.1045751633967     11         5    1    2    7    8    9    10   6    11   5    3    4    7    8    9    10   6    11   
5          1.9092714220253552E-4  1163.9803921568605     13         9    13   1    2    11   12   3    10   4    9    13   5    6    11   12   7    10   8    
23         8.782648541316633E-4   1156.692810457512      12         7    1    11   9    10   2    3    8    12   7    4    11   9    10   5    6    8    12   
14         5.345959981670994E-4   1137.83660130719       14         11   13   1    12   2    3    14   4    5    11   13   6    12   7    8    14   9    10   
32         0.0012219337100962272  1123.444444444444      14         11   12   13   1    2    3    4    5    14   11   12   13   6    7    8    9    10   14   
17         6.491522834886208E-4   1094.0457516339884     16         15   16   1    2    3    4    5    6    7    15   16   8    9    10   11   12   13   14   
2          7.63708568810142E-5    1075.7777777777744     14         1    2    13   12   3    4    5    11   14   6    7    13   12   8    9    10   11   14   
12         4.5822514128608525E-4  1075.1241830065342     15         13   15   1    14   2    3    4    5    6    13   15   7    14   8    9    10   11   12   
4          1.527417137620284E-4   1063.7647058823532     14         1    13   14   2    3    12   4    11   5    6    13   14   7    8    12   9    11   10   
15         5.727814266076065E-4   1058.0130718954224     14         11   14   1    12   13   2    3    4    5    11   14   6    12   13   7    8    9    10   
22         8.400794256911562E-4   1042.7647058823504     12         1    2    10   7    8    9    11   3    12   4    5    10   7    8    9    11   6    12   
19         7.255231403696349E-4   1024.2810457516334     14         1    13   14   11   2    12   3    4    5    6    13   14   11   7    12   8    9    10   
13         4.964105697265924E-4   1003.05882352941       13         9    1    2    10   11   12   13   3    4    9    5    6    10   11   12   13   7    8    
2          7.63708568810142E-5    992.2549019607837      15         1    15   2    13   14   3    4    5    6    7    15   8    13   14   9    10   11   12   
11         4.200397128455781E-4   991.8758169934625      17         1    2    3    17   4    5    6    7    8    9    10   11   17   12   13   14   15   16   
9          3.436688559645639E-4   980.5490196078428      15         1    14   15   2    3    13   4    5    6    7    14   15   8    9    13   10   11   12   
8          3.054834275240568E-4   968.5947712418296      13         9    1    2    11   12   3    4    10   13   9    5    6    11   12   7    8    10   13   
7          2.672979990835497E-4   960.3398692810442      12         7    1    12   2    9    10   3    8    11   7    4    12   5    9    10   6    8    11   
26         9.928211394531847E-4   954.7124183006492      12         7    1    2    9    3    10   11   8    12   7    4    5    9    6    10   11   8    12   
10         3.8185428440507105E-4  930.5163398692785      15         13   1    15   2    3    14   4    5    6    13   7    15   8    9    14   10   11   12   
15         5.727814266076065E-4   921.0392156862728      13         9    13   1    11   2    12   3    10   4    9    13   5    11   6    12   7    10   8    
13         4.964105697265924E-4   905.1895424836556      13         9    12   1    11   2    3    13   10   4    9    12   5    11   6    7    13   10   8    
11         4.200397128455781E-4   893.5751633986906      14         1    12   13   2    11   3    4    5    14   6    12   13   7    11   8    9    10   14   
3          1.1455628532152131E-4  882.8235294117613      14         1    12   2    3    11   4    13   5    14   6    12   7    8    11   9    13   10   14   
2          7.63708568810142E-5    879.6666666666644      15         1    2    14   3    13   4    15   5    6    7    8    14   9    13   10   15   11   12   
2          7.63708568810142E-5    876.267973856207       13         9    12   13   1    11   2    3    10   4    9    12   13   5    11   6    7    10   8    
8          3.054834275240568E-4   872.7254901960763      12         7    1    12   2    9    3    10   8    11   7    4    12   5    9    6    10   8    11   
4          1.527417137620284E-4   869.5359477124164      14         1    2    3    12   4    13   5    11   14   6    7    8    12   9    13   10   11   14   
4          1.527417137620284E-4   864.764705882352       14         1    2    3    11   12   13   4    5    14   6    7    8    11   12   13   9    10   14   
5          1.9092714220253552E-4  859.0915032679699      13         1    2    13   10   11   3    4    9    12   5    6    13   10   11   7    8    9    12   
10         3.8185428440507105E-4  855.2156862745078      15         1    2    15   3    13   4    5    6    14   7    8    15   9    13   10   11   12   14   
6          2.2911257064304262E-4  845.6405228758153      14         1    13   14   11   12   2    3    4    5    6    13   14   11   12   7    8    9    10   
2          7.63708568810142E-5    839.9411764705862      14         1    2    14   3    11   12   13   4    5    6    7    14   8    11   12   13   9    10   
14         5.345959981670994E-4   838.3856209150299      12         1    10   11   8    2    9    12   7    3    4    10   11   8    5    9    12   7    6    
21         8.018939972506492E-4   824.8104575163396      13         9    12   1    2    3    11   4    10   13   9    12   5    6    7    11   8    10   13   
13         4.964105697265924E-4   804.2156862745093      15         1    14   2    3    4    13   5    6    15   7    14   8    9    10   13   11   12   15   
2          7.63708568810142E-5    802.3725490196051      13         9    1    2    11   12   3    13   10   4    9    5    6    11   12   7    13   10   8    
21         8.018939972506492E-4   790.5359477124174      15         13   15   1    2    3    14   4    5    6    13   15   7    8    9    14   10   11   12   
10         3.8185428440507105E-4  768.8692810457513      12         1    11   2    8    9    10   3    7    12   4    11   5    8    9    10   6    7    12   
10         3.8185428440507105E-4  759.0392156862738      12         1    9    10   2    3    8    11   7    12   4    9    10   5    6    8    11   7    12   
6          2.2911257064304262E-4  749.9934640522855      13         1    11   2    3    4    10   12   9    13   5    11   6    7    8    10   12   9    13   
18         6.873377119291278E-4   742.9084967320239      11         1    9    10   6    7    8    11   5    2    3    9    10   6    7    8    11   5    4    
7          2.672979990835497E-4   728.0849673202619      16         1    2    16   15   3    4    5    6    7    8    9    16   15   10   11   12   13   14   
7          2.672979990835497E-4   720.6143790849651      16         15   1    2    3    4    5    16   6    7    15   8    9    10   11   12   16   13   14   
9          3.436688559645639E-4   712.3333333333313      14         11   13   1    2    3    4    5    12   14   11   13   6    7    8    9    10   12   14   
10         3.8185428440507105E-4  703.9150326797358      15         13   1    2    3    4    5    14   6    15   13   7    8    9    10   11   14   12   15   
1          3.81854284405071E-5    695.2352941176449      15         1    2    14   3    4    5    15   13   6    7    8    14   9    10   11   15   13   12   
4          1.527417137620284E-4   691.7908496732009      13         9    1    12   2    11   3    13   10   4    9    5    12   6    11   7    13   10   8    
6          2.2911257064304262E-4  688.8627450980385      14         11   1    14   13   2    3    4    12   5    11   6    14   13   7    8    9    12   10   
6          2.2911257064304262E-4  682.1307189542466      13         9    1    13   11   12   2    3    10   4    9    5    13   11   12   6    7    10   8    
12         4.5822514128608525E-4  677.8954248365992      14         11   13   1    2    3    12   14   4    5    11   13   6    7    8    12   14   9    10   
2          7.63708568810142E-5    667.0849673202592      15         1    2    3    4    5    6    14   13   15   7    8    9    10   11   12   14   13   15   
5          1.9092714220253552E-4  663.4379084967317      13         9    12   1    2    3    11   13   10   4    9    12   5    6    7    11   13   10   8    
10         3.8185428440507105E-4  660.2091503267968      14         1    2    13   11   3    12   14   4    5    6    7    13   11   8    12   14   9    10   
9          3.436688559645639E-4   650.6993464052277      17         17   1    2    3    4    5    6    7    8    17   9    10   11   12   13   14   15   16   
11         4.200397128455781E-4   642.2222222222214      15         1    2    15   13   3    14   4    5    6    7    8    15   13   9    14   10   11   12   
5          1.9092714220253552E-4  629.2483660130714      13         9    12   1    2    11   3    4    10   13   9    12   5    6    11   7    8    10   13   
8          3.054834275240568E-4   623.3202614379069      12         7    1    11   9    10   2    12   8    3    7    4    11   9    10   5    12   8    6    
6          2.2911257064304262E-4  616.9411764705869      12         1    2    10   3    8    9    11   7    12   4    5    10   6    8    9    11   7    12   
3          1.1455628532152131E-4  610.8366013071884      12         1    9    10   2    8    3    11   7    12   4    9    10   5    8    6    11   7    12   
12         4.5822514128608525E-4  609.9346405228749      15         1    14   15   13   2    3    4    5    6    7    14   15   13   8    9    10   11   12   
9          3.436688559645639E-4   598.8104575163394      15         1    2    3    13   4    14   5    6    15   7    8    9    13   10   14   11   12   15   
22         8.400794256911562E-4   589.4967320261426      14         1    13   2    11   3    12   4    5    14   6    13   7    11   8    12   9    10   14   
4          1.527417137620284E-4   568.2549019607839      16         1    2    15   3    4    5    16   6    7    8    9    15   10   11   12   16   13   14   
10         3.8185428440507105E-4  562.6993464052277      13         9    12   1    2    10   11   13   3    4    9    12   5    6    10   11   13   7    8    
2          7.63708568810142E-5    553.9019607843128      14         1    2    3    11   12   4    13   5    14   6    7    8    11   12   9    13   10   14   
4          1.527417137620284E-4   551.8235294117644      17         1    2    3    4    5    17   6    7    8    9    10   11   12   13   17   14   15   16   
2          7.63708568810142E-5    551.4313725490185      14         11   1    2    3    13   4    14   12   5    11   6    7    8    13   9    14   12   10   
2          7.63708568810142E-5    547.6013071895419      17         1    2    3    4    5    6    17   7    8    9    10   11   12   13   14   17   15   16   
9          3.436688559645639E-4   542.6078431372538      13         9    1    13   11   2    3    12   10   4    9    5    13   11   6    7    12   10   8    
12         4.5822514128608525E-4  536.3071895424831      16         1    2    3    15   4    5    6    7    16   8    9    10   15   11   12   13   14   16   
5          1.9092714220253552E-4  523.3856209150321      13         1    2    13   3    4    10   11   9    12   5    6    13   7    8    10   11   9    12   
1          3.81854284405071E-5    518.5816993464044      14         1    2    13   11   12   3    14   4    5    6    7    13   11   12   8    14   9    10   
6          2.2911257064304262E-4  517.5294117647052      14         1    2    12   3    11   4    13   5    14   6    7    12   8    11   9    13   10   14   
1          3.81854284405071E-5    512.4183006535941      14         1    2    3    4    5    12   13   11   14   6    7    8    9    10   12   13   11   14   
2          7.63708568810142E-5    512.0326797385616      16         1    2    16   3    4    5    6    15   7    8    9    16   10   11   12   13   15   14   
10         3.8185428440507105E-4  510.11111111111063     17         1    2    17   3    4    5    6    7    8    9    10   17   11   12   13   14   15   16   
10         3.8185428440507105E-4  498.7254901960777      13         1    2    11   3    9    10   12   4    13   5    6    11   7    9    10   12   8    13   
7          2.672979990835497E-4   489.87581699346316     14         1    12   2    3    4    11   13   5    14   6    12   7    8    9    11   13   10   14   
7          2.672979990835497E-4   482.12418300653536     13         9    12   13   1    2    11   3    10   4    9    12   13   5    6    11   7    10   8    
1          3.81854284405071E-5    477.09803921568533     16         1    2    3    4    15   5    16   6    7    8    9    10   11   15   12   16   13   14   
7          2.672979990835497E-4   475.6535947712411      16         1    15   16   2    3    4    5    6    7    8    15   16   9    10   11   12   13   14   
6          2.2911257064304262E-4  469.52941176470534     16         1    16   2    3    4    15   5    6    7    8    16   9    10   11   15   12   13   14   
2          7.63708568810142E-5    462.90196078431313     16         15   1    2    3    4    5    6    16   7    15   8    9    10   11   12   13   16   14   
3          1.1455628532152131E-4  461.5686274509798      15         1    15   2    3    13   14   4    5    6    7    15   8    9    13   14   10   11   12   
3          1.1455628532152131E-4  457.57516339869227     15         13   15   1    2    14   3    4    5    6    13   15   7    8    14   9    10   11   12   
1          3.81854284405071E-5    454.6666666666658      14         1    2    14   12   3    4    13   11   5    6    7    14   12   8    9    13   11   10   
2          7.63708568810142E-5    454.30065359477067     15         1    2    15   3    14   4    5    13   6    7    8    15   9    14   10   11   13   12   
2          7.63708568810142E-5    451.7581699346397      14         1    2    13   3    12   4    5    11   14   6    7    13   8    12   9    10   11   14   
11         4.200397128455781E-4   448.86928104575094     12         7    10   1    2    9    3    11   8    12   7    10   4    5    9    6    11   8    12   
14         5.345959981670994E-4   439.3071895424834      16         1    16   2    15   3    4    5    6    7    8    16   9    15   10   11   12   13   14   
1          3.81854284405071E-5    438.8366013071888      15         13   1    2    3    4    5    6    14   15   13   7    8    9    10   11   12   14   15   
2          7.63708568810142E-5    424.7254901960776      13         1    2    12   3    10   11   13   9    4    5    6    12   7    10   11   13   9    8    
5          1.9092714220253552E-4  423.32026143790796     14         1    14   2    11   12   13   3    4    5    6    14   7    11   12   13   8    9    10   
6          2.2911257064304262E-4  417.3398692810447      12         7    1    2    9    10   11   12   8    3    7    4    5    9    10   11   12   8    6    
4          1.527417137620284E-4   411.43137254901893     15         13   1    2    14   3    4    15   5    6    13   7    8    14   9    10   15   11   12   
6          2.2911257064304262E-4  408.39869281045696     13         1    12   2    10   3    11   13   9    4    5    12   6    10   7    11   13   9    8    
7          2.672979990835497E-4   401.86274509803854     14         11   14   1    2    12   13   3    4    5    11   14   6    7    12   13   8    9    10   
2          7.63708568810142E-5    396.3137254901958      16         1    2    3    4    15   5    6    7    16   8    9    10   11   15   12   13   14   16   
5          1.9092714220253552E-4  393.4117647058818      14         1    2    13   11   12   3    4    5    14   6    7    13   11   12   8    9    10   14   
10         3.8185428440507105E-4  389.928104575163       18         1    2    3    4    5    6    7    8    9    10   11   12   13   14   15   16   17   18   
10         3.8185428440507105E-4  378.816993464052       12         1    10   11   2    8    9    3    7    12   4    10   11   5    8    9    6    7    12   
8          3.054834275240568E-4   370.0588235294113      16         1    2    3    15   4    16   5    6    7    8    9    10   15   11   16   12   13   14   
9          3.436688559645639E-4   361.1568627450977      14         11   14   1    13   2    3    4    12   5    11   14   6    13   7    8    9    12   10   
7          2.672979990835497E-4   352.20261437908414     13         1    10   11   2    9    3    12   4    13   5    10   11   6    9    7    12   8    13   
6          2.2911257064304262E-4  346.3267973856205      14         1    13   2    3    4    12   5    11   14   6    13   7    8    9    12   10   11   14   
2          7.63708568810142E-5    340.1307189542479      14         1    2    12   3    4    5    13   11   14   6    7    12   8    9    10   13   11   14   
5          1.9092714220253552E-4  337.84313725490165     12         1    10   11   8    9    2    12   7    3    4    10   11   8    9    5    12   7    6    
2          7.63708568810142E-5    333.1176470588234      12         1    10   2    8    9    3    11   7    12   4    10   5    8    9    6    11   7    12   
4          1.527417137620284E-4   331.4379084967313      13         1    2    12   3    10   11   4    9    13   5    6    12   7    10   11   8    9    13   
2          7.63708568810142E-5    328.1437908496725      15         1    2    3    13   14   15   4    5    6    7    8    9    13   14   15   10   11   12   
3          1.1455628532152131E-4  326.2156862745098      16         1    2    3    15   16   4    5    6    7    8    9    10   15   16   11   12   13   14   
6          2.2911257064304262E-4  321.54248366013087     14         11   13   14   1    12   2    3    4    5    11   13   14   6    12   7    8    9    10   
4          1.527417137620284E-4   316.4052287581691      15         13   1    15   2    3    4    5    14   6    13   7    15   8    9    10   11   14   12   
7          2.672979990835497E-4   313.55555555555486     15         1    2    3    13   4    14   15   5    6    7    8    9    13   10   14   15   11   12   
2          7.63708568810142E-5    306.235294117647       14         1    2    14   12   13   3    4    11   5    6    7    14   12   13   8    9    11   10   
8          3.054834275240568E-4   303.7777777777776      14         11   1    2    3    12   13   4    5    14   11   6    7    8    12   13   9    10   14   
11         4.200397128455781E-4   296.2810457516335      15         1    2    14   3    4    13   5    6    15   7    8    14   9    10   13   11   12   15   
3          1.1455628532152131E-4  285.3202614379082      14         11   1    2    3    12   13   14   4    5    11   6    7    8    12   13   14   9    10   
2          7.63708568810142E-5    282.2287581699344      14         11   13   1    2    12   3    14   4    5    11   13   6    7    12   8    14   9    10   
5          1.9092714220253552E-4  281.4444444444439      14         1    14   2    12   3    13   4    11   5    6    14   7    12   8    13   9    11   10   
5          1.9092714220253552E-4  275.80392156862695     13         9    1    2    11   12   13   3    10   4    9    5    6    11   12   13   7    10   8    
8          3.054834275240568E-4   270.83006535947686     13         1    2    12   9    10   11   13   3    4    5    6    12   9    10   11   13   7    8    
2          7.63708568810142E-5    263.60130718954167     15         13   1    2    3    4    5    15   14   6    13   7    8    9    10   11   15   14   12   
3          1.1455628532152131E-4  261.7581699346399      15         1    2    3    13   14   4    15   5    6    7    8    9    13   14   10   15   11   12   
8          3.054834275240568E-4   258.6797385620911      15         1    14   2    13   3    4    5    6    15   7    14   8    13   9    10   11   12   15   
5          1.9092714220253552E-4  251.5947712418295      16         1    2    3    4    5    16   6    15   7    8    9    10   11   12   16   13   15   14   
6          2.2911257064304262E-4  246.2222222222216      13         1    11   2    10   3    4    12   9    13   5    11   6    10   7    8    12   9    13   
2          7.63708568810142E-5    240.09150326797325     15         1    2    3    13   14   4    5    6    15   7    8    9    13   14   10   11   12   15   
5          1.9092714220253552E-4  237.95424836601276     14         11   14   1    2    3    13   4    12   5    11   14   6    7    8    13   9    12   10   
7          2.672979990835497E-4   232.96732026143764     12         7    1    2    3    9    10   11   8    12   7    4    5    6    9    10   11   8    12   
2          7.63708568810142E-5    226.8562091503263      14         1    13   2    3    4    12   14   11   5    6    13   7    8    9    12   14   11   10   
2          7.63708568810142E-5    225.0457516339863      17         1    2    3    4    17   5    6    7    8    9    10   11   12   17   13   14   15   16   
2          7.63708568810142E-5    222.12418300653562     14         11   1    13   2    3    4    5    12   14   11   6    13   7    8    9    10   12   14   
5          1.9092714220253552E-4  220.70588235294093     13         1    2    11   10   3    4    12   9    13   5    6    11   10   7    8    12   9    13   
9          3.436688559645639E-4   215.53594771241808     15         1    2    14   13   3    4    5    6    15   7    8    14   13   9    10   11   12   15   
2          7.63708568810142E-5    207.8169934640516      17         1    2    3    4    5    6    7    17   8    9    10   11   12   13   14   15   17   16   
5          1.9092714220253552E-4  205.07189542483616     13         1    2    13   10   11   12   3    9    4    5    6    13   10   11   12   7    9    8    
7          2.672979990835497E-4   200.22875816993434     13         1    11   12   10   2    3    13   9    4    5    11   12   10   6    7    13   9    8    
4          1.527417137620284E-4   193.8104575163395      14         1    13   2    3    12   4    5    11   14   6    13   7    8    12   9    10   11   14   
4          1.527417137620284E-4   188.7777777777777      14         11   1    14   12   13   2    3    4    5    11   6    14   12   13   7    8    9    10   
1          3.81854284405071E-5    186.09803921568596     16         1    2    3    4    5    6    7    15   16   8    9    10   11   12   13   14   15   16   
1          3.81854284405071E-5    184.69281045751603     13         1    12   2    10   11   3    4    9    13   5    12   6    10   11   7    8    9    13   
4          1.527417137620284E-4   183.60784313725472     16         15   1    2    3    4    16   5    6    7    15   8    9    10   11   16   12   13   14   
3          1.1455628532152131E-4  179.93464052287567     16         1    15   2    3    4    5    6    7    16   8    15   9    10   11   12   13   14   16   
3          1.1455628532152131E-4  177.01307189542445     15         1    2    3    4    13   14   5    6    15   7    8    9    10   13   14   11   12   15   
2          7.63708568810142E-5    173.89542483660108     15         1    2    14   3    4    5    6    13   15   7    8    14   9    10   11   12   13   15   
2          7.63708568810142E-5    171.96078431372518     15         1    2    15   14   3    4    5    13   6    7    8    15   14   9    10   11   13   12   
6          2.2911257064304262E-4  169.9084967320259      15         1    2    14   13   3    4    15   5    6    7    8    14   13   9    10   15   11   12   
1          3.81854284405071E-5    164.77124183006512     15         1    15   2    3    4    14   5    13   6    7    15   8    9    10   14   11   13   12   
7          2.672979990835497E-4   162.7254901960783      13         9    1    12   2    11   3    4    10   13   9    5    12   6    11   7    8    10   13   
5          1.9092714220253552E-4  156.6078431372548      14         1    13   2    3    11   12   4    5    14   6    13   7    8    11   12   9    10   14   
2          7.63708568810142E-5    151.41176470588215     15         1    14   15   2    13   3    4    5    6    7    14   15   8    13   9    10   11   12   
1          3.81854284405071E-5    149.8954248366011      14         1    12   13   2    3    4    14   11   5    6    12   13   7    8    9    14   11   10   
5          1.9092714220253552E-4  149.0196078431371      13         1    2    3    10   4    11   12   9    13   5    6    7    10   8    11   12   9    13   
2          7.63708568810142E-5    144.35947712418286     13         1    2    3    10   11   12   13   9    4    5    6    7    10   11   12   13   9    8    
3          1.1455628532152131E-4  141.96732026143775     14         11   1    2    13   3    4    14   12   5    11   6    7    13   8    9    14   12   10   
1          3.81854284405071E-5    139.47712418300645     16         1    15   2    3    4    5    16   6    7    8    15   9    10   11   12   16   13   14   
3          1.1455628532152131E-4  137.88888888888877     13         1    12   13   10   11   2    3    9    4    5    12   13   10   11   6    7    9    8    
3          1.1455628532152131E-4  134.8692810457515      14         1    2    14   3    4    12   5    11   13   6    7    14   8    9    12   10   11   13   
5          1.9092714220253552E-4  132.23529411764693     13         1    11   2    9    10   3    12   4    13   5    11   6    9    10   7    12   8    13   
2          7.63708568810142E-5    127.53594771241828     15         1    14   2    13   3    4    15   5    6    7    14   8    13   9    10   15   11   12   
4          1.527417137620284E-4   125.27450980392145     13         9    13   1    11   12   2    3    10   4    9    13   5    11   12   6    7    10   8    
2          7.63708568810142E-5    121.51633986928096     14         1    13   14   2    12   3    4    11   5    6    13   14   7    12   8    9    11   10   
2          7.63708568810142E-5    119.83660130718948     13         1    12   2    10   11   3    13   9    4    5    12   6    10   11   7    13   9    8    
2          7.63708568810142E-5    117.92810457516333     15         1    2    3    4    5    14   6    13   15   7    8    9    10   11   14   12   13   15   
6          2.2911257064304262E-4  116.17647058823523     15         1    14   2    3    4    13   15   5    6    7    14   8    9    10   13   15   11   12   
3          1.1455628532152131E-4  109.55555555555539     14         1    2    14   11   12   13   3    4    5    6    7    14   11   12   13   8    9    10   
5          1.9092714220253552E-4  106.9215686274509      14         11   1    2    3    4    13   5    12   14   11   6    7    8    9    13   10   12   14   
8          3.054834275240568E-4   102.18954248366006     15         13   1    2    3    4    14   15   5    6    13   7    8    9    10   14   15   11   12   
1          3.81854284405071E-5    94.50980392156858      14         1    13   2    11   12   3    14   4    5    6    13   7    11   12   8    14   9    10   
9          3.436688559645639E-4   93.45751633986919      13         1    12   2    9    10   11   13   3    4    5    12   6    9    10   11   13   7    8    
1          3.81854284405071E-5    84.67320261437904      14         11   1    2    3    13   4    5    12   14   11   6    7    8    13   9    10   12   14   
2          7.63708568810142E-5    83.64705882352935      16         1    2    3    15   4    5    16   6    7    8    9    10   15   11   12   16   13   14   
5          1.9092714220253552E-4  81.96078431372548      12         1    10   2    3    8    9    11   7    12   4    10   5    6    8    9    11   7    12   
3          1.1455628532152131E-4  76.80392156862742      14         1    12   13   2    11   3    14   4    5    6    12   13   7    11   8    14   9    10   
4          1.527417137620284E-4   74.03921568627443      13         1    2    3    10   11   4    12   9    13   5    6    7    10   11   8    12   9    13   
1          3.81854284405071E-5    70.14379084967314      13         9    12   1    2    11   3    13   10   4    9    12   5    6    11   7    13   10   8    
1          3.81854284405071E-5    69.14379084967314      13         9    1    2    3    11   12   13   10   4    9    5    6    7    11   12   13   10   8    
2          7.63708568810142E-5    68.30065359477116      15         1    14   15   2    3    4    5    13   6    7    14   15   8    9    10   11   13   12   
3          1.1455628532152131E-4  66.1176470588235       14         1    2    14   12   3    13   4    11   5    6    7    14   12   8    13   9    11   10   
2          7.63708568810142E-5    63.28104575163391      13         1    11   12   2    3    10   13   9    4    5    11   12   6    7    10   13   9    8    
1          3.81854284405071E-5    61.294117647058755     15         13   1    2    3    14   4    15   5    6    13   7    8    9    14   10   15   11   12   
3          1.1455628532152131E-4  60.320261437908435     13         9    1    2    3    11   12   4    10   13   9    5    6    7    11   12   8    10   13   
1          3.81854284405071E-5    57.62091503267969      15         1    14   2    3    4    5    6    13   15   7    14   8    9    10   11   12   13   15   
2          7.63708568810142E-5    56.516339869281026     14         1    14   2    12   13   3    4    11   5    6    14   7    12   13   8    9    11   10   
2          7.63708568810142E-5    54.47712418300651      12         1    10   11   2    8    9    12   7    3    4    10   11   5    8    9    12   7    6    
1          3.81854284405071E-5    52.66013071895422      15         13   1    2    3    15   4    5    14   6    13   7    8    9    15   10   11   14   12   
3          1.1455628532152131E-4  51.53594771241829      16         1    2    16   3    4    5    6    7    15   8    9    16   10   11   12   13   14   15   
4          1.527417137620284E-4   48.797385620915016     14         11   13   1    2    3    4    14   12   5    11   13   6    7    8    9    14   12   10   
2          7.63708568810142E-5    44.82352941176469      14         11   1    2    3    4    13   14   12   5    11   6    7    8    9    13   14   12   10   
4          1.527417137620284E-4   42.77124183006534      15         1    2    13   3    4    5    14   6    15   7    8    13   9    10   11   14   12   15   
2          7.63708568810142E-5    38.98039215686274      14         1    2    14   3    12   13   4    11   5    6    7    14   8    12   13   9    11   10   
2          7.63708568810142E-5    36.9673202614379       15         1    2    3    4    5    13   14   6    15   7    8    9    10   11   13   14   12   15   
2          7.63708568810142E-5    35.17647058823529      13         1    12   2    3    10   11   13   9    4    5    12   6    7    10   11   13   9    8    
1          3.81854284405071E-5    33.28104575163399      16         1    2    3    16   4    5    6    15   7    8    9    10   16   11   12   13   15   14   
1          3.81854284405071E-5    32.12418300653595      14         11   1    2    3    4    5    13   12   14   11   6    7    8    9    10   13   12   14   
2          7.63708568810142E-5    31.01960784313726      14         11   1    14   2    3    13   4    12   5    11   6    14   7    8    13   9    12   10   
2          7.63708568810142E-5    29.333333333333336     13         1    11   2    3    10   4    12   9    13   5    11   6    7    10   8    12   9    13   
5          1.9092714220253552E-4  27.346405228758172     14         1    13   2    12   3    4    5    11   14   6    13   7    12   8    9    10   11   14   
1          3.81854284405071E-5    22.444444444444446     15         1    15   2    14   3    4    5    13   6    7    15   8    14   9    10   11   13   12   
2          7.63708568810142E-5    21.483660130718956     14         1    13   2    3    11   12   14   4    5    6    13   7    8    11   12   14   9    10   
1          3.81854284405071E-5    19.562091503267975     15         1    2    3    14   4    5    15   13   6    7    8    9    14   10   11   15   13   12   
1          3.81854284405071E-5    18.490196078431374     16         1    2    3    4    5    6    15   7    16   8    9    10   11   12   13   15   14   16   
1          3.81854284405071E-5    17.633986928104576     14         1    2    3    12   13   4    14   11   5    6    7    8    12   13   9    14   11   10   
3          1.1455628532152131E-4  16.62091503267974      14         11   1    2    13   14   3    4    12   5    11   6    7    13   14   8    9    12   10   
1          3.81854284405071E-5    13.725490196078432     16         1    2    3    4    15   16   5    6    7    8    9    10   11   15   16   12   13   14   
1          3.81854284405071E-5    12.69934640522876      14         11   1    2    3    13   14   4    12   5    11   6    7    8    13   14   9    12   10   
1          3.81854284405071E-5    11.69934640522876      15         1    14   2    3    13   4    5    6    15   7    14   8    9    13   10   11   12   15   
1          3.81854284405071E-5    10.69934640522876      15         1    2    3    14   4    5    6    13   15   7    8    9    14   10   11   12   13   15   
2          7.63708568810142E-5    9.803921568627452      14         1    14   2    3    12   13   4    11   5    6    14   7    8    12   13   9    11   10   
1          3.81854284405071E-5    7.816993464052288      16         1    16   2    3    4    5    6    15   7    8    16   9    10   11   12   13   15   14   
1          3.81854284405071E-5    6.836601307189543      15         1    13   14   2    3    4    15   5    6    7    13   14   8    9    10   15   11   12   
1          3.81854284405071E-5    5.901960784313726      16         1    2    3    4    5    6    16   15   7    8    9    10   11   12   13   16   15   14   
1          3.81854284405071E-5    4.921568627450981      15         1    2    3    4    14   5    15   13   6    7    8    9    10   14   11   15   13   12   
1          3.81854284405071E-5    3.9215686274509807     14         1    2    13   3    4    12   14   11   5    6    7    13   8    9    12   14   11   10   
1          3.81854284405071E-5    2.947712418300654      14         1    2    3    11   12   13   14   4    5    6    7    8    11   12   13   14   9    10   
1          3.81854284405071E-5    1.9607843137254903     13         1    2    3    4    10   11   12   9    13   5    6    7    8    10   11   12   9    13   
1          3.81854284405071E-5    1.0                    15         13   1    15   2    14   3    4    5    6    13   7    15   8    14   9    10   11   12   

