count      fraction               similarity             nclusters  T_pella8--0 T_pyra1--0 T_pyra2--0 T_pella7--0 T_pella6--0 T_pella5--0 T_pyra3--0 T_pella9--0 T_pyra4--0 T_pella8--1 T_pyra1--1 T_pyra2--1 T_pella7--1 T_pella6--1 T_pella5--1 T_pyra3--1 T_pella9--1 T_pyra4--1 
1523       0.058156407514892317   24220.4052287591       8          1    5    6    2    3    4    7    1    8    1    5    6    2    3    4    7    1    8    
7417       0.2832213227432412     23500.699346406316     9          1    6    7    3    4    5    8    2    9    1    6    7    3    4    5    8    2    9    
6288       0.24010997403390866    16587.666666667046     8          1    6    7    3    4    5    8    2    8    1    6    7    3    4    5    8    2    8    
2145       0.08190774400488773    9574.764705882686      8          1    5    7    3    4    4    8    2    6    1    5    7    3    4    4    8    2    6    
73         0.0027875362761570184  8526.392156862907      8          1    6    7    3    4    5    8    2    7    1    6    7    3    4    5    8    2    7    
2079       0.07938750572781426    7359.339869281095      7          1    5    7    3    4    4    6    2    6    1    5    7    3    4    4    6    2    6    
538        0.02054376050099282    6961.045751633926      7          1    4    7    2    3    3    5    1    6    1    4    7    2    3    3    5    1    6    
46         0.0017565297082633266  6418.594771242139      8          1    6    8    3    4    5    8    2    7    1    6    8    3    4    5    8    2    7    
111        0.004238582556896288   5813.143790849863      6          1    5    6    3    4    4    6    2    6    1    5    6    3    4    4    6    2    6    
778        0.029708263326714526   4791.019607843249      6          1    4    5    2    3    3    6    1    6    1    4    5    2    3    3    6    1    6    
1738       0.06636627462960135    4676.679738562236      7          1    5    6    2    3    4    7    1    7    1    5    6    2    3    4    7    1    7    
28         0.0010691919963341989  3238.1111111112696     6          1    5    6    3    4    4    5    2    5    1    5    6    3    4    4    5    2    5    
311        0.011875668244997709   2623.1764705882697     6          1    5    5    3    4    4    6    2    6    1    5    5    3    4    4    6    2    6    
219        0.008362608828471056   2346.4313725490565     6          1    5    5    2    3    4    6    1    6    1    5    5    2    3    4    6    1    6    
725        0.027684435619367648   2159.8823529411907     7          1    6    6    3    4    5    7    2    7    1    6    6    3    4    5    7    2    7    
542        0.020696502214754848   1531.8562091503386     8          1    6    6    3    4    5    7    2    8    1    6    6    3    4    5    7    2    8    
293        0.01118833053306858    1526.5359477124314     7          1    6    7    3    4    5    7    2    7    1    6    7    3    4    5    7    2    7    
215        0.008209867114709028   923.5163398692791      7          1    5    5    3    4    4    6    2    7    1    5    5    3    4    4    6    2    7    
133        0.0050786619825874445  621.6993464052267      7          1    5    5    2    3    4    6    1    7    1    5    5    2    3    4    6    1    7    
81         0.0030930197036810755  583.764705882352       10         3    7    8    4    5    6    9    1    10   3    7    8    4    5    6    9    2    10   
128        0.004887734840384909   578.5555555555527      5          1    4    4    2    3    3    5    1    5    1    4    4    2    3    3    5    1    5    
105        0.004009469986253246   573.9281045751604      6          1    5    6    2    3    4    6    1    6    1    5    6    2    3    4    6    1    6    
23         8.782648541316633E-4   545.0130718954227      9          3    6    7    4    5    5    8    1    9    3    6    7    4    5    5    8    2    9    
21         8.018939972506492E-4   502.0457516339845      10         3    8    9    5    6    7    1    4    10   3    8    9    5    6    7    2    4    10   
17         6.491522834886208E-4   468.78431372548795     8          3    6    7    4    5    5    8    1    8    3    6    7    4    5    5    8    2    8    
66         0.002520238277073469   467.0522875816969      10         3    7    8    5    1    6    9    4    10   3    7    8    5    2    6    9    4    10   
51         0.0019474568504658622  338.4640522875807      9          3    7    8    4    5    6    9    1    9    3    7    8    4    5    6    9    2    9    
45         0.0017183442798228196  328.15032679738465     7          1    5    7    2    3    4    6    1    7    1    5    7    2    3    4    6    1    7    
55         0.0021001985642278907  247.2156862745098      9          3    7    8    5    1    6    9    4    9    3    7    8    5    2    6    9    4    9    
55         0.0021001985642278907  194.7712418300648      6          1    4    4    2    3    3    5    1    6    1    4    4    2    3    3    5    1    6    
59         0.002252940277989919   154.2875816993462      5          1    4    5    2    3    3    5    1    5    1    4    5    2    3    3    5    1    5    
7          2.672979990835497E-4   121.9346405228758      6          1    4    5    2    3    3    5    1    6    1    4    5    2    3    3    5    1    6    
46         0.0017565297082633266  120.8627450980392      7          1    6    7    3    4    5    6    2    6    1    6    7    3    4    5    6    2    6    
3          1.1455628532152131E-4  107.0130718954246      8          3    7    7    4    5    6    8    1    8    3    7    7    4    5    6    8    2    8    
26         9.928211394531847E-4   104.49019607843132     7          1    5    6    2    3    4    6    1    7    1    5    6    2    3    4    6    1    7    
21         8.018939972506492E-4   97.88235294117642      7          1    5    6    3    4    4    7    2    6    1    5    6    3    4    4    7    2    6    
8          3.054834275240568E-4   97.62091503267973      6          1    4    5    2    3    3    6    1    5    1    4    5    2    3    3    6    1    5    
11         4.200397128455781E-4   92.2156862745097       8          3    6    7    4    1    5    8    3    8    3    6    7    4    2    5    8    3    8    
4          1.527417137620284E-4   77.65359477124171      9          3    6    7    4    1    5    8    3    9    3    6    7    4    2    5    8    3    9    
5          1.9092714220253552E-4  67.8104575163398       9          3    7    7    5    1    6    8    4    9    3    7    7    5    2    6    8    4    9    
16         6.109668550481136E-4   66.03267973856204      7          1    5    6    3    4    4    6    2    7    1    5    6    3    4    4    6    2    7    
5          1.9092714220253552E-4  62.43137254901961      6          1    6    6    3    4    5    6    2    6    1    6    6    3    4    5    6    2    6    
15         5.727814266076065E-4   58.856209150326784     5          1    4    5    2    3    3    4    1    4    1    4    5    2    3    3    4    1    4    
5          1.9092714220253552E-4  56.764705882352935     7          1    5    6    2    3    4    5    1    7    1    5    6    2    3    4    5    1    7    
1          3.81854284405071E-5    53.24836601307184      9          2    6    7    3    4    5    8    2    9    2    6    7    3    4    5    8    1    9    
4          1.527417137620284E-4   50.16993464052287      7          1    5    6    3    4    4    5    2    7    1    5    6    3    4    4    5    2    7    
3          1.1455628532152131E-4  49.53594771241828      7          3    6    6    4    1    5    7    3    7    3    6    6    4    2    5    7    3    7    
2          7.63708568810142E-5    43.633986928104555     8          2    6    7    3    4    5    8    2    8    2    6    7    3    4    5    8    1    8    
8          3.054834275240568E-4   39.38562091503267      8          3    7    7    5    1    6    8    4    8    3    7    7    5    2    6    8    4    8    
3          1.1455628532152131E-4  37.48366013071895      7          1    5    6    3    4    4    7    2    5    1    5    6    3    4    4    7    2    5    
11         4.200397128455781E-4   34.93464052287581      6          1    5    6    2    3    4    5    1    5    1    5    6    2    3    4    5    1    5    
1          3.81854284405071E-5    34.86274509803922      11         5    8    9    6    1    7    10   2    11   5    8    9    6    3    7    10   4    11   
1          3.81854284405071E-5    32.76470588235294      9          3    7    7    4    5    6    8    1    9    3    7    7    4    5    6    8    2    9    
1          3.81854284405071E-5    29.738562091503272     8          3    6    7    4    5    5    8    1    7    3    6    7    4    5    5    8    2    7    
1          3.81854284405071E-5    29.078431372549023     8          3    6    7    4    5    5    1    3    8    3    6    7    4    5    5    2    3    8    
8          3.054834275240568E-4   28.836601307189543     8          1    6    8    3    4    5    6    2    7    1    6    8    3    4    5    6    2    7    
7          2.672979990835497E-4   24.071895424836605     5          1    3    4    1    2    2    5    1    5    1    3    4    1    2    2    5    1    5    
1          3.81854284405071E-5    21.43137254901961      12         7    10   11   8    1    9    2    3    12   7    10   11   8    4    9    5    6    12   
2          7.63708568810142E-5    20.80392156862745      9          3    7    8    5    6    6    1    4    9    3    7    8    5    6    6    2    4    9    
5          1.9092714220253552E-4  19.039215686274513     6          1    4    5    1    2    3    6    1    6    1    4    5    1    2    3    6    1    6    
2          7.63708568810142E-5    17.784313725490197     6          1    5    5    2    3    4    5    1    6    1    5    5    2    3    4    5    1    6    
1          3.81854284405071E-5    17.69934640522876      6          1    4    5    2    3    3    4    1    6    1    4    5    2    3    3    4    1    6    
3          1.1455628532152131E-4  15.934640522875819     7          1    6    6    3    4    5    7    2    6    1    6    6    3    4    5    7    2    6    
1          3.81854284405071E-5    15.823529411764708     6          1    5    5    3    4    4    5    2    6    1    5    5    3    4    4    5    2    6    
2          7.63708568810142E-5    14.189542483660132     8          1    6    7    3    4    5    8    2    6    1    6    7    3    4    5    8    2    6    
4          1.527417137620284E-4   14.183006535947714     7          1    4    5    1    2    3    6    1    7    1    4    5    1    2    3    6    1    7    
1          3.81854284405071E-5    12.124183006535949     7          3    6    6    4    5    5    7    1    7    3    6    6    4    5    5    7    2    7    
2          7.63708568810142E-5    11.333333333333334     9          3    7    8    4    5    6    1    3    9    3    7    8    4    5    6    2    3    9    
3          1.1455628532152131E-4  10.529411764705884     7          1    6    7    3    4    5    6    2    7    1    6    7    3    4    5    6    2    7    
1          3.81854284405071E-5    10.222222222222223     8          3    7    8    4    5    6    7    1    7    3    7    8    4    5    6    7    2    7    
2          7.63708568810142E-5    9.42483660130719       6          1    4    6    2    3    3    5    1    4    1    4    6    2    3    3    5    1    4    
2          7.63708568810142E-5    9.326797385620917      6          1    3    4    1    2    2    5    1    6    1    3    4    1    2    2    5    1    6    
2          7.63708568810142E-5    8.712418300653596      5          1    5    5    3    4    4    5    2    5    1    5    5    3    4    4    5    2    5    
2          7.63708568810142E-5    8.411764705882353      8          3    7    8    4    5    6    8    1    8    3    7    8    4    5    6    8    2    8    
1          3.81854284405071E-5    8.333333333333334      8          2    6    8    3    4    5    7    1    6    2    6    8    3    4    5    7    2    6    
1          3.81854284405071E-5    6.549019607843138      7          2    5    7    3    4    4    6    1    6    2    5    7    3    4    4    6    2    6    
4          1.527417137620284E-4   5.947712418300654      4          1    4    4    2    3    3    4    1    4    1    4    4    2    3    3    4    1    4    
2          7.63708568810142E-5    5.686274509803922      6          1    5    6    3    4    4    5    2    6    1    5    6    3    4    4    5    2    6    
2          7.63708568810142E-5    4.758169934640523      9          2    7    8    4    5    6    1    3    9    2    7    8    4    5    6    9    3    9    
1          3.81854284405071E-5    3.758169934640523      6          1    5    5    1    3    4    6    2    6    1    5    5    1    3    4    6    2    6    
2          7.63708568810142E-5    2.973856209150327      4          1    3    4    1    2    2    4    1    4    1    3    4    1    2    2    4    1    4    
2          7.63708568810142E-5    2.9215686274509807     5          1    5    5    2    3    4    5    1    5    1    5    5    2    3    4    5    1    5    
1          3.81854284405071E-5    2.803921568627451      6          1    5    6    2    3    4    5    1    6    1    5    6    2    3    4    5    1    6    
2          7.63708568810142E-5    2.0                    7          1    6    6    3    4    5    6    2    7    1    6    6    3    4    5    6    2    7    
1          3.81854284405071E-5    1.9215686274509804     6          1    5    5    2    3    4    6    1    5    1    5    5    2    3    4    6    1    5    
1          3.81854284405071E-5    1.0                    5          1    4    5    1    2    3    5    1    5    1    4    5    1    2    3    5    1    5    
1          3.81854284405071E-5    1.0                    10         5    8    10   6    7    7    1    2    9    5    8    10   6    7    7    3    4    9    

