count      fraction               similarity             nclusters  T_pella8--0 T_pyra1--0 T_pyra2--0 T_pella7--0 T_pella6--0 T_pella5--0 T_pyra3--0 T_pella9--0 T_pyra4--0 T_pella8--1 T_pyra1--1 T_pyra2--1 T_pella7--1 T_pella6--1 T_pella5--1 T_pyra3--1 T_pella9--1 T_pyra4--1 
12844      0.4904536428898732     26067.660130722652     9          1    6    7    3    4    5    8    2    9    1    6    7    3    4    5    8    2    9    
1482       0.05659080494883153    13178.928104576025     10         3    8    9    5    6    7    1    4    10   3    8    9    5    6    7    2    4    10   
2661       0.1016114250801894     11742.248366013615     10         3    7    8    5    1    6    10   4    9    3    7    8    5    2    6    10   4    9    
625        0.02386589277531694    9101.856209150777      11         5    9    11   6    7    8    1    2    10   5    9    11   6    7    8    3    4    10   
337        0.012868489384450893   8446.058823529074      10         3    7    8    5    6    1    9    4    10   3    7    8    5    6    2    9    4    10   
3969       0.1515579654803727     8129.49019607854       10         3    7    8    4    5    6    9    1    10   3    7    8    4    5    6    9    2    10   
57         0.002176569421108905   8088.359477124149      11         5    9    1    7    2    8    10   6    11   5    9    3    7    4    8    10   6    11   
1196       0.045669772414846495   4165.856209150406      11         5    8    9    6    1    7    10   2    11   5    8    9    6    3    7    10   4    11   
442        0.01687795937070414    2969.2026143791077     11         5    9    10   7    1    8    2    6    11   5    9    10   7    3    8    4    6    11   
97         0.003703986558729189   2524.836601307222      11         5    8    9    7    1    2    10   6    11   5    8    9    7    3    4    10   6    11   
185        0.007064304261493814   2434.8300653595034     10         3    7    8    1    5    6    9    4    10   3    7    8    2    5    6    9    4    10   
238        0.009088131968840691   2250.705882352969      12         7    10   11   8    1    9    2    3    12   7    10   11   8    4    9    5    6    12   
97         0.003703986558729189   2017.104575163417      11         5    8    9    1    6    7    10   2    11   5    8    9    3    6    7    10   4    11   
185        0.007064304261493814   1924.379084967339      10         3    8    1    5    6    7    9    4    10   3    8    2    5    6    7    9    4    10   
146        0.005575072552314037   1741.470588235317      10         3    8    9    5    6    7    10   4    1    3    8    9    5    6    7    10   4    2    
144        0.005498701695433023   1598.2614379085098     11         5    8    9    6    7    1    10   2    11   5    8    9    6    7    3    10   4    11   
67         0.002558423705513976   1453.9346405228882     11         5    9    10   6    7    8    11   1    2    5    9    10   6    7    8    11   3    4    
19         7.255231403696349E-4   1382.7908496732107     13         9    11   12   10   1    2    3    4    13   9    11   12   10   5    6    7    8    13   
10         3.8185428440507105E-4  1363.7581699346474     12         7    11   12   9    1    10   2    8    3    7    11   12   9    4    10   5    8    6    
55         0.0021001985642278907  1355.751633986941      11         5    8    9    1    2    7    10   6    11   5    8    9    3    4    7    10   6    11   
2          7.63708568810142E-5    1353.5555555555604     11         5    10   1    7    8    9    11   6    2    5    10   3    7    8    9    11   6    4    
2          7.63708568810142E-5    1300.6732026143852     12         7    1    12   2    8    9    10   3    11   7    4    12   5    8    9    10   6    11   
25         9.546357110126776E-4   1299.4444444444523     11         5    10   1    7    8    9    2    6    11   5    10   3    7    8    9    4    6    11   
13         4.964105697265924E-4   1271.2745098039243     12         7    10   11   1    2    9    3    8    12   7    10   11   4    5    9    6    8    12   
204        0.007789827401863449   1268.5620915032787     10         3    1    8    5    6    7    9    4    10   3    2    8    5    6    7    9    4    10   
9          3.436688559645639E-4   1059.9215686274513     11         5    9    1    7    8    2    10   6    11   5    9    3    7    8    4    10   6    11   
27         0.0010310065678936918  1055.6862745098038     12         7    1    12   8    2    9    10   3    11   7    4    12   8    5    9    10   6    11   
15         5.727814266076065E-4   1026.3202614379059     11         1    8    9    6    2    7    10   5    11   3    8    9    6    4    7    10   5    11   
89         0.003398503131205132   1015.4509803921615     11         5    1    9    6    7    8    10   2    11   5    3    9    6    7    8    10   4    11   
43         0.0016419734229418054  925.3006535947716      12         7    9    10   1    2    8    11   3    12   7    9    10   4    5    8    11   6    12   
17         6.491522834886208E-4   880.7320261437917      12         1    9    10   7    2    8    11   3    12   4    9    10   7    5    8    11   6    12   
2          7.63708568810142E-5    879.1437908496667      11         1    8    9    2    6    7    10   5    11   3    8    9    4    6    7    10   5    11   
85         0.0032457614174431037  866.1372549019599      11         5    9    1    6    7    8    10   2    11   5    9    3    6    7    8    10   4    11   
5          1.9092714220253552E-4  779.4509803921565      11         5    8    9    1    7    2    10   6    11   5    8    9    3    7    4    10   6    11   
64         0.0024438674201924544  777.2483660130722      12         7    9    12   8    1    2    10   3    11   7    9    12   8    4    5    10   6    11   
58         0.002214754849549412   715.5882352941185      11         5    9    11   7    8    1    2    6    10   5    9    11   7    8    3    4    6    10   
30         0.001145562853215213   658.2549019607853      11         5    10   11   7    8    9    1    6    2    5    10   11   7    8    9    3    6    4    
32         0.0012219337100962272  626.6143790849678      11         5    1    10   7    8    9    2    6    11   5    3    10   7    8    9    4    6    11   
1          3.81854284405071E-5    625.522875816993       12         7    11   1    8    9    10   12   2    3    7    11   4    8    9    10   12   5    6    
1          3.81854284405071E-5    624.5163398692802      13         9    1    12   11   2    3    4    10   13   9    5    12   11   6    7    8    10   13   
34         0.0012983045669772415  590.5751633986927      12         7    10   12   8    9    1    2    3    11   7    10   12   8    9    4    5    6    11   
4          1.527417137620284E-4   581.6601307189533      8          1    6    7    3    4    5    8    2    8    1    6    7    3    4    5    8    2    8    
21         8.018939972506492E-4   555.581699346405       11         1    8    9    5    6    7    10   2    11   3    8    9    5    6    7    10   4    11   
2          7.63708568810142E-5    545.1764705882335      9          3    6    7    4    5    5    8    1    9    3    6    7    4    5    5    8    2    9    
31         0.00118374828165572    534.5947712418301      11         5    9    10   1    7    8    2    6    11   5    9    10   3    7    8    4    6    11   
15         5.727814266076065E-4   502.8496732026132      12         7    1    11   9    2    10   3    8    12   7    4    11   9    5    10   6    8    12   
2          7.63708568810142E-5    502.8104575163386      12         7    10   11   8    9    1    12   2    3    7    10   11   8    9    4    12   5    6    
13         4.964105697265924E-4   486.843137254901       12         7    10   11   1    8    9    2    3    12   7    10   11   4    8    9    5    6    12   
50         0.0019092714220253551  475.98692810457555     11         5    1    9    7    2    8    10   6    11   5    3    9    7    4    8    10   6    11   
48         0.001832900565144341   426.35294117646947     10         1    7    8    4    5    6    9    3    10   2    7    8    4    5    6    9    3    10   
19         7.255231403696349E-4   378.9803921568615      12         7    10   11   9    1    2    3    8    12   7    10   11   9    4    5    6    8    12   
4          1.527417137620284E-4   358.98692810457425     12         7    9    10   1    8    2    11   3    12   7    9    10   4    8    5    11   6    12   
30         0.001145562853215213   357.9019607843128      12         7    10   11   8    1    9    12   2    3    7    10   11   8    4    9    12   5    6    
9          3.436688559645639E-4   327.02614379084923     12         1    10   11   7    8    9    2    3    12   4    10   11   7    8    9    5    6    12   
27         0.0010310065678936918  319.215686274509       12         7    10   1    8    2    9    11   3    12   7    10   4    8    5    9    11   6    12   
9          3.436688559645639E-4   292.27450980392086     13         9    12   1    10   2    11   3    4    13   9    12   5    10   6    11   7    8    13   
37         0.0014128608522987628  283.61437908496697     11         5    9    10   7    1    8    11   6    2    5    9    10   7    3    8    11   6    4    
21         8.018939972506492E-4   247.67973856209096     12         7    11   1    8    9    10   2    3    12   7    11   4    8    9    10   5    6    12   
8          3.054834275240568E-4   225.86928104575142     11         5    1    11   7    8    2    9    6    10   5    3    11   7    8    4    9    6    10   
13         4.964105697265924E-4   218.44444444444395     11         1    9    11   6    7    8    2    5    10   3    9    11   6    7    8    4    5    10   
1          3.81854284405071E-5    204.4967320261435      12         1    9    10   2    3    8    11   7    12   4    9    10   5    6    8    11   7    12   
3          1.1455628532152131E-4  204.04575163398658     12         7    10   1    9    2    3    11   8    12   7    10   4    9    5    6    11   8    12   
2          7.63708568810142E-5    200.94117647058792     12         7    9    12   1    2    3    10   8    11   7    9    12   4    5    6    10   8    11   
9          3.436688559645639E-4   200.05882352941123     13         9    11   12   1    2    10   3    4    13   9    11   12   5    6    10   7    8    13   
1          3.81854284405071E-5    190.0261437908495      12         1    10   2    8    3    9    11   7    12   4    10   5    8    6    9    11   7    12   
1          3.81854284405071E-5    189.50326797385617     13         9    11   1    2    3    10   12   4    13   9    11   5    6    7    10   12   8    13   
3          1.1455628532152131E-4  188.71241830065327     13         9    12   13   11   1    2    3    10   4    9    12   13   11   5    6    7    10   8    
2          7.63708568810142E-5    185.77124183006498     12         7    11   1    9    2    10   12   8    3    7    11   4    9    5    10   12   8    6    
2          7.63708568810142E-5    183.70588235294082     12         1    9    10   7    8    2    11   3    12   4    9    10   7    8    5    11   6    12   
5          1.9092714220253552E-4  182.22875816993437     12         7    10   11   1    8    9    12   2    3    7    10   11   4    8    9    12   5    6    
3          1.1455628532152131E-4  177.47712418300617     12         7    1    2    8    9    10   11   3    12   7    4    5    8    9    10   11   6    12   
18         6.873377119291278E-4   175.10457516339844     12         7    1    12   8    9    10   2    3    11   7    4    12   8    9    10   5    6    11   
1          3.81854284405071E-5    155.2614379084966      11         1    2    9    6    7    8    10   5    11   3    4    9    6    7    8    10   5    11   
6          2.2911257064304262E-4  154.8431372549017      12         7    10   1    8    9    2    11   3    12   7    10   4    8    9    5    11   6    12   
1          3.81854284405071E-5    152.84967320261424     10         5    8    9    7    1    2    10   6    10   5    8    9    7    3    4    10   6    10   
3          1.1455628532152131E-4  149.14379084967302     12         7    12   1    9    10   11   2    8    3    7    12   4    9    10   11   5    8    6    
8          3.054834275240568E-4   146.627450980392       13         9    12   13   10   1    11   2    3    4    9    12   13   10   5    11   6    7    8    
1          3.81854284405071E-5    138.2875816993463      12         7    1    12   9    10   11   2    8    3    7    4    12   9    10   11   5    8    6    
19         7.255231403696349E-4   137.75816993464045     12         7    11   12   8    9    10   1    2    3    7    11   12   8    9    10   4    5    6    
1          3.81854284405071E-5    117.71241830065333     9          2    6    7    3    4    5    8    1    9    2    6    7    3    4    5    8    2    9    
1          3.81854284405071E-5    117.67973856209146     12         7    1    2    9    10   11   3    8    12   7    4    5    9    10   11   6    8    12   
8          3.054834275240568E-4   116.90196078431366     13         9    1    12   10   2    11   3    4    13   9    5    12   10   6    11   7    8    13   
1          3.81854284405071E-5    108.44444444444437     14         1    2    3    11   4    12   13   5    14   6    7    8    11   9    12   13   10   14   
11         4.200397128455781E-4   108.16339869281036     12         7    11   1    9    2    10   3    8    12   7    11   4    9    5    10   6    8    12   
5          1.9092714220253552E-4  97.45098039215678      11         5    9    10   7    8    1    11   6    2    5    9    10   7    8    3    11   6    4    
1          3.81854284405071E-5    92.18954248366006      13         1    11   12   9    2    10   13   3    4    5    11   12   9    6    10   13   7    8    
2          7.63708568810142E-5    90.36601307189537      13         9    12   1    10   2    11   13   3    4    9    12   5    10   6    11   13   7    8    
1          3.81854284405071E-5    89.52941176470583      9          3    7    8    4    5    6    9    1    9    3    7    8    4    5    6    9    2    9    
3          1.1455628532152131E-4  88.57516339869274      11         5    9    1    2    7    8    10   6    11   5    9    3    4    7    8    10   6    11   
4          1.527417137620284E-4   85.56209150326788      12         7    10   1    2    8    9    11   3    12   7    10   4    5    8    9    11   6    12   
3          1.1455628532152131E-4  81.69281045751623      12         7    1    11   8    9    10   12   2    3    7    4    11   8    9    10   12   5    6    
1          3.81854284405071E-5    78.81699346405225      13         9    1    11   10   2    3    12   4    13   9    5    11   10   6    7    12   8    13   
1          3.81854284405071E-5    77.68627450980387      13         9    11   12   1    2    10   13   3    4    9    11   12   5    6    10   13   7    8    
1          3.81854284405071E-5    76.6797385620914       12         1    10   11   8    2    9    12   7    3    4    10   11   8    5    9    12   7    6    
4          1.527417137620284E-4   75.81045751633981      11         5    1    2    7    8    9    10   6    11   5    3    4    7    8    9    10   6    11   
1          3.81854284405071E-5    71.86274509803913      12         7    11   1    9    10   2    3    8    12   7    11   4    9    10   5    6    8    12   
3          1.1455628532152131E-4  70.94771241830061      11         5    9    10   1    7    8    11   6    2    5    9    10   3    7    8    11   6    4    
1          3.81854284405071E-5    68.03921568627447      13         9    1    12   10   11   2    3    4    13   9    5    12   10   11   6    7    8    13   
3          1.1455628532152131E-4  66.97385620915028      11         5    1    10   7    8    9    11   6    2    5    3    10   7    8    9    11   6    4    
5          1.9092714220253552E-4  62.94117647058819      8          1    5    6    3    4    4    7    2    8    1    5    6    3    4    4    7    2    8    
2          7.63708568810142E-5    59.398692810457476     12         7    10   11   1    9    2    3    8    12   7    10   11   4    9    5    6    8    12   
1          3.81854284405071E-5    57.464052287581666     14         11   13   14   12   1    2    3    4    5    11   13   14   12   6    7    8    9    10   
2          7.63708568810142E-5    56.542483660130685     14         11   12   13   1    2    3    4    5    14   11   12   13   6    7    8    9    10   14   
1          3.81854284405071E-5    54.37254901960781      13         1    12   2    10   3    11   4    9    13   5    12   6    10   7    11   8    9    13   
1          3.81854284405071E-5    53.46405228758165      13         9    12   1    10   11   2    3    4    13   9    12   5    10   11   6    7    8    13   
1          3.81854284405071E-5    52.50326797385618      12         7    1    11   9    10   2    3    8    12   7    4    11   9    10   5    6    8    12   
1          3.81854284405071E-5    51.38562091503265      12         7    11   12   1    9    10   2    8    3    7    11   12   4    9    10   5    8    6    
1          3.81854284405071E-5    50.35947712418297      13         1    12   13   10   11   2    3    9    4    5    12   13   10   11   6    7    9    8    
2          7.63708568810142E-5    49.73202614379083      12         7    1    10   9    2    3    11   8    12   7    4    10   9    5    6    11   8    12   
2          7.63708568810142E-5    47.718954248365996     12         7    1    10   8    9    2    11   3    12   7    4    10   8    9    5    11   6    12   
2          7.63708568810142E-5    45.790849673202594     13         9    11   12   10   1    2    13   3    4    9    11   12   10   5    6    13   7    8    
2          7.63708568810142E-5    43.77777777777775      13         9    1    2    10   3    11   12   4    13   9    5    6    10   7    11   12   8    13   
1          3.81854284405071E-5    41.92156862745097      13         1    10   11   2    3    9    12   4    13   5    10   11   6    7    9    12   8    13   
1          3.81854284405071E-5    40.73856209150325      13         9    13   1    11   2    12   3    10   4    9    13   5    11   6    12   7    10   8    
1          3.81854284405071E-5    39.816993464052274     11         1    9    2    6    7    8    10   5    11   3    9    4    6    7    8    10   5    11   
1          3.81854284405071E-5    38.8954248366013       14         11   13   1    12   2    3    4    5    14   11   13   6    12   7    8    9    10   14   
1          3.81854284405071E-5    37.88888888888888      13         9    1    12   2    10   11   3    4    13   9    5    12   6    10   11   7    8    13   
2          7.63708568810142E-5    36.87581699346405      12         7    11   12   9    10   1    2    8    3    7    11   12   9    10   4    5    8    6    
1          3.81854284405071E-5    34.83660130718954      14         11   1    2    3    12   4    13   5    14   11   6    7    8    12   9    13   10   14   
4          1.527417137620284E-4   34.15686274509804      13         9    10   11   1    2    3    12   4    13   9    10   11   5    6    7    12   8    13   
3          1.1455628532152131E-4  30.12418300653595      12         7    10   11   9    1    2    12   8    3    7    10   11   9    4    5    12   8    6    
3          1.1455628532152131E-4  27.35947712418301      13         1    11   13   9    2    10   3    4    12   5    11   13   9    6    10   7    8    12   
1          3.81854284405071E-5    24.176470588235297     13         9    12   13   10   11   1    2    3    4    9    12   13   10   11   5    6    7    8    
1          3.81854284405071E-5    23.307189542483663     13         1    12   2    9    10   11   3    4    13   5    12   6    9    10   11   7    8    13   
1          3.81854284405071E-5    22.307189542483663     13         9    11   1    10   2    3    12   4    13   9    11   5    10   6    7    12   8    13   
2          7.63708568810142E-5    21.450980392156865     11         5    1    11   2    7    8    9    6    10   5    3    11   4    7    8    9    6    10   
2          7.63708568810142E-5    19.477124183006538     12         1    9    12   2    7    8    10   3    11   4    9    12   5    7    8    10   6    11   
2          7.63708568810142E-5    17.50326797385621      13         9    1    11   2    3    10   12   4    13   9    5    11   6    7    10   12   8    13   
1          3.81854284405071E-5    15.555555555555557     13         9    1    2    11   3    12   4    10   13   9    5    6    11   7    12   8    10   13   
1          3.81854284405071E-5    14.562091503267975     12         7    10   1    2    3    9    11   8    12   7    10   4    5    6    9    11   8    12   
3          1.1455628532152131E-4  13.679738562091504     12         1    10   11   8    2    9    3    7    12   4    10   11   8    5    9    6    7    12   
1          3.81854284405071E-5    10.633986928104576     13         1    2    3    10   11   4    12   9    13   5    6    7    10   11   8    12   9    13   
1          3.81854284405071E-5    9.66013071895425       12         7    11   1    2    9    10   3    8    12   7    11   4    5    9    10   6    8    12   
1          3.81854284405071E-5    8.705882352941176      13         9    1    12   11   2    3    13   10   4    9    5    12   11   6    7    13   10   8    
1          3.81854284405071E-5    7.718954248366014      14         1    13   2    3    11   12   4    5    14   6    13   7    8    11   12   9    10   14   
1          3.81854284405071E-5    6.803921568627452      13         1    10   11   9    2    3    12   4    13   5    10   11   9    6    7    12   8    13   
1          3.81854284405071E-5    5.790849673202615      14         11   1    13   12   2    3    4    5    14   11   6    13   12   7    8    9    10   14   
1          3.81854284405071E-5    4.843137254901961      12         7    10   11   1    2    9    12   8    3    7    10   11   4    5    9    12   8    6    
1          3.81854284405071E-5    3.8823529411764706     12         1    10   12   7    8    9    11   2    3    4    10   12   7    8    9    11   5    6    
1          3.81854284405071E-5    2.8823529411764706     9          3    7    8    5    1    6    9    4    9    3    7    8    5    2    6    9    4    9    
1          3.81854284405071E-5    1.9477124183006536     8          1    5    6    2    3    4    7    1    8    1    5    6    2    3    4    7    1    8    
1          3.81854284405071E-5    1.0                    13         1    2    12   9    10   11   3    4    13   5    6    12   9    10   11   7    8    13   

