count      fraction               similarity             nclusters  e1--0 d1--0 z1--0 y1--0 x1--0 d2--0 e2--0 x2--0 z2--0 e1--1 d1--1 z1--1 y1--1 x1--1 d2--1 e2--1 x2--1 z2--1 
3456       0.31211053914928205    10854.320261437946     9          1    3    5    7    8    4    2    9    6    1    3    5    7    8    4    2    9    6    
2506       0.22631626478822361    7436.986928104628      8          1    2    4    6    7    3    1    8    5    1    2    4    6    7    3    1    8    5    
242        0.021854962521448567   4933.59477124194       10         3    5    7    9    10   6    4    1    8    3    5    7    9    10   6    4    2    8    
97         0.008760046961076493   4670.045751634104      9          3    1    5    7    8    4    3    9    6    3    2    5    7    8    4    3    9    6    
137        0.012372437460489478   4575.326797385743      9          3    4    6    8    9    5    3    1    7    3    4    6    8    9    5    3    2    7    
203        0.018332881784520905   4367.4248366014735     8          1    3    5    6    7    4    2    8    5    1    3    5    6    7    4    2    8    5    
305        0.027544477558024024   4275.359477124331      10         3    5    7    9    1    6    4    10   8    3    5    7    9    2    6    4    10   8    
602        0.05436647701616545    3942.248366013153      8          1    3    5    7    8    4    2    8    6    1    3    5    7    8    4    2    8    6    
14         0.0012643366747945453  3844.1633986928223     9          3    5    7    8    9    6    4    1    7    3    5    7    8    9    6    4    2    7    
158        0.014268942472681297   3372.2287581700234     10         3    1    6    8    9    5    4    10   7    3    2    6    8    9    5    4    10   7    
508        0.04587735934254493    3185.3464052288155     7          1    2    4    6    7    3    1    7    5    1    2    4    6    7    3    1    7    5    
9          8.12787862367922E-4    2723.9542483659925     11         5    7    8    10   1    2    6    11   9    5    7    8    10   3    4    6    11   9    
23         0.0020771245371624674  2720.542483660115      11         5    7    9    10   1    8    6    11   2    5    7    9    10   3    8    6    11   4    
186        0.01679761582227039    2709.379084967363      10         3    5    7    8    9    6    4    10   1    3    5    7    8    9    6    4    10   2    
10         9.030976248532467E-4   2502.5228758170188     9          2    4    6    8    9    5    3    1    7    2    4    6    8    9    5    3    9    7    
16         0.0014449561997651947  2491.2222222222226     9          2    3    5    7    8    4    1    9    6    2    3    5    7    8    4    2    9    6    
7          6.321683373972727E-4   2483.1960784313437     11         5    1    8    9    10   7    6    11   2    5    3    8    9    10   7    6    11   4    
159        0.014359252235166622   2456.215686274529      9          3    4    6    8    1    5    3    9    7    3    4    6    8    2    5    3    9    7    
11         9.934073873385713E-4   2455.5751633986706     11         1    6    8    10   2    7    5    11   9    3    6    8    10   4    7    5    11   9    
7          6.321683373972727E-4   2418.999999999983      9          3    4    6    8    9    5    1    9    7    3    4    6    8    9    5    2    9    7    
3          2.70929287455974E-4    2414.045751633998      10         4    6    8    9    10   7    5    10   1    4    6    8    9    2    7    5    10   3    
17         0.0015352659622505193  2370.4771241830076     7          1    3    4    5    6    3    2    7    4    1    3    4    5    6    3    2    7    4    
159        0.014359252235166622   2304.2418300653767     10         3    5    1    8    9    6    4    10   7    3    5    2    8    9    6    4    10   7    
143        0.012914296035401427   2070.882352941169      7          1    2    4    5    6    3    1    7    4    1    2    4    5    6    3    1    7    4    
123        0.011108100785694934   1976.41176470588       9          3    4    1    7    8    5    3    9    6    3    4    2    7    8    5    3    9    6    
7          6.321683373972727E-4   1972.2810457516207     10         5    1    2    8    9    6    5    10   7    5    3    4    8    9    6    5    10   7    
24         0.002167434299647792   1968.8888888888887     8          3    4    1    7    8    5    3    8    6    3    4    2    7    8    5    3    8    6    
70         0.006321683373972727   1823.614379084966      10         3    5    6    8    9    1    4    10   7    3    5    6    8    9    2    4    10   7    
45         0.00406393931183961    1735.4640522875816     9          3    4    5    7    8    1    3    9    6    3    4    5    7    8    2    3    9    6    
14         0.0012643366747945453  1717.6405228758124     9          1    4    6    8    9    5    3    9    7    2    4    6    8    9    5    3    9    7    
35         0.0031608416869863634  1690.7516339869194     11         5    7    9    11   1    8    6    2    10   5    7    9    11   3    8    6    4    10   
228        0.020590625846654022   1638.294117647058      8          1    3    4    6    7    3    2    8    5    1    3    4    6    7    3    2    8    5    
40         0.0036123904994129867  1598.7124183006558     7          1    3    5    6    7    4    2    7    5    1    3    5    6    7    4    2    7    5    
71         0.006411993136458051   1442.862745098046      10         1    4    6    8    9    5    3    10   7    2    4    6    8    9    5    3    10   7    
110        0.009934073873385713   1377.5947712418251     9          3    4    6    7    8    5    3    9    1    3    4    6    7    8    5    3    9    2    
19         0.0017158854872211687  1261.8235294117626     11         5    7    1    9    10   8    6    11   2    5    7    3    9    10   8    6    11   4    
11         9.934073873385713E-4   1235.7908496731998     11         5    7    1    10   11   8    6    2    9    5    7    3    10   11   8    6    4    9    
8          7.224780998825973E-4   1235.0196078431366     8          3    4    1    6    7    4    3    8    5    3    4    2    6    7    4    3    8    5    
174        0.01571389867244649    1224.4967320261478     7          1    2    3    5    6    2    1    7    4    1    2    3    5    6    2    1    7    4    
17         0.0015352659622505193  1062.575163398689      9          2    4    6    8    9    5    3    9    7    2    4    6    8    1    5    3    9    7    
2          1.8061952497064934E-4  1056.339869281043      12         7    1    2    11   12   9    8    3    10   7    4    5    11   12   9    8    6    10   
1          9.030976248532467E-5   1055.4967320261421     12         7    8    10   12   1    9    2    3    11   7    8    10   12   4    9    5    6    11   
16         0.0014449561997651947  1043.3267973856239     11         5    7    9    10   11   8    6    1    2    5    7    9    10   11   8    6    3    4    
11         9.934073873385713E-4   988.9803921568638      9          3    5    6    7    8    5    4    9    1    3    5    6    7    8    5    4    9    2    
2          1.8061952497064934E-4  970.522875816994       10         5    6    7    8    9    6    1    10   2    5    6    7    8    9    6    3    10   4    
63         0.005689515036575454   963.3986928104598      10         3    4    6    8    9    5    1    10   7    3    4    6    8    9    5    2    10   7    
37         0.0033414612119570127  960.4640522875836      6          1    2    3    5    6    2    1    6    4    1    2    3    5    6    2    1    6    4    
9          8.12787862367922E-4    958.4771241830075      9          3    1    6    7    8    5    4    9    6    3    2    6    7    8    5    4    9    6    
10         9.030976248532467E-4   952.5163398692821      8          3    4    5    7    1    4    3    8    6    3    4    5    7    2    4    3    8    6    
2          1.8061952497064934E-4  949.2418300653587      9          3    4    6    7    8    5    1    9    6    3    4    6    7    8    5    2    9    6    
1          9.030976248532467E-5   904.1830065359469      7          2    3    4    6    7    3    2    7    5    1    3    4    6    7    3    2    7    5    
11         9.934073873385713E-4   884.5163398692792      8          3    4    5    6    7    4    3    8    1    3    4    5    6    7    4    3    8    2    
9          8.12787862367922E-4    884.3202614379082      10         5    1    7    8    9    6    5    10   2    5    3    7    8    9    6    5    10   4    
18         0.001625575724735844   873.5294117647002      9          2    3    5    7    8    4    2    9    6    1    3    5    7    8    4    2    9    6    
26         0.0023480538246184414  856.3921568627426      9          2    4    6    8    1    5    3    9    7    2    4    6    8    9    5    3    9    7    
13         0.0011740269123092207  824.6862745098018      8          2    3    5    7    1    4    2    8    6    2    3    5    7    8    4    2    8    6    
44         0.003973629549354285   778.4379084967317      7          1    3    4    6    7    3    2    7    5    1    3    4    6    7    3    2    7    5    
22         0.0019868147746771427  765.3856209150326      9          3    5    1    8    9    6    4    9    7    3    5    2    8    9    6    4    9    7    
11         9.934073873385713E-4   759.3071895424835      6          1    2    3    4    5    2    1    6    3    1    2    3    4    5    2    1    6    3    
4          3.6123904994129867E-4  751.3529411764703      7          2    3    5    6    1    4    2    7    5    2    3    5    6    7    4    2    7    5    
11         9.934073873385713E-4   741.2875816993467      11         5    1    2    9    10   7    6    11   8    5    3    4    9    10   7    6    11   8    
5          4.5154881242662334E-4  739.6339869281053      10         5    7    1    9    10   8    6    10   2    5    7    3    9    10   8    6    10   4    
21         0.001896505012191818   725.0653594771226      9          3    1    6    8    9    5    4    9    7    3    2    6    8    9    5    4    9    7    
2          1.8061952497064934E-4  715.1437908496729      9          5    6    1    8    9    2    5    9    7    5    6    3    8    9    4    5    9    7    
14         0.0012643366747945453  695.3529411764706      8          3    4    5    7    8    4    3    1    6    3    4    5    7    8    4    3    2    6    
19         0.0017158854872211687  685.2026143790831      8          3    4    6    7    8    5    3    8    1    3    4    6    7    8    5    3    8    2    
26         0.0023480538246184414  663.8888888888882      9          3    5    7    8    9    6    4    9    1    3    5    7    8    9    6    4    9    2    
3          2.70929287455974E-4    653.6470588235283      8          3    5    6    7    8    5    4    8    1    3    5    6    7    8    5    4    8    2    
8          7.224780998825973E-4   642.8431372549012      9          3    5    1    7    8    5    4    9    6    3    5    2    7    8    5    4    9    6    
1          9.030976248532467E-5   620.169934640523       10         1    6    8    9    10   7    5    10   2    3    6    8    9    10   7    5    10   4    
1          9.030976248532467E-5   614.4836601307185      11         7    8    1    10   2    3    7    11   9    7    8    4    10   5    6    7    11   9    
6          5.41858574911948E-4    612.2941176470571      11         1    6    8    9    10   7    5    11   2    3    6    8    9    10   7    5    11   4    
25         0.0022577440621331167  612.1045751633968      9          1    3    5    7    8    4    2    9    6    2    3    5    7    8    4    2    9    6    
11         9.934073873385713E-4   608.9281045751618      9          3    5    6    8    1    5    4    9    7    3    5    6    8    2    5    4    9    7    
2          1.8061952497064934E-4  608.7189542483658      11         7    1    8    9    10   2    7    11   3    7    4    8    9    10   5    7    11   6    
1          9.030976248532467E-5   605.9673202614375      9          1    3    5    7    8    4    2    9    6    2    3    5    7    8    4    1    9    6    
16         0.0014449561997651947  598.0                  9          3    5    6    8    9    5    4    1    7    3    5    6    8    9    5    4    2    7    
5          4.5154881242662334E-4  584.5424836601295      10         5    1    7    9    2    6    5    10   8    5    3    7    9    4    6    5    10   8    
20         0.0018061952497064934  581.4901960784315      10         5    6    8    10   1    7    5    2    9    5    6    8    10   3    7    5    4    9    
16         0.0014449561997651947  558.6993464052271      11         5    7    1    10   2    8    6    11   9    5    7    3    10   4    8    6    11   9    
19         0.0017158854872211687  531.8496732026132      8          3    1    5    7    8    4    3    8    6    3    2    5    7    8    4    3    8    6    
4          3.6123904994129867E-4  525.6470588235283      9          2    4    6    7    8    5    3    9    6    2    4    6    7    8    5    3    9    1    
1          9.030976248532467E-5   515.7647058823517      10         4    6    8    9    1    7    5    10   8    4    6    8    9    2    7    5    10   3    
1          9.030976248532467E-5   515.1307189542462      9          4    5    6    7    8    1    4    9    2    4    5    6    7    8    3    4    9    6    
13         0.0011740269123092207  508.9019607843123      9          3    5    7    8    1    6    4    9    7    3    5    7    8    2    6    4    9    7    
8          7.224780998825973E-4   504.79738562091296     11         1    6    2    9    10   7    5    11   8    3    6    4    9    10   7    5    11   8    
14         0.0012643366747945453  496.89542483659966     11         5    1    8    10   2    7    6    11   9    5    3    8    10   4    7    6    11   9    
7          6.321683373972727E-4   483.33333333333167     11         5    6    1    9    10   7    2    11   8    5    6    3    9    10   7    4    11   8    
11         9.934073873385713E-4   479.60784313725435     10         5    6    8    9    1    7    5    10   2    5    6    8    9    3    7    5    10   4    
2          1.8061952497064934E-4  468.8366013071877      6          1    3    4    5    6    3    2    6    4    1    3    4    5    6    3    2    6    4    
1          9.030976248532467E-5   468.00653594771137     10         1    6    7    9    2    6    5    10   8    3    6    7    9    4    6    5    10   8    
3          2.70929287455974E-4    465.03921568627345     11         1    6    8    10   11   7    5    2    9    3    6    8    10   11   7    5    4    9    
2          1.8061952497064934E-4  460.1830065359469      9          3    4    6    8    1    5    3    9    7    3    4    6    8    9    5    3    2    7    
6          5.41858574911948E-4    455.20915032679636     8          3    4    6    7    1    5    3    8    6    3    4    6    7    2    5    3    8    6    
11         9.934073873385713E-4   454.94771241829983     8          2    3    5    7    8    4    2    8    6    2    3    5    7    1    4    2    8    6    
14         0.0012643366747945453  444.3660130718952      10         5    7    1    9    2    6    5    10   8    5    7    3    9    4    6    5    10   8    
3          2.70929287455974E-4    443.1764705882339      11         5    1    7    9    10   6    2    11   8    5    3    7    9    10   6    4    11   8    
1          9.030976248532467E-5   433.3137254901959      14         11   13   1    14   2    3    12   4    5    11   13   6    14   7    8    12   9    10   
8          7.224780998825973E-4   427.5620915032678      10         5    1    7    9    10   6    5    2    8    5    3    7    9    10   6    5    4    8    
4          3.6123904994129867E-4  419.37908496731944     8          3    1    5    6    7    4    3    8    5    3    2    5    6    7    4    3    8    5    
9          8.12787862367922E-4    407.98039215686185     9          3    5    6    8    9    1    4    9    7    3    5    6    8    9    2    4    9    7    
1          9.030976248532467E-5   407.83660130718914     11         7    1    8    10   2    3    7    11   9    7    4    8    10   5    6    7    11   9    
1          9.030976248532467E-5   401.8758169934631      8          2    4    5    6    7    4    3    8    1    2    4    5    6    7    4    3    8    5    
1          9.030976248532467E-5   400.9738562091492      8          1    2    4    6    7    3    1    7    5    1    2    4    6    8    3    1    8    5    
14         0.0012643366747945453  397.77777777777726     8          2    3    5    7    8    4    2    1    6    2    3    5    7    8    4    2    8    6    
2          1.8061952497064934E-4  392.9542483660124      8          2    3    5    7    8    4    1    8    6    2    3    5    7    8    4    2    8    6    
3          2.70929287455974E-4    386.4836601307179      9          5    6    1    8    9    7    5    9    2    5    6    3    8    9    7    5    9    4    
2          1.8061952497064934E-4  384.81699346405173     9          3    4    6    8    1    5    3    2    7    3    4    6    8    9    5    3    9    7    
4          3.6123904994129867E-4  384.8104575163393      9          3    4    5    7    8    4    1    9    6    3    4    5    7    8    4    2    9    6    
4          3.6123904994129867E-4  380.28104575163366     12         7    9    11   12   1    10   8    2    3    7    9    11   12   4    10   8    5    6    
1          9.030976248532467E-5   370.4575163398682      9          4    5    1    8    9    6    4    9    7    4    5    2    8    3    6    4    9    7    
1          9.030976248532467E-5   366.8758169934631      7          2    3    4    6    7    3    2    1    5    2    3    4    6    7    3    2    7    5    
3          2.70929287455974E-4    346.21568627450944     10         5    7    8    10   1    7    6    2    9    5    7    8    10   3    7    6    4    9    
30         0.00270929287455974    343.05882352941154     6          1    2    4    5    6    3    1    6    4    1    2    4    5    6    3    1    6    4    
3          2.70929287455974E-4    342.4575163398686      10         5    7    8    9    1    7    6    10   2    5    7    8    9    3    7    6    10   4    
1          9.030976248532467E-5   341.5490196078428      12         7    1    10   11   2    9    8    12   3    7    4    10   11   5    9    8    12   6    
4          3.6123904994129867E-4  340.7973856209141      11         1    2    7    9    10   6    5    11   8    3    4    7    9    10   6    5    11   8    
7          6.321683373972727E-4   336.87581699346293     11         5    6    8    10   11   7    1    2    9    5    6    8    10   11   7    3    4    9    
1          9.030976248532467E-5   335.5620915032676      12         1    2    9    10   11   8    7    12   3    4    5    9    10   11   8    7    12   6    
6          5.41858574911948E-4    330.94771241830006     10         5    6    7    9    1    2    5    10   8    5    6    7    9    3    4    5    10   8    
3          2.70929287455974E-4    322.9607843137251      12         7    1    10   12   2    9    8    3    11   7    4    10   12   5    9    8    6    11   
7          6.321683373972727E-4   320.69281045751586     11         5    7    8    9    10   1    6    11   2    5    7    8    9    10   3    6    11   4    
1          9.030976248532467E-5   319.52941176470546     8          2    3    5    6    7    4    2    8    5    2    3    5    6    7    4    2    8    1    
2          1.8061952497064934E-4  311.4575163398691      12         7    9    10   11   1    2    8    12   3    7    9    10   11   4    5    8    12   6    
1          9.030976248532467E-5   311.05882352941086     13         9    1    12   13   2    11   10   3    4    9    5    12   13   6    11   10   7    8    
15         0.00135464643727987    310.3725490196075      9          2    3    5    7    8    4    2    9    6    2    3    5    7    8    4    1    9    6    
1          9.030976248532467E-5   305.1895424836598      8          2    3    5    6    7    4    2    8    1    2    3    5    6    7    4    2    8    5    
3          2.70929287455974E-4    305.0261437908496      10         5    1    8    9    10   7    6    10   2    5    3    8    9    10   7    6    10   4    
1          9.030976248532467E-5   299.98039215686237     10         6    1    8    9    2    7    6    10   3    6    4    8    9    5    7    6    10   8    
3          2.70929287455974E-4    290.27450980392086     11         1    5    7    9    10   6    2    11   8    3    5    7    9    10   6    4    11   8    
7          6.321683373972727E-4   279.20261437908425     8          3    4    5    7    8    1    3    8    6    3    4    5    7    8    2    3    8    6    
3          2.70929287455974E-4    278.3202614379078      8          1    3    5    6    7    4    2    8    5    2    3    5    6    7    4    2    8    5    
6          5.41858574911948E-4    274.3856209150322      11         7    8    1    11   2    9    7    3    10   7    8    4    11   5    9    7    6    10   
2          1.8061952497064934E-4  273.3464052287574      8          2    3    5    7    8    4    2    8    6    1    3    5    7    8    4    2    8    6    
12         0.001083717149823896   273.10457516339824     10         5    6    1    9    10   7    5    2    8    5    6    3    9    10   7    5    4    8    
1          9.030976248532467E-5   266.59477124182985     9          5    6    7    8    1    6    5    9    2    5    6    7    8    3    6    5    9    4    
1          9.030976248532467E-5   263.25490196078397     8          2    4    6    7    8    5    3    8    6    2    4    6    7    1    5    3    8    6    
3          2.70929287455974E-4    258.5359477124178      10         5    1    6    8    9    2    5    10   7    5    3    6    8    9    4    5    10   7    
2          1.8061952497064934E-4  253.82352941176467     9          2    4    6    7    8    5    3    9    1    2    4    6    7    8    5    3    9    6    
4          3.6123904994129867E-4  250.87581699346356     8          3    4    6    7    8    5    3    1    6    3    4    6    7    8    5    3    2    6    
6          5.41858574911948E-4    242.98039215686242     12         7    9    1    12   2    10   8    3    11   7    9    4    12   5    10   8    6    11   
3          2.70929287455974E-4    241.35947712418238     9          3    5    6    7    8    1    4    9    6    3    5    6    7    8    2    4    9    6    
4          3.6123904994129867E-4  238.666666666666       8          3    4    5    6    7    1    3    8    5    3    4    5    6    7    2    3    8    5    
11         9.934073873385713E-4   236.05882352941143     11         5    1    8    10   11   7    6    2    9    5    3    8    10   11   7    6    4    9    
1          9.030976248532467E-5   236.05228758169943     11         6    7    9    11   1    8    6    2    10   3    7    9    11   4    8    6    5    10   
4          3.6123904994129867E-4  224.50980392156833     11         5    6    8    10   1    7    2    11   9    5    6    8    10   3    7    4    11   9    
1          9.030976248532467E-5   218.81045751633962     12         1    2    9    11   3    8    7    12   10   4    5    9    11   6    8    7    12   10   
10         9.030976248532467E-4   217.29411764705864     9          2    4    6    8    9    5    3    9    7    2    4    6    8    9    5    3    1    7    
1          9.030976248532467E-5   217.22222222222206     10         4    6    1    9    10   7    5    2    8    4    6    3    9    10   7    5    10   8    
1          9.030976248532467E-5   216.88888888888832     8          2    4    5    7    8    4    3    1    6    2    4    5    7    8    4    3    8    6    
1          9.030976248532467E-5   216.42483660130668     10         1    7    9    10   2    8    6    3    9    6    7    9    10   4    8    6    5    9    
2          1.8061952497064934E-4  215.8692810457514      12         7    1    9    11   2    3    8    12   10   7    4    9    11   5    6    8    12   10   
1          9.030976248532467E-5   214.68627450980364     12         7    1    10   11   12   9    8    2    3    7    4    10   11   12   9    8    5    6    
3          2.70929287455974E-4    202.75816993464014     8          2    3    5    7    8    4    2    8    6    2    3    5    7    8    4    2    1    6    
5          4.5154881242662334E-4  200.58823529411728     10         5    6    1    8    9    2    5    10   7    5    6    3    8    9    4    5    10   7    
4          3.6123904994129867E-4  198.7777777777776      7          2    3    4    6    7    3    2    7    5    2    3    4    6    7    3    2    1    5    
8          7.224780998825973E-4   193.10457516339832     9          1    4    5    7    8    4    3    9    6    2    4    5    7    8    4    3    9    6    
1          9.030976248532467E-5   191.8888888888886      10         1    7    8    9    10   7    6    2    3    6    7    8    9    10   7    6    4    5    
1          9.030976248532467E-5   185.31372549019588     10         1    5    7    9    10   6    4    2    8    4    5    7    9    10   6    4    3    8    
3          2.70929287455974E-4    182.99346405228718     8          1    3    4    6    7    3    2    8    5    2    3    4    6    7    3    2    8    5    
1          9.030976248532467E-5   177.6797385620912      9          1    5    6    7    8    5    4    9    2    4    5    6    7    8    5    4    9    3    
2          1.8061952497064934E-4  177.09803921568601     10         1    6    7    9    10   6    5    2    8    3    6    7    9    10   6    5    4    8    
1          9.030976248532467E-5   174.4052287581696      10         5    7    8    9    1    2    6    10   8    5    7    8    9    3    4    6    10   8    
3          2.70929287455974E-4    172.69281045751617     12         7    9    10   12   1    2    8    3    11   7    9    10   12   4    5    8    6    11   
4          3.6123904994129867E-4  170.39869281045736     11         5    7    8    10   11   1    6    2    9    5    7    8    10   11   3    6    4    9    
1          9.030976248532467E-5   169.98039215686242     9          2    4    5    7    8    1    3    9    6    2    4    5    7    8    4    3    9    6    
1          9.030976248532467E-5   169.1437908496729      11         7    1    9    10   2    8    7    11   3    7    4    9    10   5    8    7    11   6    
1          9.030976248532467E-5   167.82352941176447     9          5    6    7    8    9    1    5    9    2    5    6    7    8    9    3    5    9    4    
1          9.030976248532467E-5   166.79738562091492     8          4    5    6    7    8    5    4    1    2    4    5    6    7    8    5    4    8    3    
5          4.5154881242662334E-4  166.7843137254899      10         5    6    1    8    9    7    5    10   2    5    6    3    8    9    7    5    10   4    
1          9.030976248532467E-5   162.47712418300634     8          2    4    5    6    7    4    3    8    5    2    1    5    6    7    4    3    8    5    
2          1.8061952497064934E-4  159.01960784313707     12         1    7    2    10   11   8    3    12   9    4    7    5    10   11   8    6    12   9    
1          9.030976248532467E-5   157.47058823529403     7          1    3    4    7    6    3    2    6    5    2    3    4    7    6    3    2    6    5    
1          9.030976248532467E-5   157.43790849673178     11         7    8    1    10   11   2    7    3    9    7    8    4    10   11   5    7    6    9    
12         0.001083717149823896   156.31372549019594     10         5    6    8    9    10   7    5    1    2    5    6    8    9    10   7    5    3    4    
1          9.030976248532467E-5   154.88888888888866     10         5    1    2    9    10   7    6    10   8    5    3    4    9    10   7    6    10   8    
1          9.030976248532467E-5   153.75163398692794     10         4    6    1    9    10   7    5    10   8    4    6    2    9    10   7    5    3    8    
1          9.030976248532467E-5   153.0130718954247      7          3    4    5    6    1    4    3    7    5    3    4    5    6    2    4    3    7    5    
1          9.030976248532467E-5   145.69934640522865     8          3    5    6    7    1    5    4    8    6    3    5    6    7    2    5    4    8    6    
1          9.030976248532467E-5   141.96078431372538     12         7    1    9    10   11   8    2    12   3    7    4    9    10   11   8    5    12   6    
2          1.8061952497064934E-4  140.43137254901947     11         1    6    7    9    10   2    5    11   8    3    6    7    9    10   4    5    11   8    
2          1.8061952497064934E-4  137.25490196078425     10         4    6    7    9    1    2    5    10   8    4    6    7    9    10   3    5    10   8    
3          2.70929287455974E-4    136.15686274509784     8          2    1    4    6    7    3    2    8    5    2    3    4    6    7    3    2    8    5    
1          9.030976248532467E-5   133.26797385620904     10         1    5    7    9    2    6    4    10   8    4    5    7    9    3    6    4    10   8    
1          9.030976248532467E-5   130.58823529411748     12         1    2    9    11   12   8    7    3    10   4    5    9    11   12   8    7    6    10   
1          9.030976248532467E-5   129.57516339869272     9          5    6    1    8    2    6    5    9    7    5    6    3    8    4    6    5    9    7    
1          9.030976248532467E-5   129.37908496732018     10         4    5    6    8    9    1    4    10   7    4    5    6    8    9    2    3    10   7    
4          3.6123904994129867E-4  128.65359477124161     8          2    3    4    6    7    3    2    8    5    2    1    4    6    7    3    2    8    5    
5          4.5154881242662334E-4  126.37908496732005     9          2    4    5    7    8    4    3    9    6    2    1    5    7    8    4    3    9    6    
1          9.030976248532467E-5   124.26143790849665     9          5    1    7    8    2    6    5    9    7    5    3    7    8    4    6    5    9    7    
1          9.030976248532467E-5   123.81045751633967     12         1    7    8    10   11   2    3    12   9    4    7    8    10   11   5    6    12   9    
1          9.030976248532467E-5   123.63398692810439     10         4    5    7    9    1    6    4    10   8    2    5    7    9    3    6    4    10   8    
1          9.030976248532467E-5   121.94117647058809     8          1    5    6    7    8    5    4    2    6    4    5    6    7    8    5    4    3    6    
1          9.030976248532467E-5   115.62745098039208     10         4    6    7    8    9    1    5    10   2    4    6    7    8    9    6    5    10   3    
2          1.8061952497064934E-4  115.36601307189525     12         7    9    1    11   2    10   8    12   3    7    9    4    11   5    10   8    12   6    
1          9.030976248532467E-5   113.41830065359457     12         7    9    10   11   12   1    8    2    3    7    9    10   11   12   4    8    5    6    
3          2.70929287455974E-4    112.66666666666653     11         5    7    1    9    10   2    6    11   8    5    7    3    9    10   4    6    11   8    
2          1.8061952497064934E-4  109.50980392156849     10         4    5    7    9    10   6    4    1    8    2    5    7    9    10   6    4    3    8    
2          1.8061952497064934E-4  108.17647058823518     8          3    5    1    7    8    5    4    8    6    3    5    2    7    8    5    4    8    6    
1          9.030976248532467E-5   107.56209150326784     10         1    5    7    8    9    6    4    10   2    4    5    7    8    9    6    4    10   3    
4          3.6123904994129867E-4  107.09803921568611     8          1    3    5    7    8    4    2    8    6    2    3    5    7    8    4    2    8    6    
2          1.8061952497064934E-4  102.09803921568617     8          2    4    5    6    7    4    3    8    5    2    4    5    6    7    4    3    8    1    
1          9.030976248532467E-5   101.52941176470571     12         1    2    8    10   11   3    7    12   9    4    5    8    10   11   6    7    12   9    
3          2.70929287455974E-4    99.9934640522875       10         3    5    7    8    9    6    4    10   7    3    5    1    8    9    6    4    10   2    
1          9.030976248532467E-5   98.18954248366003      9          3    5    6    7    8    5    4    9    6    3    5    1    7    8    5    4    9    2    
1          9.030976248532467E-5   97.11111111111103      9          3    5    1    8    9    6    4    9    7    3    5    7    8    9    6    4    9    2    
1          9.030976248532467E-5   94.48366013071886      9          3    4    6    7    8    5    3    9    6    3    4    1    7    8    5    3    9    2    
1          9.030976248532467E-5   94.32679738562086      8          2    4    6    7    8    5    3    8    6    2    4    6    7    8    5    3    8    1    
1          9.030976248532467E-5   91.50326797385613      8          3    4    5    6    7    4    3    8    5    3    4    1    6    7    4    3    8    2    
1          9.030976248532467E-5   90.37908496732017      8          3    4    6    7    8    5    3    8    6    3    4    1    7    8    5    3    8    2    
1          9.030976248532467E-5   89.87581699346397      10         4    1    7    8    9    6    5    10   7    4    2    7    8    9    6    5    10   3    
2          1.8061952497064934E-4  87.44444444444434      8          3    5    6    7    8    5    4    1    6    3    5    6    7    8    5    4    2    6    
1          9.030976248532467E-5   86.00653594771235      11         6    8    9    11   1    7    2    3    10   6    8    9    11   4    7    6    5    10   
4          3.6123904994129867E-4  85.09150326797376      10         4    5    7    9    10   6    4    1    8    4    5    7    9    10   6    2    3    8    
1          9.030976248532467E-5   79.09150326797376      13         9    10   1    13   2    11   3    4    12   9    10   5    13   6    11   7    8    12   
1          9.030976248532467E-5   78.99999999999991      10         4    1    6    8    9    5    4    10   7    4    2    6    8    9    5    3    10   7    
1          9.030976248532467E-5   78.75816993464043      9          4    5    1    7    8    5    4    9    6    4    5    2    7    8    5    3    9    6    
3          2.70929287455974E-4    78.07189542483651      8          3    5    6    7    8    1    4    8    6    3    5    6    7    8    2    4    8    6    
2          1.8061952497064934E-4  75.61437908496721      10         4    5    7    9    1    6    2    10   8    4    5    7    9    3    6    4    10   8    
2          1.8061952497064934E-4  73.29411764705875      12         7    1    2    10   11   9    8    12   3    7    4    5    10   11   9    8    12   6    
2          1.8061952497064934E-4  73.21568627450972      9          5    6    7    8    9    6    5    1    2    5    6    7    8    9    6    5    3    4    
1          9.030976248532467E-5   72.56209150326791      9          4    1    7    8    9    6    5    9    2    4    3    7    8    9    6    5    9    7    
2          1.8061952497064934E-4  70.49673202614373      10         5    6    7    9    10   1    5    2    8    5    6    7    9    10   3    5    4    8    
1          9.030976248532467E-5   67.7058823529411       10         1    5    6    8    9    5    2    10   7    3    5    6    8    9    5    4    10   7    
2          1.8061952497064934E-4  66.68627450980385      10         1    5    7    9    10   6    2    10   8    3    5    7    9    10   6    4    10   8    
1          9.030976248532467E-5   63.960784313725455     12         7    1    9    11   2    8    3    12   10   7    4    9    11   5    8    6    12   10   
1          9.030976248532467E-5   63.738562091503205     9          5    6    1    8    9    6    5    2    7    5    6    3    8    9    6    5    4    7    
2          1.8061952497064934E-4  62.679738562091465     11         7    1    8    10   11   2    7    3    9    7    4    8    10   11   5    7    6    9    
2          1.8061952497064934E-4  62.15686274509799      11         5    6    8    11   9    7    1    10   2    5    6    8    11   9    7    3    10   4    
2          1.8061952497064934E-4  60.143790849673145     10         4    1    6    8    9    5    2    10   7    4    3    6    8    9    5    4    10   7    
2          1.8061952497064934E-4  57.26143790849671      8          2    3    4    6    7    3    2    8    5    1    3    4    6    7    3    2    8    5    
1          9.030976248532467E-5   56.07843137254897      10         4    1    6    8    9    5    4    10   7    2    3    6    8    9    5    4    10   7    
1          9.030976248532467E-5   55.15686274509801      12         7    1    2    10   11   8    3    12   9    7    4    5    10   11   8    6    12   9    
1          9.030976248532467E-5   52.503267973856175     10         5    7    1    8    9    7    6    10   2    5    7    3    8    9    7    6    10   4    
1          9.030976248532467E-5   51.50326797385618      12         1    8    10   11   12   9    7    2    3    4    8    10   11   12   9    7    5    6    
2          1.8061952497064934E-4  50.25490196078429      8          2    3    5    6    7    4    2    8    5    2    3    1    6    7    4    2    8    5    
1          9.030976248532467E-5   49.274509803921546     9          1    6    2    8    9    6    5    9    7    3    6    4    8    9    6    5    9    7    
4          3.6123904994129867E-4  49.09150326797383      5          1    2    3    4    5    2    1    5    3    1    2    3    4    5    2    1    5    3    
1          9.030976248532467E-5   48.52941176470586      12         1    7    9    10   11   8    2    12   3    4    7    9    10   11   8    5    12   6    
1          9.030976248532467E-5   47.71241830065357      12         7    9    1    11   12   10   8    2    3    7    9    4    11   12   10   8    5    6    
2          1.8061952497064934E-4  47.54901960784312      7          2    3    4    6    7    3    2    7    5    2    3    4    6    1    3    2    7    5    
1          9.030976248532467E-5   46.37908496732024      10         4    1    7    9    2    6    5    10   8    4    3    7    9    10   6    5    10   8    
3          2.70929287455974E-4    44.38562091503266      9          1    5    6    7    8    4    3    9    6    2    5    6    7    8    4    3    9    6    
1          9.030976248532467E-5   42.05228758169934      11         5    6    7    9    10   1    2    11   8    5    6    7    9    10   3    4    11   8    
1          9.030976248532467E-5   40.90849673202614      9          1    3    5    7    8    4    2    9    6    1    3    5    7    9    4    2    8    6    
1          9.030976248532467E-5   40.07843137254901      10         3    5    7    9    10   6    4    1    8    3    5    7    9    2    6    4    10   8    
1          9.030976248532467E-5   38.94117647058823      10         5    6    8    9    10   7    5    10   1    5    6    8    9    2    7    5    3    4    
3          2.70929287455974E-4    37.18954248366013      11         7    8    10   11   1    9    7    2    3    7    8    10   11   4    9    7    5    6    
1          9.030976248532467E-5   34.17647058823529      12         9    10   1    12   2    3    9    4    11   9    10   5    12   6    7    9    8    11   
1          9.030976248532467E-5   33.64705882352941      9          1    5    6    8    9    2    4    9    7    4    5    6    8    9    3    4    9    7    
2          1.8061952497064934E-4  33.091503267973856     10         5    6    8    9    10   7    1    2    8    5    6    8    9    10   7    3    4    8    
1          9.030976248532467E-5   31.542483660130724     10         1    4    6    8    9    5    2    10   7    3    4    6    8    9    5    3    10   7    
1          9.030976248532467E-5   31.424836601307195     8          5    6    1    7    8    6    5    8    2    5    6    3    7    8    6    5    8    4    
1          9.030976248532467E-5   30.25490196078432      10         4    1    7    8    9    6    5    10   2    4    3    7    8    9    6    5    10   7    
1          9.030976248532467E-5   29.55555555555556      11         5    1    7    9    10   2    6    11   8    5    3    7    9    10   4    6    11   8    
1          9.030976248532467E-5   28.006535947712422     10         1    2    7    9    10   6    5    10   8    3    4    7    9    10   6    5    10   8    
1          9.030976248532467E-5   27.58169934640523      13         9    10   1    12   2    3    4    13   11   9    10   5    12   6    7    8    13   11   
1          9.030976248532467E-5   26.24183006535948      10         5    7    8    9    10   7    6    1    2    5    7    8    9    10   7    6    3    4    
1          9.030976248532467E-5   24.836601307189543     9          3    4    6    1    8    5    3    9    7    3    4    6    2    8    5    3    9    7    
1          9.030976248532467E-5   23.4640522875817       7          2    3    5    6    7    4    2    7    5    2    3    5    6    7    4    2    1    5    
1          9.030976248532467E-5   23.418300653594777     9          3    5    6    8    9    5    4    9    7    3    5    6    8    1    5    4    2    7    
1          9.030976248532467E-5   21.797385620915033     10         6    7    1    9    10   2    6    10   8    6    7    3    9    10   4    6    5    8    
1          9.030976248532467E-5   20.65359477124183      10         5    7    1    9    2    7    6    10   8    5    7    3    9    4    7    6    10   8    
1          9.030976248532467E-5   20.267973856209153     10         4    5    7    9    10   6    1    2    8    4    5    7    9    10   6    4    3    8    
4          3.6123904994129867E-4  18.993464052287585     8          2    3    5    6    7    4    1    8    5    2    3    5    6    7    4    2    8    5    
1          9.030976248532467E-5   15.372549019607844     11         7    8    9    11   1    2    7    3    10   7    8    9    11   4    5    7    6    10   
1          9.030976248532467E-5   14.882352941176473     7          2    4    5    6    7    4    3    7    5    2    4    5    6    7    4    3    1    5    
1          9.030976248532467E-5   13.993464052287583     8          2    4    5    7    8    4    3    8    6    2    4    5    7    8    4    3    1    6    
1          9.030976248532467E-5   13.34640522875817      9          4    1    6    8    9    5    4    9    7    4    2    6    8    3    5    4    9    7    
1          9.030976248532467E-5   12.50980392156863      12         7    8    1    10   11   9    2    12   3    7    8    4    10   11   9    5    12   6    
1          9.030976248532467E-5   11.601307189542485     11         6    7    1    10   2    8    3    11   9    6    7    4    10   5    8    6    11   9    
1          9.030976248532467E-5   10.562091503267975     13         11   1    2    13   3    4    11   5    12   11   6    7    13   8    9    11   10   12   
1          9.030976248532467E-5   9.549019607843139      9          4    5    1    8    9    6    4    2    7    4    5    3    8    9    6    4    9    7    
1          9.030976248532467E-5   8.686274509803923      12         7    9    1    11   12   2    8    3    10   7    9    4    11   12   5    8    6    10   
1          9.030976248532467E-5   7.725490196078432      10         1    5    2    8    9    6    4    10   7    4    5    3    8    9    6    4    10   7    
1          9.030976248532467E-5   6.712418300653595      10         1    5    7    9    2    6    4    10   8    3    5    7    9    10   6    4    10   8    
1          9.030976248532467E-5   5.803921568627451      10         4    5    6    8    9    1    2    10   7    4    5    6    8    9    3    4    10   7    
1          9.030976248532467E-5   4.803921568627451      13         1    10   2    13   3    11   9    4    12   5    10   6    13   7    11   9    8    12   
1          9.030976248532467E-5   3.8692810457516345     10         5    6    7    8    9    1    5    10   2    5    6    7    8    9    3    5    10   4    
1          9.030976248532467E-5   2.9019607843137254     11         6    7    9    10   1    8    2    11   3    6    7    9    10   4    8    6    11   5    
1          9.030976248532467E-5   1.9411764705882353     10         4    1    7    9    10   6    5    10   8    4    2    7    9    10   6    5    3    8    
1          9.030976248532467E-5   1.0                    11         7    1    2    10   3    8    7    11   9    7    4    5    10   6    8    7    11   9    

