count      fraction               similarity             nclusters  e1--0 d1--0 z1--0 y1--0 x1--0 d2--0 e2--0 x2--0 z2--0 e1--1 d1--1 z1--1 y1--1 x1--1 d2--1 e2--1 x2--1 z2--1 
5312       0.4797254583220446     6566.183006535896      4          1    1    2    3    4    1    1    4    2    1    1    2    3    4    1    1    4    2    
3757       0.33929377765736474    4443.52941176473       5          1    2    3    4    5    2    1    5    3    1    2    3    4    5    2    1    5    3    
1150       0.10385622685812336    1252.529411764705      3          1    1    2    2    3    1    1    3    2    1    1    2    2    3    1    1    3    2    
348        0.03142779734489298    635.2418300653583      4          1    2    3    3    4    2    1    4    3    1    2    3    3    4    2    1    4    3    
120        0.01083717149823896    302.83660130718846     6          1    2    3    5    6    2    1    6    4    1    2    3    5    6    2    1    6    4    
129        0.01164995936060688    242.8366013071894      6          1    2    4    5    6    3    1    6    4    1    2    4    5    6    3    1    6    4    
60         0.00541858574911948    119.13071895424838     5          1    1    2    4    5    1    1    5    3    1    1    2    4    5    1    1    5    3    
5          4.5154881242662334E-4  99.54248366013073      7          1    2    4    5    6    3    1    7    4    1    2    4    5    6    3    1    7    4    
36         0.003251151449471688   63.06535947712419      5          1    1    2    3    4    1    1    5    2    1    1    2    3    4    1    1    5    2    
40         0.0036123904994129867  52.2483660130719       6          1    2    3    4    5    2    1    6    3    1    2    3    4    5    2    1    6    3    
29         0.0026189831120744154  47.568627450980394     5          1    2    3    4    5    1    1    5    3    1    2    3    4    5    1    1    5    3    
5          4.5154881242662334E-4  44.633986928104584     4          1    2    3    4    4    2    1    4    3    1    2    3    4    4    2    1    4    3    
10         9.030976248532467E-4   31.41176470588236      5          1    2    4    4    5    3    1    5    4    1    2    4    4    5    3    1    5    4    
1          9.030976248532467E-5   28.47712418300654      6          2    3    4    5    1    3    2    6    4    2    3    4    5    6    3    2    6    4    
18         0.001625575724735844   27.267973856209153     5          1    1    3    4    5    2    1    5    3    1    1    3    4    5    2    1    5    3    
21         0.001896505012191818   24.712418300653596     3          1    1    2    3    3    1    1    3    2    1    1    2    3    3    1    1    3    2    
4          3.6123904994129867E-4  23.94771241830066      5          2    2    3    4    1    2    2    5    3    2    2    3    4    5    2    2    5    3    
1          9.030976248532467E-5   15.071895424836603     5          1    2    3    5    5    2    1    5    4    1    2    3    5    5    2    1    5    4    
2          1.8061952497064934E-4  11.398692810457517     7          1    2    3    5    6    2    1    7    4    1    2    3    5    6    2    1    7    4    
6          5.41858574911948E-4    9.816993464052288      7          1    2    4    6    7    3    1    7    5    1    2    4    6    7    3    1    7    5    
2          1.8061952497064934E-4  6.607843137254903      6          1    2    3    5    6    1    1    6    4    1    2    3    5    6    1    1    6    4    
5          4.5154881242662334E-4  5.0                    4          1    2    3    3    4    1    1    4    3    1    2    3    3    4    1    1    4    3    
4          3.6123904994129867E-4  4.0                    4          1    1    2    2    3    1    1    4    2    1    1    2    2    3    1    1    4    2    
1          9.030976248532467E-5   3.7777777777777777     7          3    1    5    6    7    4    3    7    5    3    2    5    6    7    4    3    7    5    
2          1.8061952497064934E-4  2.9019607843137254     5          1    2    3    3    4    2    1    5    3    1    2    3    3    4    2    1    5    3    
1          9.030976248532467E-5   2.803921568627451      6          2    3    4    5    6    3    2    6    4    2    3    4    5    6    3    2    6    1    
2          1.8061952497064934E-4  2.0                    2          1    1    2    2    2    1    1    2    2    1    1    2    2    2    1    1    2    2    
2          1.8061952497064934E-4  2.0                    4          1    1    3    3    4    2    1    4    3    1    1    3    3    4    2    1    4    3    

