count      fraction               similarity             nclusters  pyra3 pella5 pyra2 pella6 pyra1 pella7 pella8 pella9 pyra4 
34069      0.7024391249664955     44061.88888889451      3          1    2    1    2    1    3    3    3    1    
9124       0.18811983258077153    9947.694444444489      4          2    3    2    3    2    1    4    4    2    
1763       0.036349765984206514   3854.555555555413      4          1    3    2    3    2    4    4    4    1    
318        0.006556565844003217   1941.6666666666454     5          3    4    3    4    1    2    5    5    3    
158        0.0032576647904166926  1241.7499999999782     6          4    5    1    5    2    3    6    6    4    
810        0.01670068658378178    1067.7499999999998     4          2    3    2    3    1    4    4    4    2    
727        0.014989381662233769   1017.2777777777735     5          2    4    3    4    3    1    5    5    2    
112        0.0023092307375105667  802.611111111105       5          3    4    1    4    3    2    5    5    3    
223        0.004597843343436218   574.1944444444478      4          2    3    1    3    2    4    4    4    2    
183        0.0037731180800395867  389.7500000000015      4          3    1    3    2    3    4    4    4    3    
306        0.006309148264984227   310.58333333333326     2          1    2    1    2    1    2    2    2    1    
210        0.004329807632832312   304.13888888888914     5          3    4    1    4    2    5    5    5    3    
150        0.0030927197377373663  248.74999999999983     5          4    1    4    2    4    3    5    5    4    
25         5.154532896228944E-4   104.72222222222231     4          1    3    2    3    1    4    4    4    2    
5          1.0309065792457888E-4  93.99999999999996      6          1    5    4    5    4    2    6    6    3    
55         0.0011339972371703676  82.91666666666669      4          2    3    2    3    2    4    1    4    2    
30         6.185439475474733E-4   80.77777777777771      4          2    3    2    3    2    4    4    4    1    
16         3.298901053586524E-4   65.33333333333327      5          3    1    4    2    4    5    5    5    3    
1          2.0618131584915776E-5  50.58333333333329      5          1    4    3    4    2    5    5    5    3    
4          8.24725263396631E-5    48.47222222222219      4          1    3    1    3    2    4    4    4    2    
10         2.0618131584915775E-4  47.13888888888886      6          5    1    5    2    3    4    6    6    5    
5          1.0309065792457888E-4  44.41666666666664      5          3    4    3    4    1    5    5    5    2    
22         4.535988948681471E-4   38.722222222222214     5          4    5    4    5    4    1    2    3    4    
7          1.4432692109441042E-4  37.249999999999986     7          6    1    2    3    4    5    7    7    6    
21         4.329807632832313E-4   36.77777777777777      5          3    4    3    4    3    1    5    5    2    
11         2.2679944743407354E-4  32.6111111111111       5          1    4    3    4    3    5    5    5    2    
9          1.8556318426424197E-4  32.30555555555554      5          1    4    3    4    3    2    5    5    3    
12         2.474175790189893E-4   28.91666666666666      4          1    3    2    3    2    4    4    4    2    
4          8.24725263396631E-5    28.083333333333336     6          5    1    2    3    5    4    6    6    5    
9          1.8556318426424197E-4  27.66666666666666      5          3    4    1    4    3    5    5    5    2    
12         2.474175790189893E-4   25.999999999999996     6          4    1    5    2    5    3    6    6    4    
1          2.0618131584915776E-5  18.52777777777778      6          4    5    1    5    2    6    6    3    4    
8          1.649450526793262E-4   18.38888888888889      5          2    4    3    4    2    1    5    5    3    
3          6.185439475474733E-5   16.083333333333332     6          4    5    1    5    4    2    6    6    3    
3          6.185439475474733E-5   15.888888888888884     5          3    4    3    4    1    5    2    5    3    
3          6.185439475474733E-5   13.472222222222218     6          4    6    5    6    5    1    2    3    4    
1          2.0618131584915776E-5  13.416666666666666     7          1    6    2    6    3    4    7    7    5    
4          8.24725263396631E-5    13.194444444444443     3          2    3    2    3    1    3    3    3    2    
1          2.0618131584915776E-5  12.138888888888886     8          8    1    2    3    4    5    6    7    8    
12         2.474175790189893E-4   12.0                   3          1    2    1    2    1    2    3    3    1    
2          4.123626316983155E-5   11.305555555555555     6          1    5    4    5    2    3    6    6    4    
9          1.8556318426424197E-4  10.88888888888889      3          1    3    2    3    2    3    3    3    1    
9          1.8556318426424197E-4  10.88888888888889      5          4    1    4    2    3    5    5    5    4    
4          8.24725263396631E-5    10.472222222222221     6          1    5    2    5    3    6    6    6    4    
1          2.0618131584915776E-5  9.5                    5          2    4    2    4    3    1    5    5    3    
2          4.123626316983155E-5   7.611111111111112      6          5    1    2    3    4    6    6    6    5    
4          8.24725263396631E-5    6.861111111111111      5          2    4    3    4    3    5    1    5    2    
4          8.24725263396631E-5    5.861111111111112      6          4    5    4    5    1    2    6    6    3    
1          2.0618131584915776E-5  3.833333333333333      6          6    1    6    2    6    3    4    5    6    
2          4.123626316983155E-5   3.833333333333333      7          6    1    7    2    7    3    4    5    6    
1          2.0618131584915776E-5  3.8055555555555554     5          4    1    2    3    4    5    5    5    4    
1          2.0618131584915776E-5  3.7499999999999996     4          1    3    2    3    2    3    4    4    1    
3          6.185439475474733E-5   3.0                    4          2    3    2    3    2    4    4    1    2    
2          4.123626316983155E-5   2.0                    3          2    3    2    3    2    1    3    3    2    
1          2.0618131584915776E-5  1.9444444444444444     3          2    3    1    3    2    3    3    3    2    
1          2.0618131584915776E-5  1.9166666666666665     5          1    4    2    4    3    5    5    5    3    
1          2.0618131584915776E-5  1.0                    3          2    3    2    1    2    3    3    3    2    
1          2.0618131584915776E-5  1.0                    6          1    5    4    5    4    6    2    6    3    
1          2.0618131584915776E-5  1.0                    8          1    2    3    4    5    6    8    8    7    
1          2.0618131584915776E-5  1.0                    5          1    2    4    3    4    5    5    5    4    
1          2.0618131584915776E-5  1.0                    4          3    4    1    4    2    4    4    4    3    
1          2.0618131584915776E-5  1.0                    6          5    6    1    6    5    2    3    4    5    
1          2.0618131584915776E-5  1.0                    6          5    6    5    6    1    2    3    4    5    

