count      fraction               similarity             nclusters  pyra3 pella5 pyra2 pella6 pyra1 pella7 pella8 pella9 pyra4 
9220       0.19009917321292344    27210.027777787254     4          2    3    2    3    2    1    4    4    2    
1396       0.02878291169254242    20791.611111113307     4          2    3    2    3    1    4    4    4    2    
15257      0.31457083359106       17367.583333333598     3          1    2    1    2    1    3    3    3    1    
538        0.011092554792684686   16319.36111110785      5          4    5    4    5    4    1    2    3    4    
851        0.017546029978763325   16259.666666663103     5          4    1    4    2    4    3    5    5    4    
11         2.2679944743407354E-4  15225.02777777471      5          4    1    4    2    4    5    5    3    4    
3167       0.06529762272942825    14630.583333334365     5          2    4    3    4    3    1    5    5    2    
1618       0.033360136904393725   12361.916666665587     5          3    4    3    4    1    2    5    5    3    
1604       0.0330714830622049     11216.250000000698     6          4    5    1    5    2    3    6    6    4    
437        0.009010123502608193   9458.55555555588       6          1    5    4    5    4    2    6    6    3    
599        0.012350260819364548   7990.194444444842      6          4    1    5    2    5    3    6    6    4    
107        0.002206140079585988   7604.027777778098      6          1    5    2    5    3    6    6    6    4    
582        0.01199975258242098    6980.1666666669635     7          6    1    2    3    4    5    7    7    6    
436        0.008989505371023278   5217.499999999973      7          1    6    2    6    3    4    7    7    5    
537        0.011071936661099771   4381.416666666475      4          2    3    1    3    2    4    4    4    2    
2243       0.046246469144966086   4318.805555555466      4          1    3    2    3    2    4    4    4    1    
53         0.0010927609740005362  4115.972222221962      5          3    4    1    4    3    5    5    5    2    
268        0.005525659264757427   3530.4444444442656     8          1    2    3    4    5    6    8    8    7    
350        0.007216346054720521   3520.055555555386      4          2    3    2    3    2    4    4    4    1    
8          1.649450526793262E-4   2888.555555555451      7          6    1    2    3    4    7    7    5    6    
177        0.0036494092905300923  2802.777777777681      8          8    1    2    3    4    5    6    7    8    
165        0.0034019917115111027  2794.2777777776787     6          1    5    4    5    2    3    6    6    4    
89         0.001835013711057504   2694.5555555554847     5          2    4    2    4    3    1    5    5    3    
349        0.007195727923135605   2684.138888888808      7          6    7    1    7    2    3    4    5    6    
20         4.123626316983155E-4   2556.2222222221512     7          1    6    2    6    3    7    4    7    5    
52         0.0010721428424156202  2492.583333333262      6          1    5    2    5    4    3    6    6    4    
304        0.0062679120018143955  2480.5833333333007     6          5    1    5    2    3    4    6    6    5    
149        0.0030721016061524505  2381.166666666634      7          1    2    6    3    6    4    7    7    5    
599        0.012350260819364548   2358.1944444444143     5          3    4    1    4    2    5    5    5    3    
393        0.008102925712871899   2232.7222222221876     6          4    6    5    6    5    1    2    3    4    
144        0.0029690109482278714  2206.1388888888478     6          4    5    1    5    4    2    6    6    3    
157        0.003237046658831777   1817.2500000000002     8          1    8    2    8    3    4    5    6    7    
35         7.216346054720521E-4   1715.6388888888857     7          1    2    3    4    5    7    7    7    6    
64         0.0013195604214346097  1623.472222222226      7          7    1    7    2    3    4    5    6    7    
183        0.0037731180800395867  1453.0277777777626     9          1    2    3    4    5    6    7    8    9    
608        0.012535824003628791   1422.8888888888976     4          3    1    3    2    3    4    4    4    3    
166        0.003422609843096019   1402.3333333333283     5          1    4    3    4    3    5    5    5    2    
6          1.2370878950949466E-4  1300.1388888888864     6          1    5    4    5    4    6    6    2    3    
85         0.0017525411847178409  1299.7777777777715     5          1    4    3    4    2    5    5    5    3    
348        0.007175109791550689   1264.0833333333287     5          3    4    3    4    3    1    5    5    2    
275        0.005669986185851838   1208.8333333333258     5          2    4    3    4    2    1    5    5    3    
43         8.865796581513783E-4   1132.749999999997      5          2    4    3    4    3    5    5    1    2    
96         0.0019793406321519146  1113.6111111110952     6          5    1    2    3    5    4    6    6    5    
85         0.0017525411847178409  1056.9722222222154     7          1    7    6    7    6    2    3    4    5    
26         5.360714212078101E-4   1048.083333333324      6          4    1    4    2    5    3    6    6    5    
31         6.39162079132389E-4    1027.8333333333192     6          1    2    5    3    5    6    6    6    4    
551        0.011360590503288592   1019.0555555555492     5          3    4    1    4    3    2    5    5    3    
15         3.0927197377373663E-4  959.3333333333203      5          1    2    4    3    4    5    5    5    4    
67         0.0013814148161893568  927.0555555555463      8          1    2    8    3    8    4    5    6    7    
193        0.003979299395888745   846.6944444444373      5          3    1    4    2    4    5    5    5    3    
45         9.278159213212099E-4   780.9722222222173      5          4    1    2    3    4    5    5    5    4    
90         0.0018556318426424198  757.8611111111069      5          3    4    3    4    1    5    2    5    3    
208        0.004288571369662481   734.2777777777754      6          5    6    5    6    1    2    3    4    5    
111        0.002288612605925651   695.4166666666717      6          6    1    6    2    6    3    4    5    6    
62         0.001278324158264778   685.6666666666647      6          4    1    5    2    4    3    6    6    5    
85         0.0017525411847178409  678.5555555555557      6          5    1    5    2    5    3    6    6    4    
35         7.216346054720521E-4   651.7777777777771      6          1    2    5    3    5    4    6    6    5    
60         0.0012370878950949465  645.1944444444449      7          1    2    6    3    4    5    7    7    6    
131        0.0027009752376239665  627.4444444444466      7          6    1    7    2    7    3    4    5    6    
132        0.0027215933692088822  599.1388888888927      4          2    3    2    3    2    4    4    1    2    
19         3.917445001133997E-4   593.2777777777807      6          5    1    5    2    3    6    6    6    4    
83         0.0017113049215480094  585.4722222222249      6          4    5    1    5    2    6    3    6    4    
57         0.001175233500340199   574.0833333333363      5          3    4    3    4    1    5    5    5    2    
241        0.004968969711964702   562.5277777777795      4          1    3    2    3    1    4    4    4    2    
416        0.008577142739324962   499.3611111111117      4          2    3    2    3    2    4    1    4    2    
80         0.001649450526793262   495.0833333333364      4          1    3    1    3    2    4    4    4    2    
47         9.690521844910415E-4   490.1111111111146      7          6    1    2    3    6    4    7    7    5    
137        0.0028246840271334613  489.5000000000027      5          2    4    3    4    3    5    1    5    2    
60         0.0012370878950949465  484.69444444444736     6          5    6    1    6    5    2    3    4    5    
8          1.649450526793262E-4   458.6944444444478      8          1    2    3    4    8    5    6    7    8    
31         6.39162079132389E-4    439.0000000000029      7          6    7    1    7    6    2    3    4    5    
174        0.0035875548957753447  434.3611111111132      4          1    3    2    3    2    4    4    4    2    
101        0.0020824312900764932  400.6388888888914      6          5    1    2    3    4    6    6    6    5    
133        0.002742211500793798   396.9166666666681      6          4    5    4    5    1    2    6    6    3    
23         4.742170264530628E-4   395.1111111111133      8          1    2    8    3    4    5    6    7    8    
43         8.865796581513783E-4   348.41666666666805     7          1    7    6    7    2    3    4    5    6    
24         4.948351580379786E-4   319.4166666666674      6          4    5    1    5    2    6    6    3    4    
204        0.004206098843322818   305.7500000000003      5          1    4    3    4    3    2    5    5    3    
29         5.979258159625575E-4   291.3888888888897      7          6    7    6    7    1    2    3    4    5    
2          4.123626316983155E-5   274.9444444444453      6          1    5    2    5    4    6    3    6    4    
20         4.123626316983155E-4   271.888888888889       6          1    5    4    5    4    6    2    6    3    
111        0.002288612605925651   257.6944444444441      5          4    1    4    2    3    5    5    5    4    
31         6.39162079132389E-4    231.83333333333337     6          4    6    5    6    4    1    2    3    5    
8          1.649450526793262E-4   231.27777777777774     7          1    2    6    3    6    7    4    7    5    
25         5.154532896228944E-4   217.83333333333323     7          7    1    2    3    7    4    5    6    7    
12         2.474175790189893E-4   214.69444444444434     8          1    2    3    4    5    8    6    8    7    
7          1.4432692109441042E-4  202.02777777777806     7          7    1    7    2    7    3    4    5    6    
16         3.298901053586524E-4   194.91666666666666     8          8    1    2    3    8    4    5    6    7    
10         2.0618131584915775E-4  186.25000000000023     6          4    5    1    5    4    6    2    6    3    
3          6.185439475474733E-5   174.05555555555554     5          2    4    2    4    3    5    5    1    3    
18         3.7112636852848393E-4  171.33333333333346     7          6    1    2    3    4    7    5    7    6    
6          1.2370878950949466E-4  162.9722222222224      7          6    1    6    2    7    3    4    5    7    
4          8.24725263396631E-5    147.11111111111114     6          1    5    4    5    2    6    6    3    4    
8          1.649450526793262E-4   145.44444444444454     5          2    4    3    4    2    5    5    1    3    
47         9.690521844910415E-4   122.63888888888903     6          5    6    5    6    5    1    2    3    4    
17         3.505082369435682E-4   122.1944444444446      5          3    4    3    4    3    5    1    5    2    
32         6.597802107173048E-4   117.0833333333335      5          3    1    4    2    3    5    5    5    4    
9          1.8556318426424197E-4  114.66666666666681     6          1    5    4    5    2    6    3    6    4    
47         9.690521844910415E-4   111.77777777777787     7          6    1    6    2    3    4    7    7    5    
26         5.360714212078101E-4   105.27777777777786     5          4    1    4    2    4    5    5    5    3    
7          1.4432692109441042E-4  86.91666666666671      7          1    7    2    7    6    3    4    5    6    
6          1.2370878950949466E-4  86.27777777777774      7          1    2    6    3    4    7    5    7    6    
31         6.39162079132389E-4    83.72222222222224      5          3    4    1    4    3    5    2    5    3    
7          1.4432692109441042E-4  82.19444444444446      7          1    2    7    3    7    4    5    6    7    
13         2.6803571060390506E-4  82.13888888888887      7          1    2    3    4    6    5    7    7    6    
15         3.0927197377373663E-4  78.80555555555551      6          5    1    2    3    5    6    6    6    4    
25         5.154532896228944E-4   73.91666666666664      6          4    1    5    2    5    6    3    6    4    
8          1.649450526793262E-4   67.58333333333329      6          4    1    5    2    5    6    6    3    4    
24         4.948351580379786E-4   65.24999999999996      6          1    6    5    6    5    2    3    4    5    
9          1.8556318426424197E-4  63.61111111111105      5          1    4    3    4    3    5    2    5    3    
4          8.24725263396631E-5    62.13888888888883      8          1    2    3    4    5    8    8    6    7    
18         3.7112636852848393E-4  59.58333333333329      6          5    1    5    2    3    6    4    6    5    
30         6.185439475474733E-4   58.694444444444436     5          3    4    3    4    1    5    5    2    3    
11         2.2679944743407354E-4  58.08333333333328      6          4    6    4    6    5    1    2    3    5    
32         6.597802107173048E-4   56.74999999999997      5          4    1    4    2    4    5    3    5    4    
25         5.154532896228944E-4   55.77777777777774      5          2    4    3    4    2    5    1    5    3    
20         4.123626316983155E-4   54.3333333333333       8          8    1    8    2    3    4    5    6    7    
1          2.0618131584915776E-5  53.99999999999995      7          1    2    6    3    4    7    7    5    6    
12         2.474175790189893E-4   53.58333333333329      6          1    2    5    3    4    6    6    6    5    
2          4.123626316983155E-5   48.16666666666662      6          4    5    4    5    1    6    6    2    3    
5          1.0309065792457888E-4  44.13888888888887      5          2    4    2    4    3    5    1    5    3    
17         3.505082369435682E-4   41.33333333333332      5          1    4    2    4    3    5    5    5    3    
3          6.185439475474733E-5   37.83333333333333      6          4    1    5    2    4    6    6    3    5    
9          1.8556318426424197E-4  34.083333333333336     5          3    4    1    4    3    5    5    2    3    
4          8.24725263396631E-5    32.44444444444446      6          5    1    5    2    3    6    6    4    5    
4          8.24725263396631E-5    28.27777777777778      6          4    5    1    5    4    6    6    2    3    
3          6.185439475474733E-5   22.972222222222218     6          4    1    5    2    4    6    3    6    5    
6          1.2370878950949466E-4  22.69444444444445      7          1    6    2    6    3    7    7    4    5    
8          1.649450526793262E-4   21.916666666666664     5          3    4    3    4    3    5    5    1    2    
3          6.185439475474733E-5   15.944444444444441     7          6    1    2    3    6    7    4    7    5    
6          1.2370878950949466E-4  15.47222222222222      5          3    1    3    2    4    5    5    5    4    
2          4.123626316983155E-5   14.527777777777773     7          6    1    6    2    3    7    4    7    5    
10         2.0618131584915775E-4  12.833333333333334     7          6    1    7    2    6    3    4    5    7    
10         2.0618131584915775E-4  11.833333333333332     6          4    5    4    5    1    6    2    6    3    
4          8.24725263396631E-5    10.61111111111111      6          5    1    2    3    5    6    4    6    5    
3          6.185439475474733E-5   10.36111111111111      6          5    1    2    3    5    6    6    4    5    
5          1.0309065792457888E-4  9.63888888888889       6          1    2    3    4    5    6    6    6    5    
4          8.24725263396631E-5    9.527777777777777      6          1    2    5    3    5    6    4    6    5    
2          4.123626316983155E-5   7.527777777777779      7          1    2    6    3    6    7    7    4    5    
1          2.0618131584915776E-5  6.6944444444444455     7          1    2    3    4    6    7    7    5    6    
2          4.123626316983155E-5   5.75                   6          1    5    2    5    4    6    6    3    4    
2          4.123626316983155E-5   2.0                    5          1    4    3    4    3    5    5    2    3    
1          2.0618131584915776E-5  1.9166666666666665     6          4    1    4    2    5    6    6    3    5    
1          2.0618131584915776E-5  1.0                    7          1    2    3    4    6    7    5    7    6    
1          2.0618131584915776E-5  1.0                    6          5    1    5    2    5    6    3    6    4    

