count      fraction               similarity             nclusters  e1--0 d1--0 z1--0 y1--0 x1--0 d2--0 e2--0 x2--0 z2--0 e1--1 d1--1 z1--1 y1--1 x1--1 d2--1 e2--1 x2--1 z2--1 
9125       0.8328009491649174     10909.738562091114     5          1    2    3    4    5    2    1    5    3    1    2    3    4    5    2    1    5    3    
1505       0.13735511545130966    1812.9150326797405     6          2    3    4    5    6    3    2    6    4    2    3    4    5    6    3    1    6    4    
1          9.126585744273067E-5   298.8300653594762      7          3    4    5    6    7    4    1    7    5    2    4    5    6    7    4    3    7    5    
13         0.0011864561467554988  298.5882352941163      6          2    3    4    5    6    3    2    6    4    1    3    4    5    6    3    2    6    4    
31         0.002829241580724651   284.43790849673144     6          2    3    4    5    6    3    2    6    1    2    3    4    5    6    3    2    6    4    
28         0.002555444008396459   263.6470588235291      7          3    4    5    6    7    4    1    7    5    3    4    5    6    7    4    2    7    5    
57         0.0052021538742356484  225.72549019607814     4          1    2    3    3    4    2    1    4    3    1    2    3    3    4    2    1    4    3    
7          6.388610020991147E-4   175.60784313725478     6          1    3    4    5    6    3    1    6    4    2    3    4    5    6    3    2    6    4    
8          7.301268595418454E-4   173.60784313725483     6          2    3    4    5    6    3    2    6    4    2    1    4    5    6    3    2    6    4    
10         9.126585744273067E-4   168.44444444444414     7          3    4    5    6    7    4    3    7    5    1    4    5    6    7    4    2    7    5    
14         0.0012777220041982295  150.0784313725489      6          2    3    4    5    6    3    2    6    4    2    3    4    5    1    3    2    6    4    
50         0.004563292872136534   137.17647058823533     6          2    3    4    5    6    3    1    6    4    2    3    4    5    6    3    2    6    4    
2          1.8253171488546134E-4  135.32679738562092     7          2    3    4    6    7    3    2    7    4    2    3    5    6    7    3    1    7    5    
19         0.0017340512914118828  86.32026143790846      6          2    3    4    5    6    3    2    6    4    2    3    1    5    6    3    2    6    4    
1          9.126585744273067E-5   75.11764705882345      7          3    4    1    6    7    4    3    7    5    3    4    5    6    7    4    2    7    5    
1          9.126585744273067E-5   74.76470588235286      7          3    4    1    6    7    4    3    7    5    3    4    2    6    7    4    3    7    5    
2          1.8253171488546134E-4  74.14379084967312      7          3    4    5    6    7    4    3    7    1    3    4    5    6    7    4    2    7    5    
6          5.475951446563841E-4   72.58823529411755      6          1    3    4    5    6    3    2    6    4    1    3    4    5    6    3    2    6    4    
1          9.126585744273067E-5   64.20915032679736      7          3    4    5    6    7    4    3    1    5    3    4    5    6    7    4    2    7    5    
11         0.0010039244318700374  64.0457516339869       6          1    3    4    5    6    3    2    6    4    2    3    4    5    6    3    1    6    4    
2          1.8253171488546134E-4  57.71895424836597      7          2    3    4    5    6    3    2    7    4    2    3    4    5    6    3    1    7    4    
3          2.7379757232819205E-4  45.92156862745095      5          1    2    3    4    5    2    1    5    3    1    2    3    4    5    2    2    5    3    
6          5.475951446563841E-4   45.81699346405226      6          1    3    4    5    6    3    2    6    4    2    3    4    5    6    3    2    6    4    
12         0.0010951902893127682  36.97385620915031      5          2    3    4    4    5    3    2    5    4    2    3    4    4    5    3    1    5    4    
1          9.126585744273067E-5   25.875816993464056     6          2    3    1    5    6    3    2    6    4    2    3    4    5    6    3    2    6    4    
1          9.126585744273067E-5   24.627450980392158     6          2    1    4    5    6    3    2    6    4    2    3    4    5    6    3    2    6    4    
3          2.7379757232819205E-4  24.111111111111114     7          1    4    5    6    7    4    3    7    5    3    4    5    6    7    4    2    7    5    
1          9.126585744273067E-5   20.810457516339874     6          2    3    4    5    6    3    2    6    4    2    3    4    5    6    3    2    1    4    
1          9.126585744273067E-5   19.84967320261438      6          2    3    4    5    6    3    2    6    4    2    3    4    5    6    1    2    6    4    
7          6.388610020991147E-4   18.74509803921569      5          2    2    3    4    5    2    2    5    3    2    2    3    4    5    2    1    5    3    
3          2.7379757232819205E-4  18.45098039215686      7          2    3    4    6    7    3    2    7    5    2    3    4    6    7    3    1    7    5    
1          9.126585744273067E-5   16.267973856209153     6          3    4    5    1    6    4    3    6    5    3    4    5    2    6    4    3    6    5    
1          9.126585744273067E-5   15.228758169934643     7          3    4    5    6    7    1    3    7    5    3    4    5    6    7    4    2    7    5    
2          1.8253171488546134E-4  14.333333333333336     8          1    5    6    7    8    5    2    8    6    3    5    6    7    8    5    4    8    6    
1          9.126585744273067E-5   13.692810457516343     4          1    2    3    3    4    2    1    4    3    1    2    3    3    4    2    2    4    3    
7          6.388610020991147E-4   13.679738562091504     4          1    1    2    3    4    1    1    4    2    1    1    2    3    4    1    1    4    2    
3          2.7379757232819205E-4  12.568627450980394     6          1    2    3    5    6    2    1    6    3    1    2    4    5    6    2    1    6    4    
1          9.126585744273067E-5   8.77124183006536       8          4    5    1    7    8    5    4    8    2    4    5    6    7    8    5    3    8    6    
1          9.126585744273067E-5   7.784313725490197      7          3    4    5    6    7    4    3    7    5    3    4    5    6    7    4    1    7    2    
1          9.126585744273067E-5   7.313725490196079      5          1    3    4    4    5    3    2    5    4    2    3    4    4    5    3    2    5    4    
1          9.126585744273067E-5   6.732026143790851      7          3    4    5    6    7    4    3    7    5    3    4    5    6    1    4    2    7    5    
5          4.5632928721365336E-4  5.954248366013072      7          3    4    5    6    7    4    3    7    5    3    4    1    6    7    4    2    7    5    
1          9.126585744273067E-5   1.0                    7          3    4    1    6    7    4    3    7    2    3    4    5    6    7    4    3    7    5    

