count      fraction               similarity             nclusters  e1--0 d1--0 z1--0 y1--0 x1--0 d2--0 e2--0 x2--0 z2--0 e1--1 d1--1 z1--1 y1--1 x1--1 d2--1 e2--1 x2--1 z2--1 
6091       0.9058596073765616     6701.607843137281      5          1    2    3    4    5    2    1    5    3    1    2    3    4    5    2    1    5    3    
184        0.027364663890541343   607.934640522874       6          2    3    4    5    6    3    2    6    4    2    3    4    5    1    3    2    6    4    
14         0.002082093991671624   422.25490196078465     6          1    2    3    5    6    2    1    6    4    1    2    3    5    6    2    1    6    4    
7          0.001041046995835812   409.0065359477106      6          2    3    4    5    6    3    2    6    4    2    3    4    5    6    1    2    6    4    
77         0.011451516954193932   405.91503267973684     6          1    3    4    5    6    3    2    6    4    2    3    4    5    6    3    2    6    4    
105        0.015615704937537181   333.5816993464045      6          3    4    5    1    6    4    3    6    5    3    4    5    2    6    4    3    6    5    
33         0.004907792980368828   227.84967320261433     6          2    3    4    5    6    3    2    6    4    2    3    1    5    6    3    2    6    4    
8          0.001189767995240928   194.1895424836601      6          1    3    4    5    6    3    2    6    4    1    3    4    5    6    3    2    6    4    
2          2.97441998810232E-4    186.0326797385618      7          3    4    5    6    7    4    3    7    5    1    4    5    6    2    4    3    7    5    
29         0.004312908982748364   185.02614379084955     6          1    2    3    4    5    2    1    5    3    1    2    3    4    6    2    1    6    3    
1          1.48720999405116E-4    182.98039215686245     8          5    6    7    1    8    6    5    8    7    2    6    7    3    4    6    5    8    7    
8          0.001189767995240928   154.39215686274488     7          1    4    5    6    7    4    3    7    5    2    4    5    6    7    4    3    7    5    
1          1.48720999405116E-4    152.19607843137229     9          1    7    2    8    9    7    6    9    3    6    7    4    8    9    7    6    9    5    
3          4.46162998215348E-4    146.15686274509787     7          1    4    5    6    7    4    3    7    5    3    4    5    6    2    4    3    7    5    
3          4.46162998215348E-4    145.02614379084972     6          1    2    3    5    6    2    1    6    3    1    2    4    5    6    2    1    6    4    
6          8.92325996430696E-4    142.53594771241825     6          2    3    1    5    6    3    2    6    4    2    3    4    5    6    3    2    6    4    
2          2.97441998810232E-4    134.49673202614366     7          3    1    5    6    7    4    3    7    5    3    4    5    6    7    2    3    7    5    
10         0.00148720999405116    133.37254901960787     6          1    2    4    5    6    3    1    6    4    1    3    4    5    6    2    1    6    4    
4          5.94883997620464E-4    124.56209150326788     7          3    4    5    6    7    4    3    7    1    3    4    5    6    7    4    3    7    2    
3          4.46162998215348E-4    120.10457516339856     7          3    4    5    6    7    4    3    7    5    3    4    1    6    2    4    3    7    5    
2          2.97441998810232E-4    117.89542483660122     7          3    4    5    6    1    4    3    2    5    3    4    5    6    7    4    3    7    5    
22         0.003271861986912552   117.00653594771227     6          2    3    4    5    6    3    2    6    4    2    3    4    5    6    3    2    6    1    
6          8.92325996430696E-4    95.35947712418289      7          3    4    5    6    1    4    3    7    5    3    4    5    6    2    4    3    7    5    
11         0.001635930993456276   89.65359477124183      6          1    2    3    4    5    2    1    6    3    1    2    3    4    5    2    1    6    3    
1          1.48720999405116E-4    77.69934640522868      7          1    3    4    5    6    3    2    7    4    2    3    4    5    6    3    2    7    4    
1          1.48720999405116E-4    77.12418300653586      8          5    6    7    1    2    6    5    8    7    5    6    7    3    4    6    5    8    7    
3          4.46162998215348E-4    76.6339869281045       7          1    5    6    2    7    5    4    7    6    4    5    6    3    7    5    4    7    6    
20         0.00297441998810232    74.54248366013067      6          2    3    4    5    6    3    2    6    4    1    3    4    5    6    3    2    6    4    
2          2.97441998810232E-4    54.627450980392105     7          4    5    6    1    7    5    4    7    6    4    5    6    2    3    5    4    7    6    
2          2.97441998810232E-4    52.7320261437908       7          4    5    1    2    7    5    4    7    6    4    5    6    3    7    5    4    7    6    
4          5.94883997620464E-4    50.13725490196077      6          2    3    4    5    6    3    2    6    1    2    3    4    5    6    3    2    6    4    
1          1.48720999405116E-4    48.379084967320225     8          1    5    6    7    8    5    4    8    6    2    5    6    7    8    3    4    8    6    
4          5.94883997620464E-4    45.71895424836598      6          1    3    4    5    6    3    2    6    4    2    3    4    5    6    3    1    6    4    
16         0.002379535990481856   42.725490196078425     6          2    3    4    5    1    3    2    6    4    2    3    4    5    6    3    2    6    4    
2          2.97441998810232E-4    26.93464052287582      7          3    4    5    6    7    4    3    7    5    3    4    1    6    7    4    3    7    2    
3          4.46162998215348E-4    24.882352941176475     6          2    3    4    5    6    3    2    1    4    2    3    4    5    6    3    2    6    4    
1          1.48720999405116E-4    21.869281045751638     7          2    3    4    6    7    3    2    7    4    2    3    5    6    1    3    2    7    5    
1          1.48720999405116E-4    20.673202614379086     7          3    4    5    6    7    4    3    7    5    3    4    5    6    1    2    3    7    5    
1          1.48720999405116E-4    20.20915032679739      7          4    5    6    1    7    5    4    7    6    4    5    6    2    7    5    4    7    3    
1          1.48720999405116E-4    18.895424836601308     8          1    5    6    2    8    5    4    8    7    4    5    6    3    8    5    4    8    7    
1          1.48720999405116E-4    17.790849673202615     8          4    1    6    7    8    5    4    8    2    4    5    6    7    8    3    4    8    6    
2          2.97441998810232E-4    17.09150326797386      7          4    5    6    1    7    5    4    7    6    2    5    6    3    7    5    4    7    6    
1          1.48720999405116E-4    15.3921568627451       7          4    5    6    1    7    5    4    7    6    4    5    2    3    7    5    4    7    6    
2          2.97441998810232E-4    14.254901960784315     6          2    3    4    5    6    3    1    6    4    2    3    4    5    6    3    2    6    4    
1          1.48720999405116E-4    12.490196078431374     7          2    3    1    5    6    3    2    7    4    2    3    4    5    6    3    2    7    4    
4          5.94883997620464E-4    11.69934640522876      6          1    2    3    5    6    2    1    6    4    1    2    4    5    6    2    1    6    3    
1          1.48720999405116E-4    9.823529411764707      5          2    2    3    4    5    2    2    5    3    2    2    3    4    1    2    2    5    3    
9          0.001338488994646044   9.0                    4          1    1    2    3    4    1    1    4    2    1    1    2    3    4    1    1    4    2    
1          1.48720999405116E-4    7.686274509803923      7          2    3    4    6    7    3    2    7    5    2    3    5    6    1    3    2    7    4    
1          1.48720999405116E-4    6.725490196078432      7          2    3    4    5    6    3    2    7    4    2    3    4    5    6    3    2    7    1    
1          1.48720999405116E-4    5.738562091503269      8          3    4    5    6    7    4    3    8    1    3    4    5    6    7    4    3    8    2    
1          1.48720999405116E-4    4.823529411764706      8          5    6    1    2    8    6    5    8    7    5    6    3    4    8    6    5    8    7    
1          1.48720999405116E-4    3.836601307189543      7          3    4    1    6    7    4    3    7    5    3    4    5    6    7    4    3    7    2    
1          1.48720999405116E-4    2.849673202614379      7          3    4    1    6    7    4    3    7    5    3    4    2    6    7    4    3    7    5    
1          1.48720999405116E-4    1.9411764705882353     7          2    3    5    6    1    4    2    7    5    2    4    5    6    7    3    2    7    5    
1          1.48720999405116E-4    1.0                    8          5    6    7    1    8    6    5    8    7    5    6    7    2    3    6    5    4    7    

