count      fraction               similarity             nclusters  e1--0 d1--0 z1--0 y1--0 x1--0 d2--0 e2--0 x2--0 z2--0 e1--1 d1--1 z1--1 y1--1 x1--1 d2--1 e2--1 x2--1 z2--1 
3094       0.7292010370021211     4082.0718954248273     5          1    2    3    4    5    2    1    5    3    1    2    3    4    5    2    1    5    3    
609        0.14353052085788356    1007.0                 6          1    2    3    4    5    2    1    6    3    1    2    3    4    6    2    1    5    3    
118        0.027810511430591562   398.8496732026128      6          2    3    4    5    6    3    2    6    4    2    3    4    5    1    3    2    6    4    
140        0.03299552203629508    283.17647058823485     7          3    4    5    6    7    4    3    1    5    3    4    5    6    2    4    3    7    5    
12         0.0028281876031110063  141.24836601307177     6          2    3    4    5    6    3    2    6    4    2    3    4    5    6    1    2    6    4    
108        0.02545368842799906    133.3398692810457      4          1    1    2    3    4    1    1    4    2    1    1    2    3    4    1    1    4    2    
17         0.004006599104407259   129.09150326797365     6          2    3    4    5    6    3    2    6    4    2    3    4    5    6    3    1    6    4    
1          2.3568230025925054E-4  128.31372549019616     6          1    2    4    5    6    3    1    6    4    1    3    4    5    6    2    1    6    4    
7          0.0016497761018147536  113.11764705882335     7          2    3    4    5    6    3    2    7    4    2    3    4    5    7    3    1    6    4    
61         0.014376620315814282   107.83006535947715     6          2    3    4    5    6    3    2    1    4    2    3    4    5    6    3    2    6    4    
1          2.3568230025925054E-4  102.95424836601309     7          1    2    4    5    6    3    1    7    4    1    2    4    5    7    3    1    6    4    
2          4.713646005185011E-4   45.431372549019606     7          3    4    5    6    7    4    3    1    5    3    4    5    6    7    4    2    7    5    
1          2.3568230025925054E-4  43.666666666666664     8          4    5    6    7    8    5    4    1    6    4    5    6    7    2    5    3    8    6    
1          2.3568230025925054E-4  43.58823529411762      7          2    1    4    5    6    3    2    7    4    2    3    4    5    7    3    2    6    4    
9          0.0021211407023332546  42.01960784313725      6          1    3    4    5    6    3    2    6    4    2    3    4    5    6    3    1    6    4    
6          0.0014140938015555031  32.37908496732026      6          1    2    4    5    6    3    1    6    4    1    2    4    5    6    3    1    6    4    
1          2.3568230025925054E-4  31.516339869281047     8          3    4    6    7    8    5    3    1    6    3    4    6    7    2    5    3    8    6    
17         0.004006599104407259   25.862745098039216     5          1    1    2    3    4    1    1    5    2    1    1    2    3    5    1    1    4    2    
1          2.3568230025925054E-4  24.882352941176475     5          2    3    4    4    5    3    2    5    4    2    3    4    4    1    3    2    5    4    
2          4.713646005185011E-4   24.058823529411764     8          4    5    6    7    8    5    4    1    6    4    5    6    7    2    3    4    8    6    
1          2.3568230025925054E-4  23.66666666666667      6          2    3    4    5    6    3    2    6    4    1    3    4    5    6    3    2    6    4    
1          2.3568230025925054E-4  22.575163398692816     6          2    3    1    5    6    3    2    6    4    2    3    4    5    6    3    2    6    4    
7          0.0016497761018147536  22.071895424836605     7          2    3    4    5    6    3    2    7    4    2    3    4    5    7    1    2    6    4    
1          2.3568230025925054E-4  21.73202614379085      6          2    3    4    5    6    3    2    6    4    2    1    4    5    6    3    2    6    4    
1          2.3568230025925054E-4  15.04575163398693      7          2    3    1    5    6    3    2    7    4    2    3    4    5    7    3    2    6    4    
1          2.3568230025925054E-4  11.379084967320262     7          1    2    4    5    6    2    1    7    4    1    3    4    5    7    3    1    6    4    
6          0.0014140938015555031  9.751633986928105      7          1    3    4    5    6    3    2    7    4    2    3    4    5    7    3    1    6    4    
1          2.3568230025925054E-4  9.333333333333334      7          3    4    5    6    7    4    3    7    5    3    1    5    6    7    2    3    7    5    
5          0.0011784115012962526  8.934640522875817      5          2    2    3    4    5    2    2    1    3    2    2    3    4    5    2    2    5    3    
3          7.070469007777516E-4   7.640522875816994      4          1    2    3    3    4    2    1    4    3    1    2    3    3    4    2    1    4    3    
3          7.070469007777516E-4   3.9869281045751634     6          3    3    4    5    6    3    3    1    4    3    3    4    5    2    3    3    6    4    
1          2.3568230025925054E-4  2.869281045751634      7          2    4    5    6    7    4    3    1    5    3    4    5    6    7    4    2    7    5    
1          2.3568230025925054E-4  1.9607843137254903     6          2    3    4    5    6    1    2    6    4    2    3    4    5    6    3    2    6    4    
1          2.3568230025925054E-4  1.9084967320261437     6          3    4    5    5    6    4    3    1    5    3    4    5    5    2    4    3    6    5    
1          2.3568230025925054E-4  1.0                    5          2    2    3    4    5    2    2    5    3    2    2    3    4    1    2    2    5    3    
1          2.3568230025925054E-4  1.0                    6          2    3    4    5    6    3    2    6    4    2    3    4    5    6    3    2    6    1    

