0.0011133076951992617
0.0010366570319798258
0.0010827049288042805
0.0009860753928692385
0.0010875124674279016
0.0010342824363864796
0.0010657593361983173
0.001022473568529326
0.0008658764052800467
0.0009191338652048565
0.0011725706888377197
0.0009628502291546655
0.0009503754600092954
0.001071814172388806
0.0011501653948063969
0.0009468617725999991
0.0012909854051943903
0.0011305454327639132
0.001134070079091596
0.0010293346261176848
0.0012070560051707202
0.0008454703196289681
0.0012134959228333915
0.0011068342464700068
0.0010149085675223112
0.0009179334856797988
0.001054578005794899
0.0010852086414530554
0.0011416170483052632
0.0011487189782122503
0.0011455458907734194
0.0011733101645827846
0.0009810510983938817
0.0010932526471878455
0.0009295823818639433
0.0009476766806175722
0.0009474211224777148
0.0009005054906167422
0.000985362783726856
0.0009835141806034046
0.0010584221806528196
0.0010980921273281512
0.0010770800601480502
0.0009434912873703227
0.0010924099371871759
0.0012455419829279267
0.0011698148162449533
0.001111563334477591
0.0009470588003178357
0.0010588115213715846
0.00101104615939599
0.0010058073312102244
0.001132514231067864
0.0008608168081514009
0.0010386790338095086
0.0008781261865432494
0.0011334932549653626
0.0010977771103539335
0.0011205196761185563
0.0010369859311526073
0.0011987721126152236
0.0009412319736181364
0.0009943181692781986
0.0009703709921076659
0.0010509822806607186
0.0012085912204404903
0.001156679795299637
0.0012700033610915115
0.0010523412450215365
0.0009685147826525317
0.001018382004433995
0.0009443786250248442
0.0011218019402823454
0.00107418038660951
0.0009039903152613552
0.0011075632424552473
0.001017684411780188
0.001083204809771875
0.0012126286705592642
0.0009613516594441318
0.000988019460832688
0.0010212544682565463
0.0009612457155424774
0.001004191880739254
0.0011185170492159179
0.0012972081486518259
0.0011161079987656267
0.0011530034432087005
0.0010288890714354568
0.001042333798972685
0.0010255055514395695
0.0009733741001530095
0.0010490168500139187
0.0010387184547439954
0.0010703731255414758
0.0010868417898957294
0.000986152411789223
0.001018717203309981
0.0009324244947965642
0.0009961820712173061
0.0011182819098968775
0.0010168097911624437
0.0011109287077231183
0.0012265439995756313
0.0012038629203621597
0.0009977304031066594
0.0010710334426441478
0.0010335114089699874
0.0011287536755887361
0.0010935732678481148
0.0010694936672824222
0.0009119134841286937
0.0011735766690838757
0.0013929617851651081
0.0009973190017824088
0.0011563964925438593
0.0010571814788238381
0.0011679441764276702
0.0010893862079060263
0.001081212602044807
0.001071246119271715
0.0010695264679040457
0.0010582437413959194
0.0009318434885244519
0.001051206632343963
0.0010250345301466967
0.0010916113461139623
0.0012176897418463058
0.001262757118474058
0.001100580981811195
0.0010708754042262076
0.0010046697746221582
0.0009817835172193266
0.001117617500346522
0.00103138387409155
0.001068276177063465
0.0011846363454319133
0.001081009647017032
0.0009680358069142479
0.0009700464811721328
0.0009437588359106015
0.0009943197070690897
0.0009941074216759337
0.0010347188096688127
0.0011501105529687359
0.0010364936330794852
0.0009409295952816652
0.0011262785739593096
0.0011372849319821916
0.0010810923351998656
0.0010974776340291477
0.001025037432900647
0.0009864160219546362
0.0010228765500140335
0.0010377075987505165
0.0009102918505819338
0.001046914965220243
0.0009117523719406583
0.0010862508442376529
0.0012004228215011484
0.0010315977693416561
0.001006435064218229
0.0009214973400097227
0.0011689199703242233
0.001103459417303618
0.001049411149675771
0.001030291914011497
0.0012153052965010055
0.0009612470728583016
0.0009827081729811608
0.0010465038397604507
0.001119125462180603
0.001016591487153653
0.0010195382777774343
0.0007534736963637964
0.000990526294236771
0.0009884228150343814
0.0010111887180827206
0.0009629548991884409
0.0010344275556599762
0.0008822674835736536
0.001130106161489537
0.0009039840000297215
0.0012571370613469785
0.0010611883130907903
0.0009919188492462094
0.0010702392840460948
0.0012178620564290827
0.0010072830501442994
0.0011282968087756359
0.0011565294963080143
0.001020983911831454
0.0010575936551548175
0.0011252204643805658
0.0012811853502990476
0.001059463634702489
0.0011562053483060639
0.0011862352124326673
0.0013299725123313288
0.0012094443209146666
0.0012691819114343348
0.0010370239485609969
0.001069610734517946
0.0010333159135721857
0.0009522530414408604
0.0011133602546241639
0.0010145294561212364
0.0010553872628248247
0.001061451294700285
0.0010333392377463565
0.0010327977995400175
0.001154069177361119
0.001173102052719546
0.0010756932009853635
0.0010784248435058976
0.0011242806116649666
0.001133209804961593
0.0011829338302963967
0.0009953547798536141
0.0010965351375667692
0.0011427672077199014
0.0011725769565594194
0.0013039335691754483
0.001203167732829556
0.001236881683503287
0.0010410585956616605
0.0010590543961793407
0.0013924195728848617
0.0009152844738913151
0.0010682064900954691
0.000987340871427952
0.0011637669355023198
0.0011897825359290907
0.00107673833640887
0.0010148246290654836
0.0012551453300576325
0.000975065968375767
0.0011570166312095194
0.0010465588370833804
0.0011630759116274929
0.001015735088171097
0.0011678166940070685
0.0009515497740724098
0.001066708658643629
0.0009404292667295279
0.0010179134530837
0.000955829102849146
0.0009322462387265873
0.0009527318396894168
0.0009924421562478856
0.001083458260109303
0.000887454978805636
0.0009288079482788901
0.0010320176939291519
0.0009257532504016073
0.0010640237377794561
0.0009312728090481542
0.0011831329171452544
0.0010010747077586356
0.0009660540757583386
0.0010444130760372398
0.0008829093208922434
0.0010075186316515867
0.0011025841624378349
0.000984102376973539
0.0009990971408108296
0.001012579303819709
0.001093487925927017
0.0009835802120180706
0.0010179625152002122
0.0011928312328717044
0.0010998348266757286
0.0009983178320109778
0.000988375444145073
0.0010433454654112143
0.0011492957509201887
0.0011125156546481518
0.0009778025706288914
0.0008972019480210289
0.0010034563371729708
0.001075623577764304
0.001036982808137769
0.0010556565755989711
0.0011811332354437086
0.0009037318955071907
0.0009847875164610187
0.001174680949918987
0.0011996770414024168
0.0009340132512319493
0.0009612669839578369
0.0009890308506417336
0.0011637066191774925
0.0011240135099435356
0.0011308231512122155
0.0010421674080991353
0.0011220181483986103
0.00112985584540417
0.0012078959901735736
0.0012160485528935343
0.0010320987831380405
0.0011672600148440989
0.0011881971418480867
0.0012404162581261863
0.0011741597235704175
0.0010646743513658672
0.000994565151188418
0.0012266818738398875
0.0009737338305062726
0.0011408358751739647
0.0010244252120831688
0.0010822520803082786
0.0010091257333634837
0.0010313791183887526
0.0011799053984816448
0.001072645360377788
0.0009087661416253337
0.0012653438617236071
0.001118001676506652
0.0013569673414803036
0.0010434950528476134
0.0011657002246366096
0.0010667268384457005
0.0010610785943226389
0.001205275561172506
0.0011408716719176794
0.0011262587495002945
0.0009749218892259572
0.0010811585947330382
0.0010516586533605358
0.0011256694760515985
0.0012876921315752726
0.0010079767311663118
0.0011028441426189182
0.001226155810119634
0.0011466020426155325
0.001137620426381052
0.0011302469365110839
0.0009827047752123076
0.0010176293497469744
0.0011083751016911954
0.0011217142803153122
0.0011338755016869063
0.0011680086633038254
0.0010086263487018635
0.0010540148805670885
0.0011306430923708661
0.001302130094733352
0.000944791180406536
0.0009625504386137576
0.0009539471290305691
0.001066330047224832
0.0009144217177821632
0.000999787332031899
0.0009807753773909149
0.00112922194082404
0.0011051724301439792
0.0011328142701861558
0.0012104025632507598
0.0008924032157862642
0.001156074504423173
0.001087490492817114
0.0009946047410937869
0.0011680578132209774
0.0010189596025964593
0.0011469246236917926
0.001017916517947216
0.0009597745327716205
0.0009111666838965411
0.001010576830586732
0.0009731027073607966
0.0011829868706170227
0.001007616098528366
0.0009165003242402187
0.0010206354633801764
0.0009777117526628624
0.0011113614433936882
0.0009390824077039682
0.000993285049933198
0.0009094949870380102
0.0010705749880154068
0.0008762717151525456
0.0012223751424979604
0.0009083656890820828
0.0009225120731538322
0.0009232203097469762
0.0009743800506072604
0.0009714685173185675
0.0010025065225623391
0.0010422413836810708
0.0009991251048058305
0.0010469500663754623
0.0010011667103878882
0.0009131934432651703
0.001044497628795107
0.000964701723415846
0.0010497835170436562
0.0009461894034170894
0.00110004804808605
0.001051795616929372
0.0009260520403638594
0.0011749269003387623
0.0009948105201308243
0.0009993936602847844
0.0011732566767912141
0.0010321691150003295
0.0010227121143985209
0.0009714295979055651
0.001011865065412301
0.0008857941523430281
0.0009650740069608927
0.0011146323208576316
0.0011076795153536368
0.0012367352036132255
0.0010027034956246533
0.001118483858465963
0.0009986900402579033
0.000952505040973322
0.0009156441310471324
0.0012106867181114918
0.0010167981963759047
0.001043531141521815
0.0010179340803139264
0.001006877547015194
0.0010272507293881477
0.001034676667806374
0.0010454111911098454
0.0011218253593487737
0.000928593091345256
0.0010708808820259039
0.0010347062542996402
0.0009928338387594645
0.0011114418927137453
0.0010467229865598429
0.0009417536989147034
0.0009220958142129044
0.001158260735613119
0.001041443593187523
0.001151355267885636
0.001094639190472468
0.0012419440642672504
0.0009259323568643154
0.0010758815813164502
0.001120589977785199
0.0009415214017622038
0.0010040667100086889
0.0008926669410456795
0.0009918269519137552
0.0011144564826381092
0.0009536680067009518
0.0009696184232852934
0.0011260021877508683
0.0008735430682882989
0.0010850034862708168
0.0010683539331977842
0.0010975341973827237
0.0010733415055606374
0.0009446180628330925
0.0009931582264191077
0.001012142111250514
0.0010760534175575415
0.0010972322726059975
0.0011731739599780753
0.001169403286990841
0.0009911990160021505
0.0012965813972169167
0.000969728099172948
0.0011126389601733453
0.0008876955811268489
0.000997128265475026
0.0008694067618527637
0.0010300579145888476
0.0009767061979625911
0.0012337168469578892
0.0010877919121989315
0.0010762539959434407
0.0011373709162686915
0.0010635992868385617
0.001083088920259558
0.0009671897437783448
0.0012089860597611346
0.0012104446664925963
0.0011337471474901885
0.001101414500455914
0.0010148018358784692
0.001082973087101677
0.0008954689945071733
0.001141136756571722
0.0009678647792097489
0.0010684224705164232
0.0009309133716522307
0.0009528893527957356
0.0012565904864127514
0.0011475348753402597
0.0009536910267339811
0.001003771979954914
0.0009374673455404652
0.0012624169545778642
0.0011998386794101045
0.0011086146136410737
0.001099133861585808
0.0011464476833713785
0.0011631885576249943
0.0010662465813260098
0.0010846837911344944
0.0010008817650684818
0.001045156122995685
0.0009878869035059726
0.0010724800272605038
0.001207960559027377
0.0009721470322116093
0.001111583783712557
0.0009929496828414133
0.0010859671335773037
0.0009910274919608115
0.0009585146264425588
0.0010412758476749154
0.0010835469366541606
0.001063805764937072
0.0010265800525777796
0.0011068838062260435
0.0010613542917612766
0.0009847234444853303
0.0008496474458783152
0.0011659312823406932
0.0010885373751451624
0.0009429617123750133
0.0010932384461832677
0.0009572029627196944
0.0008901495273439275
0.0010182795726018472
0.0010210032966209656
0.0010436054573266732
0.0009227285172704405
0.0009208418583811733
0.0011581420564693852
0.0011568737549146964
0.0009442826599824522
0.0011229849322868558
0.001129271214699839
0.0011565514082893375
0.0008648719406880639
0.0010672072908647944
0.001016662322313169
0.0011608635679771922
0.0010006431773283589
0.0009511634483740512
0.0010125548225824292
0.0010141467267682513
0.001048974333689362
0.0011723836409448078
0.001110482485212647
0.0010194140837135842
0.0009406090065510766
0.000818559428177576
0.0010046676126943012
0.001062572411147722
0.0011234180604650628
0.0010444055838164865
0.0011814606911430556
0.0011442105716909941
0.0009496522582403142
0.0010218177760694539
0.0009998841754724618
0.001074678537837011
0.0009048821314759424
0.001160602633224688
0.0010367278163981224
0.001002979072718516
0.0009322217120833185
0.001012381141298307
0.0010619798113576258
0.0010275184202058168
0.0012124079954645478
0.001156240887350233
0.0009800878395756368
0.0009500390468041448
0.0009138716468176005
0.0009095701817508023
0.0009727684345874519
0.0011640415961475942
0.0009926177067234876
0.0009455820225262177
0.0009308081463056732
0.0009253002258014743
0.0011413258531760115
0.0011514105353328669
0.001240679186962343
0.00105265372341011
0.001111678881138263
0.0009174403590349425
0.0008689863262720096
0.001134284530335474
0.0011393692018938247
0.0008941216391221283
0.0010931448904886185
0.0010427637007030105
0.0009756220833398912
0.0010086996712303227
0.0011011040370951099
0.001183133598976913
0.0009879612817380516
0.000924853621428936
0.0010509915289383185
0.0011453943652541293
0.0010024329181765395
0.001070574401034236
0.0010437997701511325
0.0011761402538597186
0.001031736920640616
0.0010826187463989956
0.001027795052042715
0.001101844566520897
0.001137334505678717
0.0009995171017188336
0.0011109423370464942
0.0010832818226877748
0.001032678493993497
0.001066779615576138
0.0011447725468982685
0.0010662531551951873
0.0010533792658800592
0.0011452189223248946
0.0012824275464076902
0.0011847798062598436
0.0011401699255199384
0.0011165654223728582
0.0011674677588379076
0.0010412816034517
0.0009011934470942848
0.0010422286659339092
0.0009208806141795272
0.0009182106937942479
0.0009456528763122418
0.0011698521748277027
0.0010051502946939025
0.0010929421998076986
0.000985427296649623
0.0011614350899644909
0.0012894124332578306
0.0010423622285728107
0.0009481412422273085
0.0008910782197763636
0.000991235626676339
0.001243058120637702
0.000846992914485191
0.00108527289069834
0.000998463197075645
0.0012276410943519835
0.0010325497394839981
0.0009537720751644869
0.0011725761275642966
0.0010173735184046174
0.0010128042331046879
0.0011126426402249495
0.0010715528018932067
0.001134166042913906
0.0010591983899291802
0.0009987218322143976
0.0009719374420792667
0.001106221423320071
0.001268091492232437
0.0011816011016573698
0.0011637540822363995
0.0009085483722962421
0.0009905294377450923
0.0010765193361536203
0.0010391987372750631
0.0011432407294191772
0.0010873684028179017
0.0009128238121691338
0.0008956186604320725
0.0010470156881695716
0.001027962329640876
0.0010610236521653904
0.0011254287457044864
0.0009350241047746863
0.0010511505810336668
0.0012906969979007788
0.0011107352728763542
0.0010810050234637042
0.0010062395534078056
0.001072386933554421
0.001068371135086741
0.0009717995492232786
0.001166030224359947
0.001115074377324366
0.0011864145974194618
0.001052586752192417
0.001156718211657416
0.001199619836922881
0.0010483198482687632
0.0011732535206866689
0.0011087140479818106
0.0012470770664951307
0.0012824169118560674
0.001037248201610241
0.0012200349994996175
0.001095368858067747
0.0011573253381978947
0.001068919401650133
0.0010748497143513505
0.000987879802214036
0.0010660424816650732
0.0011203365501649592
0.0009726728558854612
0.0010052503255662615
0.0009141024366249306
0.000985108983869251
0.0009635433102185561
0.0010021210965151222
0.0009925332349908177
0.0010348135083139344
0.0011701876820793893
0.0010649770900673355
0.0011366672055158945
0.0012152564171943004
0.001041329493774519
0.0010780387743900722
0.0010797595642989335
0.001119634624506377
0.0010397439999384926
0.001027876314742278
0.0011008292975170342
0.0010558006363749104
0.000988278098564797
0.0009194167590387373
0.0011332353228304083
0.0011400806486537062
0.001077221983550124
0.0010098019750931044
0.0010139503797063649
0.0008513629328474538
0.0010676590993675492
0.0011573436193380398
0.0009139165439390806
0.001011959018166056
0.0010791186613236725
0.0011096808121849626
0.0009810952203241022
0.0011206513403621181
0.0010375701329622558
0.0011419542819598714
0.0009476514790352466
0.0009131767611967024
0.0010485223638541858
0.000985480711802944
0.0011064684669889386
0.0011995202143839044
0.0010193796750173187
0.0011734756948547104
0.0011425991553178098
0.001209943192404195
0.0011027585548562925
0.0011692832981209356
0.000993343807694939
0.0010691833209925958
0.0010105503419990847
0.0011578781618855332
0.0010551516549238058
0.0009324915612576585
0.0010015561490032139
0.0012511776817919838
0.0010367791983298066
0.0010861739208580965
0.0011663813772437976
0.0012589950695351146
0.0012192553935189115
0.0011292958120871898
0.001094224914724726
0.0010469566947703358
0.0011477695989688627
0.001135505606959557
0.0011238154695393428
0.0011718857181902736
0.0010738428065282073
0.0010122054448567556
0.0009316333896762219
0.0010761505866736304
0.0011218427537256139
0.0009489545424541329
0.001220721189260971
0.0011747981934612235
0.0009067924460948483
0.0009950248854544996
0.0011326854933077224
0.0011291918042117563
0.0010281622258448133
0.0010377791031528773
0.0010434835801590076
0.0010658999558706582
0.0010338233291357704
0.0009345920494631175
0.0010663384212155843
0.0010368257160294464
0.0011396015185072721
0.001061130043780908
0.001056464635730703
0.0010384297628650144
0.0010611036204196205
0.0010926157078815879
0.0010997997592801863
0.0012557364460975638
0.0010714012867358257
0.001260996162981234
0.0010712678831717338
0.0010779406301756303
0.001229189407367239
0.001093969790974661
0.0010515476905911872
0.0010283405588072207
0.0010494438953021939
0.0009604866630336721
0.0009400706023314182
0.0010242606801797898
0.001130640721391715
0.0011325065669286418
0.001015476841809973
0.0012464906743758397
0.0009447223583526227
0.001176952042601898
0.0010828677311363643
0.0010479712514576446
0.0011582976641133864
0.0010811009697781907
0.0009467441299994215
0.0010194774460458443
0.0011848296693897236
0.0012161947805114028
0.0010932254476312031
0.0008967925363158195
0.0009020236955982577
0.001050785681052856
0.0008307783602563606
0.0011055601563029387
0.0011093236942966104
0.0011298851348842897
0.0010177058487500384
0.001006724353201856
0.0009413383164577307
0.000972384386678636
0.0009383410022334879
0.0010146933915399505
0.0011581616825880837
0.0011673960842981006
0.00108742610446113
0.0011736348110449398
0.0009073739548729461
0.0010130683497440156
0.0010545143353672994
0.0010048586427572105
0.0010972533293369707
0.0012203204694361102
0.0010141677071794127
0.0010473055861465097
0.0010599071670281978
0.0010419773156205108
0.001130262364419044
0.0011445991250938485
0.0011211807617609079
0.0011786460528330105
0.001084299676461886
0.0010909417610363806
0.0011630678389441236
0.001041815301194175
0.0009800703677057877
0.0010584441495002075
0.0009613388920932393
0.0010254663068223907
0.0010914055471639066
0.0010725517308990758
0.000985288455394262
0.001132159220060495
0.0009982119040203195
0.0010055494851394884
0.0010341838084986915
0.0010211706456321036
0.0011019802808667834
0.0012038078446411696
0.0010845446968946989
0.0012082213375533214
0.0011964855272394487
0.001134746689763082
0.0012191981205998755
0.0012219519175571173
0.0010626059373251596
0.0010843102565502515
0.001025941881567242
0.0012342771677413278
0.0012295411103309844
0.0010911117214454126
0.0010693337624865437
0.0010486992163827834
0.0010271445025838788
0.0012634116168944748
0.0010793155090096194
0.0012198648894965935
0.0009903857204296557
0.0010641754924590962
0.0010818826536333134
0.0012087629336804372
0.0010923355391078606
0.0011756648059673702
0.001139649726387885
0.0008716518504384181
0.0012216213899008904
0.0010891148744022756
0.00108404967320655
0.0009498822804239497
0.0009937592219005724
0.0010453368360439873
0.0009607495883580164
0.0011220825465402774
0.0009586443881743319
0.0012439304984911605
0.001107392028416513
0.0010982278951009038
0.0009856801722798497
0.0009992080439016752
0.0010613777612928144
0.0009547728939454516
0.0010805850132556943
0.0010718895037762723
0.0009460248829640415
0.0009202610822764693
0.001167999913886982
0.0010755117741578458
0.0009716147375839647
0.0009830318275771235
0.0009713789307168901
0.0008977038304227013
0.0009902396269761925
0.0009407507995637434
0.0008942720941574225
0.0010218136764690335
0.0011520983570380977
0.0011772415723106438
0.0009281203293879142
0.0010472203556570248
0.001064852347727986
0.0010134319206806773
0.0010107611365795443
0.0011442229144699623
0.001131838863424984
0.0011305157795910815
0.0009032249002425618
0.0009954321560323115
0.0010087073543448683
0.0011536515584069421
0.0010636971911363257
0.0010410869984315261
0.0010828549930238353
0.0012768209594142428
0.0010591632334348735
0.0010681706742735994
0.0008944486121772734
0.0011139232883894071
0.0010891286761891396
0.0011847281545024676
0.001246924493252241
0.0010648455712541026
0.0012844395997382283
0.0011087292029279545
0.0011757020630554665
0.0011086429622010285
0.001028865316580996
0.0010640672939273826
0.0012077933452192698
0.0010212415581831525
0.0009628947397895234
0.0011572654981359502
0.0010391075878754667
0.0009157210330061742
0.0012252247157134616
0.0012590556965765215
0.0010706743153559898
0.001048969778497897
0.0011372670773242464
0.0010926812003368117
0.0010156570272053162
0.0010138330667948578
0.001080737408867303
0.0011083945103048394
0.0010422783396852918
0.0009565296411477252
0.0010853067866463339
0.0010508463572987284
0.0010061333895812782
0.00116003307868913
0.0010823941969502699
0.0009893652006487809
0.0011725216160822826
0.0009107801376197195
0.0011277875793730193
0.0010167762303741783
0.0010170089026337455
0.0011452381188565292
0.000947808597459371
0.0009510916081120442
0.001004090835717025
0.0010249713687358426
0.0010189865221489959
0.0008907833560497441
0.0010696341028501167
0.001278359071987822
0.0011030027991030568
0.0011221329255393787
0.0011340933216820272
0.0009343591671069671
0.0012283844356494205
0.0010201235456565828
0.0011860602596797836
0.0011444491098177585
0.0010315353264434594
0.00117693289355709
0.0010300589121835216
0.0008511843564551135
0.0010207300065757435
0.0008710860037791136
0.0009023403746888937
0.0008797186727913939
0.0010939401226964327
0.0011357747170762835
0.0010652472386499686
0.001051014566990319
0.0009471162084295798
0.000979168127504512
0.0009247516948577653
0.0009420945815613104
0.0010829182676974829
0.0010429117821016106
0.0008725421494047479
0.0010158288913076252
0.0008792729580478043
0.0009797857311648994
0.0010544041603273617
0.0010822994661155608
0.0010802177865772737
0.0012076829193053017
0.0011690791060593923
0.0009346832381159232
0.0009425622979947992
0.0009665350780016312
0.0009191174912086281
0.0011306053030334352
0.0010971468884697212
0.0009749427618948732
0.0010981722726920373
0.0010791914299031753
0.0011190117348955908
0.0010475227846600426
0.0011739015076237965
0.0011368261461815168
0.0011026336879845005
0.0011624461210830786
0.0010324776866511935
0.0010145628084257158
0.001058502720738174
0.0009625746350917499
0.0010212387421127819
0.001115930420370584
0.000946820145866137
0.0010883541319000357
0.0009858221516580693
0.0009686392535843491
0.0010553328200386535
0.0009678897701320852
0.0011575726047377646
0.0012194273833845445
0.001038501984432606
0.0011837763562547823
0.0010235653759649202
0.001062716904766439
0.001135017594690094
0.0009896878766695173
0.0010487046291878144
0.0008523751761193583
0.0010145296337073738
0.0012969673674023763
0.001003752572158045
0.0012186864153877815
0.0011753854623840114
0.0012621470224204946
0.0011855150662555814
0.0010042238197103287
0.0010740282842958597
0.001053046110981676
0.0010703570090895597
0.0009394985492888875
0.001261721729821458
0.001011150435475909
0.0011001427984667748
0.001025901431770795
0.0010234562536094573
0.0010692911808259972
0.0010256832118729047
0.0011232768584649995
0.0011016601414118247
0.0008868507974490348
0.0009658659342033092
0.000879591777232076
0.0009026169839623982
0.001044518235952467
0.000972340758300749
0.0010924112721481143
0.001086474875947026
0.001197845200294144
0.0010177459688218672
0.0012193819907891494
0.0009781575497193231
0.0010192719046959687
0.0010550335419974544
0.0010420924712167654
0.0009282296379245879
0.0011113098848179353
0.0011526067610229719
0.0009406633501393485
0.0009057106845731435
0.0010771209082833582
0.0009451505197145291
0.001032165455447436
0.0010317644998901442
0.0010730730317317755
0.0010282691618098204
0.001005190312321023
0.0011672397815933487
0.0010487468707798516
0.0009443707905826006
0.0008969491285069349
0.000987596471717742
0.0012344674924972701
0.0010306598690099959
0.000972902005967252
0.0010668140968546939
0.0008357634696311192
0.001068719362924258
0.0009265778381857104
0.0008575185762461186
0.0011977505910099736
0.0009438274709356534
0.0011639046494291698
0.0009753093866535125
0.0011348594711753173
0.0009534593854654945
0.0009975476396219694
0.0010059299683390806
0.000997037370561558
0.001096061542661537
0.0010238437087193204
0.0010702675735419975
0.0011052737469582814
0.00104696042637491
0.0009305870384932434
0.0011068442678492088
0.0010475841617038659
0.0011522320620198305
0.0009618782571351649
0.001237296005387677
0.0009794273543784246
0.0010736540943857126
0.001126541953275231
0.001037921102510849
0.0008899046985263158
0.0011795582899256087
0.001299778873388539
0.0010991212666858795
0.0011517347420983146
0.001019036994782014
0.0009763709845531051
0.0012311992568323153
0.0010871784487191656
0.0011236262624557912
0.000951615153086715
0.0010448671055510305
0.0010724268497544914
0.000966201695612627
0.0009883102728442872
0.0008402677292833055
0.000995318848963395
0.0009907040822209852
0.0010606644339777004
0.000985093045705412
0.0009257041592414899
0.0010873643906550098
0.0010411241466613689
0.0010051590584900225
0.0009895489521231729
0.0010757057367964664
0.0012298698123070723
0.001039066298065885
0.0009980288001106075
0.0009311375561464566
0.001083453730928349
0.001150837387969844
0.0007971545334010141
0.0010401358079962523
0.0009800947699079778
0.0010631668888877138
0.0010146290730825443
0.0010979140081996094
0.001164693730896128
0.0010697177388090773
0.0010540163280329474
0.0010307716617819888
0.000902514267010713
0.0010162665168400762
0.0009863445449490207
0.0010618752184265614
0.001144565599999119
0.0011578001131118463
0.0009218867242365041
0.000968079040450936
0.00105586290044863
0.0010445988849464326
0.0009391425438761452
0.001120668826125849
0.0010122305118896722
0.0009783976134026809
0.0012151739003945432
0.0009556178038877875
0.001031262246984387
0.001170785505791151
0.0011503739962350195
0.0011600686681999147
0.001095110979212655
0.0009822491652042439
0.0010397191688921706
0.001050129916979083
0.0011180124240566629
0.001208889354939022
0.0010462332841580017
0.0010944442948965414
0.0009357387148685323
0.0010201057564605104
0.0011782464565794311
0.0010418210210053735
0.0010685081070053856
0.0010132807068719627
0.001033717280304779
0.0010509947610091181
0.0010813048883577606
0.0011461762198286493
0.0010068935850934219
0.0010598573732059058
0.00092593970736333
0.001119484244980207
0.0010439905791839138
0.0010045237318760457
0.001083911143223767
0.001121218578547139
0.0011423259386902564
0.001000923185303404
0.001046254620577639
0.0010483581759611743
0.0009669580409885176
0.0010890770386868575
0.0010251170940045802
0.001034395061077884
0.0009860471939245373
0.0010756818675121324
0.001107578358717112
0.0009448996561129334
0.0010964768866245243
0.0009666494675172722
0.0009216612501939759
0.0010934588768465997
0.0010411685868473445
0.0010278628168798086
0.001080743234037448
0.0011950094007148419
0.0011769514083816385
0.0011033937564060212
0.0010598142116934218
0.0010413198102173146
0.0010051110766709519
0.001071805036897545
0.0012303086691373261
0.0010408594922762028
0.001039950895361461
0.0009850139977593923
0.0012263691709520786
0.0011505589811741453
0.0011988961665336507
0.0012887461786047151
0.0010331359880933859
0.0011359645009982164
0.0011064903450128138
0.0010346789926961892
0.0010375864989008367
0.0009697985343105291
0.0010911828688244575
0.001122340721004505
0.0012031039638927801
0.0012203931619607998
0.0012670080420640784
0.0010272826544546656
0.0009686840059952458
0.0009665620910022154
0.0010246575739496426
0.0009824255519144775
0.0010866875697481025
0.001055876973945385
0.001233550309917867
0.001007568528194355
0.001275416711848584
0.001134587538694092
0.0009176430869999204
0.001049113366671717
0.0011178096980347077
0.0009897161726926213
0.0010665962746932167
0.0011318469585668216
0.0009504459552970565
0.0010129618660087954
0.0013101026658288613
0.0010697970066292828
0.001026570629812704
0.0010592357295098657
0.0011086058232414263
0.0009095009778102523
0.0011727959088610096
0.0009669801827423785
0.0011436687366050786
0.0011697307164138773
0.0009883227309149388
0.0012005864711612522
0.0010492836212838185
0.001053440440573806
0.0011718714348215211
0.0010671408175165595
0.001156456876161553
0.0011471378596084143
0.00119034857960104
0.0009890987412344316
0.001120443407343719
0.0009804421656386697
0.0010774499477475858
0.0009693665377866037
0.0011199856132009095
0.0011637509083349679
0.0012335811224832385
0.0011098261086832735
0.0010914062031023805
0.001064782028277742
0.0012144848055327113
0.0011104107751485435
0.0011836804002607487
0.0010554037108728592
0.0009678961662764367
0.0009066762659110906
0.0010615888084646444
0.0011549788413938514
0.0012661085537193871
0.0011307541114887673
0.0011562719750444063
0.0012057179172017503
0.0010785473040211845
0.0010386270687089175
0.0010568272869654952
0.001003821500452016
0.001085623136591296
0.0011062322817462487
0.0010699464043894857
0.0011039353289844633
0.001088045021341786
0.001022928942438146
0.0011261554108618831
0.0011991016381619091
0.001034782875596809
0.00094930346780429
0.0009106034071730799
0.0009842705525298884
0.0011391377917065208
0.0010255850345916389
0.0009174815172699649
0.0009763357821383578
0.0010099449465362153
0.0010276641302868306
0.0009365808435601322
0.001212045521929189
0.0012087011947706308
0.0009323701215036116
0.0010232844109660476
0.0010160208594209813
0.0011623118304067666
0.0010208947778529587
0.0010511753734489288
0.0009694289344009758
0.0009981939361451066
0.0010262955752494928
0.0011715457388683554
0.0010028355355444156
0.000996606466091397
0.0010626006335233544
0.0009588636261330142
0.0011478911847208858
0.001052500939682777
0.0011037904978982572
0.001046807974074659
0.0009966687105832657
0.0009395680142916354
0.0011991652524396598
0.0008887174312737073
0.0011012343505934304
0.001055199275874252
0.000992339757967116
0.001027275833727689
0.0009167949103049047
0.0010736702923716196
0.0011136847340218416
0.0009917811026305188
0.000869037182073023
0.000997677026683362
0.001036293469881719
0.0009095628951524578
0.0009063676031475716
0.0010495841909749406
0.0010358556493293937
0.001061478987018706
0.0011068830507104039
0.0010934792187789132
0.001049238645699236
0.0010448479906865512
0.0010311205860732125
0.001261097621795803
0.0010671057026745891
0.0009256317743349631
0.0009056853098737951
0.0008868790823471328
0.0011372045746929056
0.0010908287310884338
0.000942911104925053
0.0008270472751774037
0.0010162725286137464
0.0011936257528591624
0.0009564503304828096
0.0010199338203027183
0.001048835924346987
0.0010394028735959595
0.001077850612541466
0.0009355143629880934
0.0010203938340810031
0.0009953709820134087
0.0009404192870714797
0.001357045751651533
0.0010895351825433303
0.0010270762137569763
0.0009493725998589897
0.0010939458131779762
0.001238173908139523
0.0010452087938404627
0.0010943460862474818
0.0010467477991807426
0.001111867811602512
0.0009553109802842405
0.0008867499298810018
0.000982391138831671
0.0010962031183184536
0.0010498620653542666
0.0011528738341349686
0.0009073167884399996
0.0011877178183969717
0.0011553468501557592
0.0009006830698696634
0.00125769114404481
0.0010792780994368473
0.0010416090753512124
0.0010489437154529507
0.0010203054258546423
0.0011094234175098613
0.0010913626803133727
0.0012207819448450277
0.0010636985595265968
0.0008950285174395774
0.0010962613959866103
0.0012032879548441561
0.0010301766294126488
0.0009613188625869652
0.0010308111669045889
0.0010339263899060854
0.0010135097183445103
0.0010784548552250082
0.001184837518998644
0.0010348797711503086
0.001065916634324754
0.0009620040495108218
0.0013007380290810796
0.0011531059695347227
0.0010017673685776632
0.0009116797635658589
0.0008934346703925592
0.0011617347534764145
0.000961304409084143
0.0010813620821872928
0.0010617145237697366
0.0009119297021681479
0.0013418771502081007
0.0010300468935896029
0.001262717578473163
0.0009816650702931394
0.00110877729119943
0.0009954405329867483
0.0009508513714865061
0.00111905232471572
0.001158943251718318
0.0009845451026012034
0.0011070819726202094
0.000936275316679623
0.0010467976286246453
0.0008940201378132706
0.0012049320493610076
0.0011192418966832211
0.0010014697201072848
0.0010549880485900454
0.0009316620305543143
0.0010050788882434189
0.0009022559358448714
0.001061555068829822
0.000953241291842097
0.0010567382460057115
0.001070668357505149
0.0010071547193843283
0.0011563943149279158
0.000929223706427399
0.0010208502287265301
0.0009127235991184026
0.0011440579503518022
0.001139956173195886
0.0011253783782449033
0.000989704306990766
0.0010596846009866573
0.0010677723048505166
0.0011244781783287955
0.0009348929508100069
0.001134943300222446
0.0010018748703782745
0.001041167346317748
0.00116761745507375
0.0010027567406017215
0.0010997335171398868
0.0007699470492993946
0.001087166714524749
0.0010920900735165609
0.0011116989186135261
0.0008547473466094199
0.001095808469906103
0.0010486230642031925
0.0011875261198838135
0.0008447760220496852
0.0009901220891980127
0.0012179000106806199
0.0010995865292097822
0.0010321393690122804
0.0009731958150417507
0.0010227046722629928
0.0009734559824249336
0.0009452907241590487
0.000963536747023334
0.0010451662289127294
0.0009707030432844705
0.0009451510013754299
0.0010841537696009763
0.0011756838658165676
0.0010722891295677946
0.0009687089410169155
0.0010735080324155244
0.0012013283797752954
0.001108817824421288
0.0012560713628844084
0.0010007153544447829
0.0009639869821608856
0.0011032585623087122
0.0010314795736678288
0.0009681658230510656
0.0011596744544238938
0.0008489646480192007
0.0010306007783990711
0.001064070482447322
0.0010176254552180949
0.0010819857129310468
0.001005251549887592
0.000871028109741672
0.001041759330365031
0.0009698090157367574
0.0009398614624032568
0.001026008174266127
0.0010743620319265323
0.0011076698506771795
0.0010178418260550419
0.0009822026491274872
0.0011138429099230049
0.001032756404637066
0.0010865429451804684
0.0009796190357055986
0.001199506117776646
0.0011472130182169876
0.001091544155152816
0.0010717807032008776
0.001116601088575563
0.0009594007282605877
0.0010271970436533562
0.0009392462752156686
0.0010102270138746853
0.0011428701224542636
0.0011021059595604902
0.0009527379947291588
0.0010474755743450665
0.000995285234078525
0.001049635820441185
0.0011765335061852328
0.0011246807278581256
0.0009374032559387754
0.000975233317940004
0.0010183739028912216
0.0010071277271784084
0.0010995707672359822
0.0011669724704132045
0.000995064343946819
0.0010387917433737706
0.0011332407221383448
0.0011535387586503142
0.0010886107310120008
0.0011289599271555484
0.0011853958404176635
0.0009513071294118212
0.0010963547329041405
0.0011626866906082874
0.001037099442172992
0.0009993447483337648
0.000965112586878718
0.001071284747976994
0.0010424549920579511
0.0011013474289442342
0.0009354076256709089
0.0010267969290566985
0.001187871772960452
0.0011463110820390575
0.0009591403240649953
0.0011449944472273308
0.0008736461147937945
0.001014956903715715
0.0009837269741531662
0.000988149090838475
0.001070640471654794
0.0010798229946174494
0.00124162592892817
0.0013051571546699706
0.0010035021449468866
0.0011691636002413392
0.0010660795341474957
0.0009305540090227685
0.0009929321315800576
0.0009530808943775484
0.000987596422372544
0.0010569402277627734
0.0010436197928712387
0.0009821505291748268
0.0009840253465948274
0.001008463726194635
0.0010151806028877348
0.0009608194914692364
0.0010772495362911623
0.00112516868589856
0.001010436488105542
0.0010470205392864665
0.0009774925246515858
0.0009706806938862114
0.000947662380468016
0.0011307475540830543
0.0011940603587973643
0.0009343546346790765
0.00104375866334708
0.0011601548697106785
0.0010789791079581948
0.0010039790317074783
0.0009051313552855599
0.0011332065164808434
0.0010326919152382828
0.0009119522759172065
0.0009445784445579186
0.0010536064598513056
0.0010113569801562243
0.0010174175441764518
0.0009321869473536843
0.0012799927338684642
0.001036321911759455
0.0010471795488578087
0.0013359106892078978
0.0010173942814412631
0.0009676089114289427
0.0011115944361584403
0.001047720498848063
0.0010840467047691085
0.0013344622019244015
0.0011120609359408513
0.0010115409291747432
0.001161508469696766
0.0010331023425758368
0.0010151871685115804
0.0010660783970429456
0.0010360065727878808
0.0010098345607498023
0.0011088296680115638
0.0009545468966135111
0.0009267644726821995
0.0009087763652139705
0.0010547439402495613
0.0009692423592878807
0.0009604593499259299
0.0011273752183513196
0.0010274722407618484
0.0010882420324480526
0.0010384945554108612
0.001035916680432054
0.0010744343912002343
0.0009472488992744053
0.0011633811325507067
0.0008854043096015824
0.0009938446079113326
0.0009487924179116534
0.0009699192618582956
0.0009582378883612808
0.0010373266134556295
0.0011154601641912645
0.000952007676344316
0.0010462802479249995
0.0011768233643019406
0.0009002162059749597
0.0010439296184279597
0.0009591559964520182
0.0009723525479066453
0.0009856909632959612
0.0010166964721251704
0.0010268524673071862
0.001003929348658543
0.0009475665679480399
0.0010732537520986164
0.0010937893371033116
0.000960749395433129
0.0010542592672966673
0.0010291964257753046
0.0010069145790866474
0.001080336894563713
0.0009663725360823351
0.0009919274985849152
0.0009023248516710713
0.0010874729774480705
0.000936198113421772
0.0009929788190073652
0.0011252297074231831
0.0010737247204299725
0.0010538144592607598
0.001158270831615115
0.00102732157830874
0.001035831261736747
0.0010122808509416426
0.0009712674922223303
0.0012343391912518341
0.0013128643899901944
0.0010435019586087246
0.0008881174256961689
0.0009993315125999274
0.0008995725739870134
0.000891094706018541
0.001051640093221508
0.0011368615965904516
0.0009932854936869082
0.0009847391962065802
0.001110238618526631
0.001020554389038509
0.001060638190942507
0.0008539725746163018
0.0010913861428453952
0.0012089213675619526
0.0009715742988074097
0.0011416695083865714
0.0009013709031830315
0.001060697825773785
0.001011245779687416
0.000873593013926967
0.0010236364785417415
0.0009266186499744848
0.001297216606717541
0.0009989634435283487
0.0009033391680521579
0.0008395796152590732
0.0008378999986857822
0.0009750147460128799
0.000951320430226449
0.0009216723392152169
0.0010317751812183172
0.001020988970959149
0.0009322910019543027
0.0011205360746714362
0.0011627982392984583
0.0009839071977729352
0.0010942798374628726
0.0011507448954905164
0.001016470824690191
0.0010330035338861636
0.0009346425827584519
0.0010380954882763223
0.0010993546032740816
0.0010196501926389965
0.000989290275890891
0.0010309829430918442
0.0010364800132333391
0.0010494388441924087
0.0010647331472428817
0.0009220587948337001
0.0010021593001135227
0.0010966901182533795
0.0009643094692843885
0.0009930559854410353
0.001128326810254847
0.001006248244247442
0.0009874297949210077
0.0010980407480828658
0.0010196536958417416
0.0011941469762266602
0.001103601748103362
0.0013403099751106047
0.0009992260034089582
0.0009239143943161757
0.000826853148992602
0.0009855789791738967
0.0010116568713069514
0.0010515027746172457
0.0010173947763737054
0.0009335042261721125
0.0009576680213381785
0.0009792422667877672
0.0009987851405260908
0.0010213271730352379
0.001013491335731843
0.0010125810688481412
0.000924830746582493
0.0010430664671100267
0.0010592414673000023
0.0010579724599686195
0.0011789057301980553
0.0009153124911784256
0.0012943156161450713
0.0011083279436605341
0.0009931355776532304
0.0010137280180986124
0.0011176790833360576
0.0009014044935620797
0.0009446053772026975
0.001028545162785247
0.0011284757106556297
0.0010773825621752998
0.0010854444368711869
0.0011362208008237943
0.0011331978720635844
0.0010361208976148919
0.0010121573486283567
0.0009547127262889874
0.0011118751528103356
0.0011233891743486157
0.0010269185794222553
0.001216409675040566
0.0009937687110268148
0.0010981625308405891
0.0010724898400303014
0.0010247737223490635
0.0009332654748621573
0.0010311503041514375
0.0010631109014459827
0.0009126214528347555
0.000825719991144041
0.0012834256604560708
0.001088525320159774
0.000895186110532793
0.0010017301296945458
0.0010962081497190553
0.0010729945081757806
0.001130671283185907
0.00101040310584167
0.0009707937370949294
0.0011085152957135255
0.0010345715988726923
0.0010664779329146597
0.000948170413391647
0.001038856558658819
0.00103336615862633
0.0009528140768690604
0.0011107808511496135
0.0008885731832525804
0.000881377229226842
0.001222713365802621
0.001082777671665074
0.0011489078659898872
0.001026619393175351
0.001047337404027794
0.0010987556332333758
0.0012127364212582367
0.0009703991726798928
0.0010974523791704527
0.0010650469450835434
0.0011683106936682297
0.0010516067688309935
0.000925265396587723
0.0010725077837048524
0.0010269211027893104
0.000993601199008806
0.0011170993571813354
0.0011453349908957357
0.0010260849111013988
0.001050300282299187
0.001145310334649049
0.0011078185617704964
0.0009648092272258574
0.0012085333402855499
0.001011372986478173
0.000997359569487202
0.0009159821895205967
0.0010035929417423416
0.001083971369276686
0.0011452326044161124
0.0011744635017320998
0.0009793345126556617
0.0010514504733717936
0.0009795447789915637
0.0010184164193452563
0.0010720883097662419
0.0011071903145570769
0.0010047806750908125
0.0010461388310290243
0.001113429932715991
0.0009133064583333505
0.0010948172832184033
0.0009764320798564618
0.0010580806834600467
0.0011407819073685013
0.0011107078561830564
0.0013752056843349882
0.0010195801760821816
0.001123350208442343
0.0010570298824891667
0.0010364910791205695
0.0011830593896169893
0.0010446946783164502
0.0010596548364139077
0.001020228226458923
0.0010723540757526938
0.0009566303114070492
0.0010342929908155492
0.0010285947861777688
0.0009878687074434745
0.0009765582620668337
0.0011253594336433233
0.0009501846496727884
0.0010294848334381703
0.0009652129900266518
0.0009752772989392055
0.0010763061532309626
0.0010105502562639595
0.001009879974319165
0.001031397381818707
0.00099135756755496
0.0011616279367557235
0.0010498487404834592
0.0009917477674616136
0.001153956508537445
0.001083074714462437
0.0011375396664376463
0.0011104343456792638
0.001079884407487237
0.0010718796031387234
0.0010366550341802821
0.0011107166702781876
0.001140957628131147
0.00106463846625943
0.0009674837135252872
0.001168633602221779
0.0010638636463209503
0.0010755170953340616
0.001057841042355632
0.0009422627074939072
0.0009880243471697115
0.0010651850645169547
0.001155159281679178
0.0010242583300869167
0.0010583596946705327
0.0009457349815553275
0.0010146868938059115
0.0010567798551426475
0.0010130631101311896
0.001321889645337281
0.0009406509054208855
0.0009063311335100874
0.000953503437322653
0.0009797092669312434
0.0010400800464296146
0.0010890261523336482
0.0010504145703214617
0.0011699879757538184
0.000987364715601294
0.0009611631694149633
0.0009831562957770593
0.0010458552315832045
0.0010708489794703626
0.0010099288567537942
0.00105766792979904
0.0010624021408835128
0.0010593819461593502
0.0011481051724343111
0.0010248958200227253
0.0009633726120864858
0.0008883807433179963
0.0009745967829002935
0.0010480990873095787
0.0009327624533734766
0.0010342930159376639
0.0011460685221197876
0.0012104013032995112
0.001125900784760989
0.0009406357755338102
0.0009051966191303797
0.001259205181223701
0.0010838046145105601
0.0011338997090567108
0.0011653674643963567
0.001133343938575591
0.0009571624047870946
0.0011942620893355725
0.00110477950870125
0.0009773405541181627
0.0009418816118503444
0.0010943286908946062
0.0010778720017198165
0.0011732925755502444
0.0011351969346251238
0.001105796038905243
0.0009119973788144137
0.0010484109739884644
0.0009388751687482098
0.000982119500137196
0.0010712198019733395
0.00109507549585854
0.000985863161593607
0.0010695473187715358
0.0010218649237774197
0.0009630656396424963
0.0011228901699561048
0.0011089576086285105
0.0009484834532476621
0.0009566653972729338
0.0011214669004361048
0.0010618281289563852
0.000992438847004834
0.001013133508422794
0.0009915747368244383
0.0010906140185780286
0.001002998727557142
0.0010842796103358327
0.0011550066051366147
0.0010237123105699257
0.001109874858097794
0.001061876546861909
0.0010747716854595552
0.0009301153280828477
0.0010139191803597823
0.0009826252587351717
0.001105541916961322
0.000911390513526461
0.0011093064865342732
0.0010418964701981992
0.0010189003818863271
0.0009044407371897542
0.0010754460350791944
0.001150354954796544
0.0011031569260152383
0.001210157929776471
0.0010555456754528139
0.001207893470022323
0.0011780598864852946
0.0011004988256797339
0.0010056730270921175
0.0010908109124467497
0.0009928839540376694
0.001088109735981811
0.0008800264758751131
0.0010764010715993524
0.00115362482975133
0.0010817346166960733
0.0010753429331059666
0.001373487583983763
0.0011226713126452018
0.0010984893077073037
0.0010754375238511045
0.0011005183261198574
0.001106468303752511
0.0012288603806492185
0.001003879389732819
0.0011893189320617233
0.0009530741635386621
0.0010912420149932608
0.0012041244744990741
0.0011135133351796382
0.0010354489367460204
0.0010195681018027318
0.0011199514383288776
0.0010193160675133883
0.001108892055236007
0.0011644796165828162
0.0009318215241351992
0.0011146070783047016
0.0010488094420585635
0.0010195098385932684
0.0010627461883313274
0.0009704720577291914
0.0009627205278674669
0.0012259514765607586
0.0011293284902738681
0.0010834484785391659
0.0009871251162632778
0.00096709177151256
0.0009896518199566805
0.001178577481626835
0.0011459310565952053
0.0009754532497708558
0.0010304236508490926
0.0012674480799886485
0.001028611969044884
0.0011119660688295196
0.0010491668201925565
0.0010631933058322378
0.0009686537119979831
0.0010739048763260834
0.0009923322740823827
0.0010288794603557998
0.0009502906493942402
0.001064293922384078
0.0008846017362074785
0.000878425191146436
0.001110169921301154
0.0012152768080482804
0.0010507638842659553
0.0008351768936313708
0.0009953752724794274
0.0009612943202534544
0.0010207874017449355
0.0008957687380195577
0.000944817981541953
0.0011138767413652565
0.000959030176247837
0.0009288239710312373
0.001286621435117336
0.0012284969226312764
0.0010150215161369095
0.0010399782098716513
0.0010646593025202258
0.0010130228559562023
0.0010257018189593413
0.0011035291194354411
0.0009670246702968497
0.0011517984996194444
0.0009202251443212587
0.0013098397865190052
0.0010406908085655486
0.00094959525023274
0.0009048940743890329
0.0011346134235505475
0.001012043785333386
0.001088482244741836
0.0008488789250841294
0.0010504513577827123
0.0010105615264325175
0.0013528010280180484
0.0008505810084569001
0.0010189995515326184
0.0011484624804138672
0.001058442578081911
0.000983936032852095
0.0009892782315333467
0.0008904369578510906
0.001082472739674296
0.0008953157004286443
0.0009269614829756454
0.0009927860016383239
0.0009072907585936277
0.001127445101204805
0.0010735256927883335
0.0009128203854466412
0.001057290282919583
0.0008666619585206608
0.001000596738471835
0.0012496187454976912
0.001059527047059243
0.0011238231214242642
0.0010265795827135952
0.0009568179191171293
0.001081712362723326
0.001107475503205951
0.0012450623058191113
0.0012173010915605732
0.0010039403407964493
0.001040280955165492
0.0012035746390446794
0.00100343002948321
0.0011650756775058266
0.0011626053133350135
0.001111307291975216
0.0009999128176618984
0.0011088845247726443
0.0011087182654513257
0.0010053663868057183
0.0010372829801096072
0.0009620471337808382
0.0011386042512829743
0.0011401970516519498
0.001136301294120167
0.0010676796623619433
0.0011162632289280709
0.0010980663368714034
0.0011639291101680136
0.0009757961219524727
0.0011292603187083993
0.0009350531946332237
0.0010452004507152798
0.0011107333838174882
0.0011433003194878785
0.001118469679563634
0.0011055078838058535
0.0010161549799899002
0.0010700636384616963
0.001216258630054741
0.0010597134906282944
0.001131796139306485
0.000954844735378975
0.0012683859626895556
0.001146702198263216
0.001003814375883074
0.0009164807184553248
0.0009566572762888121
0.001120072626636372
0.0009883143934967082
0.0009634651513336443
0.0011044336147843455
0.0010321075910027823
0.0010847073522740197
0.0009572598426856297
0.0012933517253357696
0.0009794813452510848
0.0010555586534856697
0.0010452539534470736
0.0010227434293354771
0.0009630228028337888
0.0010440366895922487
0.0011013705652214878
0.0010782418427007364
0.0010745318681450156
0.001094592428557627
0.0010785916267653526
0.001070199859226798
0.001148301984350558
0.0010964665087538016
0.0011599312506029782
0.0009780225024030064
0.0010124338409060298
0.00108074619100174
0.0010179579075091812
0.0010198262698794228
0.001035618779306267
0.000963990247044375
0.0010229460302118175
0.0011465757875080637
0.001072560416159083
0.001069202847755501
0.0010261151127204926
0.0010907245441919133
0.0009606673493885242
0.0011323603800027532
0.0009724255749658562
0.0010736953469779175
0.0010203599463018047
0.0010469272222721146
0.0010495100162069447
0.0008781994646404408
0.0011854710934554905
0.0010364660877704528
0.0010794814899238747
0.0009775756090890982
0.0010906036367594526
0.0012123631740850612
0.001000410530782104
0.00120256754789008
0.0010379567779151503
0.0010407053043376407
0.0011249200209521447
0.001109139674937603
0.000964184569781409
0.0011999845334148538
0.0011538323846690265
0.0009971140914217314
0.0010845403199313906
0.0010391935777196355
0.001059020722107066
0.0011698759584652804
0.000988458456310048
0.001069560771180495
0.0010701840007779537
0.0010695449160110582
0.0009536358969993363
0.0009716129717833846
0.0012054750816657377
0.00102265667460697
0.0009026295190082087
0.00097835717729368
0.0008795320602417614
0.001218313837777441
0.0010914924960275898
0.0009880362739703688
0.0010932631458948588
0.000841515944557987
0.0009757578076424018
0.0010327892467741193
0.0011100209597368156
0.001036370810767952
0.0009791058492116908
0.0010287513807434208
0.001024028487941713
0.0011122048279720224
0.0009161653680935382
0.0008873441211989105
0.0010002249968776382
0.0010941444995588793
0.0010372921605520274
0.0011801718271686717
0.0010193488487678765
0.001032829260539553
0.0009709725385241487
0.001087425824461503
0.0011153004037522357
0.001084332419341218
0.0011292801215240682
0.001061155775003103
0.0010724583713888033
0.0009379730786439911
0.0011238736362015268
0.0010631642601747916
0.0009670577604730518
0.0011110867290529448
0.0010770488877826856
0.0011582804632337892
0.0009708217331556002
0.0011849686232176277
0.0012192869421167275
0.0012245384478002661
0.0009141435601372745
0.0011613920273662317
0.001037440745366373
0.0010138348436590963
0.0010343362979316213
0.0011360111607881462
0.0010344811937453068
0.0009931603561945603
0.0010518885370851766
0.0011577721535119202
0.0010572534004621211
0.0010493875312245979
0.0010448262404708806
0.0011279858944641663
0.000984957015678922
0.0011194056120459276
0.0011682966633777935
0.0010207588200414823
0.001110274365093
0.0013126329878519643
0.0011071150132835668
0.0011668751708575288
0.00101056366202159
0.00100249601480247
0.001069668619575791
0.0010944261788069334
0.0011857607209270844
0.0010235881787780264
0.0009763215896144367
0.0010554778285329117
0.0010727041151566321
0.0009903568441528244
0.0011687145578053006
0.0009620860640261716
0.0011721069973782815
0.0009086533002052054
0.00102478980741269
0.0011003081551962629
0.001228901937901357
0.0011039898025897816
0.0010889769236079488
0.0011182488617064608
0.0010817988645952074
0.001187642574872019
0.0009994908595633194
0.0008903722894004697
0.0010432092881158617
0.0009881411988341944
0.0010578039489146762
0.0010860503575888904
0.0008509740948245425
0.001066041447707228
0.0011440024754644426
0.0010275649563572867
0.001100040848442721
0.0008888271219945757
0.0011662974586910842
0.0010974023733075933
0.001019143987425475
0.00114166697498376
0.0010018247958641065
0.0010187217792743614
0.0009786856439330013
0.0013661577005970608
0.0009168844550189165
0.001083424333796478
0.0010253531245524982
0.000989159641466901
0.001029237078632498
0.0010114187709549677
0.001218769686528183
0.0008915642836568905
0.001032232808732663
0.001168547892625239
0.0009951338872343203
0.0010940228815015558
0.0011284094859890926
0.0010805174054752805
0.0009588744217793058
0.0009153110538234759
0.0009278823458098175
0.0009536875287520539
0.0009330082192555571
0.001164175990376889
0.0010334839893056137
0.0010906201356535913
0.0009482161135119175
0.0009194498634799003
0.0010757983648993913
0.0011824964134111817
0.001018329063797974
0.0010233114415499752
0.0009033534628684644
0.001122653818440738
0.0009030363839993499
0.0010476720508792693
0.001059798973423677
0.001105353535228966
0.0012527561665582531
0.001142925584584938
0.0010717017836687306
0.001165579408931188
0.0008994033216551228
0.0009998113768909796
0.0010311130610682455
0.0010631593655108472
0.0009738298327067609
0.0010873156711259727
0.0010558255883472607
0.0012082050221351762
0.0012017402126309517
0.0010494912249614415
0.0009399624792213484
0.0011347946247103361
0.0010784965237109368
0.0011784651560457797
0.0011234222297115076
0.0010282891071111164
0.0011056516386418918
0.0010058452571884181
0.0009901271750894787
0.0011376974590937671
0.0010619475586253948
0.0010861426233997138
0.0012900306744234355
0.0009647899338937673
0.0010602822463781508
0.0009447992923958469
0.0013297179334476354
0.0008732745725250431
0.0010910629509209597
0.0009691872318453095
0.0010942385565472132
0.0011213116151150046
0.0010013138772307854
0.0009602318943542281
0.000973734301745261
0.0010467071257591924
0.0010535874680727465
0.0010684593066206977
0.0010453772606647286
0.001004857586659736
0.001055142312196365
0.0011548598144558407
0.001072520206381375
0.0011440703820694042
0.0011646738682159583
0.001029094366593784
0.0009131477720339955
0.0010328807585093767
0.0010615831717357964
0.000932137879373431
0.0012278827926469394
0.001070073088254087
0.0009445416716125641
0.0011699625450327113
0.0010610245045815122
0.0009901078754779974
0.0009641905706434604
0.0010927846763942946
0.0010956716073032
0.0010202769955984944
0.001036840695363311
0.0009350926720613883
0.0011909208720007306
0.0010548160299460986
0.0010554019492749855
0.0011842835324119049
0.000988558307705337
0.0011241954709265358
0.0009818161554304872
0.0012502614705821274
0.0011062303376666604
0.0010088661513379675
0.0010589747975766665
0.0010498212023609687
0.0011266957760422609
0.0010136459212742516
0.0010220625959939745
0.001250950859678578
0.001096711358574526
0.0011644835176478929
0.0011483232568270747
0.001037840551382077
0.0010878475585337141
0.000933112752338199
0.0010481109850906344
0.0012215324385274845
0.0012010811319529773
0.0012364635103764745
0.0010640023322267475
0.0010414813599027165
0.0010453459226174714
0.0014031764439391694
0.001172134900458274
0.0011685174113332069
0.0011000006463843062
0.0011778816884200044
0.0010090179208124643
0.0009597663812294536
0.0011989084583177954
0.0010884458453371618
0.0011068752205840235
0.0011478774648683201
0.001345543576579924
0.0011031123871440161
0.001050727857264707
0.0010228889127624102
0.0009943308439709082
0.0009922532273480963
0.0009485739498809642
0.000921548922707926
0.0011392612613999895
0.0010673497999942438
0.0010464455733126064
0.0009424266218516239
0.001241835048079097
0.001014716049870108
0.0010573687556320163
0.0010691097930189508
0.0010684376181850262
0.001078699409688985
0.000990481705270699
0.0011897034943581808
0.0011170964566708098
0.0012592655055408055
0.001157791493733964
0.0012391722102945083
0.0010169986976579937
0.0011679573717825167
0.0013296283168951388
0.0008958773499519957
0.0010189936071381192
0.0012161907969353003
0.0010708447351121361
0.0011395018992739995
0.001018562488280346
0.0010628313609471413
0.0010644575048068562
0.0010817617693590345
0.001007442338764756
0.0012181429933496581
0.0013853306238051754
0.0009934342116771668
0.0010724128700869136
0.0010606828103729813
0.0008631514355714914
0.0009295279940171034
0.0010384846064019476
0.001108561150140142
0.0008739923496476768
0.0008386817773398811
0.0007452551366635584
0.001028300387202844
0.0010023934625369153
0.0011032054201527176
0.0010792029746581517
0.0011374186730717128
0.0011487338634810047
0.0010662109595235725
0.0009136314061225899
0.00098136356745036
0.0012226067856624878
0.0012055084122361193
0.0010967041161116173
0.0010069694368451789
0.0009415036311098784
0.001096549828761589
0.0011185795497292562
0.0010880666522966602
0.0011767476224915302
0.0012059803251338688
0.0011840439988303204
0.0011944795967882818
0.0009184282026087352
0.001008686119420077
0.001140108519247236
0.0010908094127971004
0.0010984880184043923
0.001166313867333939
0.0010353893854984336
0.0009989973150218343
0.001033809266449763
0.0011395014067912572
0.0012501995040044072
0.0011971646126425275
0.0008552929665238292
0.0010042863950722378
0.0012288566666110905
0.0010283173554343212
0.0010200420838473803
0.0009442363765755436
0.0009314145245381177
0.0009754131741583561
0.0010148426334083977
0.0011851227267708452
0.0011740118556336876
0.0009176380806467921
0.0010268420415063583
0.0009581667277551186
0.0010463623846522128
0.0009384620468008539
0.0009171454808203741
0.0009647025480306696
0.0008231502585842078
0.0010306432356739404
0.0010167416784599775
0.0010192318433941982
0.001070876403554619
0.0010446452951812465
0.0010385977244672508
0.0010770178608139806
0.001147742963135389
0.001077567002079133
0.0012520352146874287
0.000983018788280313
0.0011233894364774892
0.000948387403406134
0.0011081149130835286
0.001008122203477128
0.0010175282040063621
0.0012019504594107042
0.0010120699763757845
0.0011205848442012447
0.0010947816561887149
0.0010500676945208811
0.0010664466404246144
0.0011062824603578494
0.0010827446165981153
0.0011035546907997773
0.0012078225517396458
0.0009740235438762811
0.0008557070283610438
0.0011090374653362788
0.0010548087078685996
0.0010842901415213024
0.0012714722569055214
0.001214235600854305
0.0010500635083223542
0.00101298882180415
0.0010314184115113852
0.001009440948644476
0.001019899893547175
0.0009770122193055203
0.0011030862708397628
0.001094826811363313
0.0011441565865818396
0.0009904924681439044
0.0008816810504408518
0.0011804965669893106
0.0008938904406210893
0.0012478157378976566
0.0010611545747659609
0.0011143313264767054
0.0012080600257178013
0.001099494584265375
0.0010188520873271572
0.0011637617706491974
0.001234051561671031
0.0011188188929626979
0.0011421837533550137
0.0009446133290373095
0.0009827790131815397
0.0009830287319048416
0.0008684593164743871
0.0010783221248859222
0.0011517870778854594
0.0010758590846193113
0.0011851380761500455
0.0010956393035182785
0.0012176041964920804
0.000986785162136749
0.0009516510514201579
0.0010956197771177928
0.0010186018885603562
0.000970427804369448
0.0012129426496893113
0.0010236565371666562
0.0013364010295546754
0.0011467074764757407
0.0012230289314573736
0.0012493685191189148
0.0011212540814633145
0.0009556079650710781
0.0009962840782774584
0.0010570209068731396
0.001050761393585524
0.0008960870139309042
0.001104782449928781
0.0009553449200155216
0.0011337671171175534
0.0010456362822227388
0.0011907142049788683
0.0012492607526420005
0.00106245674329023
0.0010228794700798984
0.0009228871793849832
0.0011389327284513362
0.0012244199289509798
0.0011718954378871318
0.0010542348186094695
0.0011528669167403655
0.001052019527189027
0.000938210195806949
0.001095426577065342
0.001538829633774343
0.001102495936029971
0.0010213943971160342
0.0010829929502858026
0.0010929121172817138
0.0009491350782266036
0.0009980856636925316
0.0011485835799182097
0.0010171675362163973
0.0009475169071193328
0.0010642347763764645
0.0010075864341929901
0.0010460193516325011
0.0009933862700911072
0.0010179010808968908
0.0009366800862766618
0.0009663206471231877
0.0011129861143800383
0.0010884157966951423
0.0010897722224114848
0.001051368485913607
0.0011016686654356045
0.001098303638757994
0.0011678576303952352
0.001093511310663415
0.0010697667641989435
0.0010818240975481043
0.0012185148440894819
0.0010592376949685152
0.0009219532929707865
0.0010726932446250056
0.0009879231098865698
0.0010741424854263208
0.001018386801378053
0.0009590863113813545
0.001216716838708746
0.0011283106304049613
0.001030263467449665
0.0012188509266905494
0.001252266852745812
0.0010977336362855694
0.0011344338803384037
0.0010277524237677308
0.0011345601209263394
0.0011413089979449625
0.0010719494317850177
0.0010063603995113049
0.0010896128485772974
0.0011119788695759974
0.0010509556935739503
0.0009548303652873706
0.0010704718420975398
0.001042502056443898
0.0009242686285416988
0.0010574697314124444
0.0011419365261980748
0.0010846980243737502
0.0010885401066594092
0.0012008970763682176
0.0011660057437361143
0.001105436629315363
0.0010412654985037764
0.001066497360601253
0.001110502074400294
0.0010594627665633928
0.0009405653006552914
0.001123592352195311
0.0010306529256032934
0.0010934231909835944
0.0010026524407875383
0.0009777833855924825
0.001192985813049226
0.0011073387823152874
0.0009501456604460768
0.001093437953564356
0.0010774811256795969
0.0010143149492292745
0.0008953876822763089
0.0011419767830074933
0.0010995700924460927
0.0011458542816920121
0.0010588155654491858
0.001228642666897162
0.001020256316378626
0.0013169642751831691
0.001164234272263868
0.0009962620689591055
0.001008459097496236
0.0010911541993016242
0.0010221403342875086
0.0010046918845294497
0.001057559463480865
0.0011199164312741742
0.0010773197206727378
0.0012155489494522788
0.0011406106124173684
0.0011066262602465447
0.001023482100743593
0.001105902436599952
0.001221226771972729
0.0012268753002319826
0.0009866317595050474
0.0009477816638085149
0.0010957078399249141
0.001045112667720559
0.0010622381587569595
0.0010814969603088484
0.0012656608009087213
0.0009559784794513444
0.001125138601521065
0.0010506589542755732
0.0009946988564333713
0.0010997875622266646
0.0009672769037351857
0.000968566620883859
0.0009406874066908235
0.0011344826651046986
0.0009248385289014986
0.0010348312743772652
0.0010455782566458167
0.000996975810542488
0.0010754255996897732
0.0012115591511647511
0.0008805097954755823
0.0009957292927530246
0.0009242226538491851
0.0009721769639878322
0.0010768255537481552
0.0008813455701903753
0.0010595114290051582
0.0010041503340082805
0.0011198815102793338
0.0010641799225522765
0.0011638310003982072
0.001051324487158569
0.0009608084556672637
0.001003583249147144
0.0011018505404268226
0.000957689526498453
0.0010697626961376926
0.0010600868697736385
0.0010094694360976645
0.0009985520834827081
0.0011229402742528017
0.0009509729154967724
0.001001209466632983
0.0009117797582525288
0.0008557070273383399
0.000999996475917085
0.0009578599535032638
0.0009266505354873293
0.0010717138347479595
0.0012147478342557018
0.0011091848043856866
0.001062497952061957
0.0009610064276914753
0.0011269762486197494
0.0011057735793697373
0.0011675009802016585
0.0011341567493321346
0.001080326504750701
0.0010770333836470363
0.0010732548191032306
0.0010113976727375215
0.0010463042717657849
0.000921196170841322
0.0010793995841901591
0.0010716193537258013
0.0011213771774484034
0.0008994244580180085
0.0009190778939365992
0.001223180657251392
0.001124009259391798
0.0012788185151035312
0.0009137260181667836
0.0010631021366327357
0.0010694455674783254
0.0011221377613912795
0.0010752442214355354
0.0012297113072580201
0.0010231164815174044
0.0011835468768631656
0.0009390756541060989
0.0010419610310376704
0.0011580878078954152
0.0009385557222405358
0.001030064866448932
0.0010644752954874445
0.0010486918428521828
0.00130949635279714
0.0011373615767689227
0.0010885314069680218
0.0010711251949538918
0.001077783269148197
0.001005354288674986
0.0012151925624575741
0.0010497293686600208
0.001174253729040446
0.0009810125674550444
0.0011220278763064719
0.0010788938604706366
0.001093597663910028
0.001130237081322275
0.0010334613721358064
0.001018995936054063
0.0011884791806412152
0.001197402054110657
0.001147644761430352
0.0010213663419537547
0.0011595501783353437
0.0011464560655726742
0.0010226558075055112
0.0011591472271186016
0.0010130983306868725
0.0009198042188508725
0.0011094417105768587
0.0010630152876086021
0.0009977405445416774
0.0009862706873748637
0.001041707892248518
0.0010956671564647691
0.0010043888769114748
0.0009474129733728465
0.0011923066582890298
0.0011554565232265938
0.0011461324748578236
0.0009733099184851592
0.001038139295235679
0.001186367155490005
0.0012917169407832734
0.001132764762781447
0.001038301817501153
0.0010607310548611019
0.0012295824848311211
0.0011073552281905298
0.0009874548505704104
0.0009232472551568093
0.0009805347098630565
0.0010517879152169684
0.0010394420814993357
0.001108974141934589
0.0010653608407509636
0.0011403101155634135
0.0010520478854900489
0.0010029720287619006
0.0008774125778818787
0.001013966650081582
0.0008957763271075891
0.0009801927471069355
0.001019339123762522
0.001078696628365403
0.0009678981142003066
0.0008195923155927357
0.00108557218938384
0.0011714263678220243
0.00099891710773852
0.0010272686593147716
0.0008335296303468095
0.000984244079576892
0.000850033821967272
0.001081932813564181
0.0009352766871814632
0.0008304473457117293
0.0010614187338537806
0.0010738557154043832
0.0009705111774396134
0.0011929066850894557
0.0009190715085149471
0.0009599995966417457
0.0009015123424840437
0.0010739787667085607
0.001091642925770205
0.0012467458918124146
0.0009834902900804487
0.0010416565063724854
0.0013095574601020225
0.0011338774386188417
0.0010487144321479013
0.0009953650502413074
0.0008825347071875453
0.0009534886177033308
0.0009341418380061462
0.0010543335204678994
0.0011653896026086374
0.0012244455451512874
0.000924895908342206
0.0009802088499408861
0.0010763911692987145
0.001029861462606124
0.0010250102805761886
0.0010490833126416748
0.0009922411353717555
0.0011146981036176359
0.0010624806605938736
0.0010256727193362362
0.001075152833802829
0.0010672606234187188
0.0010381321486012162
0.00101674162062109
0.0011339115335406472
0.0010186322604672925
0.0011326065976565143
0.001011870304835313
0.0010473787708261762
0.0009974462928661492
0.0010249252215824825
0.0012310685052344713
0.0011530316111319143
0.0012026079233247201
0.0009713286456873094
0.0010445335182400666
0.0011428699677781106
0.0010793187964749746
0.0010207479576377304
0.001009770161405473
0.0010853877608783169
0.0009476763716978165
0.0009579020506383859
0.0010198797531261873
0.0011191745751745511
0.0010200231032570677
0.0010448446709991912
0.0010109273107946897
0.0009708524696398995
0.001073846251026429
0.0010857093644207475
0.0008621289128063888
0.0009550430403656706
0.0010010827751049506
0.0009521675724387967
0.001020893169932055
0.0010500094114469544
0.0010024814565853005
0.0009387568802707745
0.0010507581157014512
0.0011104786525242187
0.0011826635552154754
0.0010452986302321747
0.0011715783058969186
0.0009806542527531655
0.0009736697410329557
0.0009771320148098976
0.0009230707204191426
0.0009484747661207144
0.0010640558787290363
0.001022600282558997
0.000959242738605134
0.0009518307473391466
0.0010557703286480959
0.0010347995163222758
0.0010638439318071873
0.0010991880197007962
0.0010614102154849743
0.0009010267962549387
0.0011376947906043796
0.0010127624420647
0.0010266364431008768
0.0011730197324198333
0.0010829084624146283
0.0010605828200270448
0.0012650641002715849
0.0011967991940925592
0.001083628692914555
0.0010037867995158684
0.0009704531512686077
0.0010665101530072274
0.0009903200793705766
0.0009507255799102898
0.000941377204906967
0.0012425137323622349
0.000855852073163985
0.0009112498618278434
0.00102755648006295
0.001148700772744469
0.0010268722259853182
0.0011025510009593316
0.0009866362462568202
0.001097772438664266
0.0009626367253688456
0.001047211525632563
0.0010268769739875839
0.0010266953873888857
0.0008779929321734156
0.0010440377640997696
0.0010376264103882983
0.0010290772890801502
0.0008763718568211701
0.00102524715587335
0.0010366344394117364
0.0009920051631050772
0.0009701122008071039
0.0010866941818948566
0.0009453814362297516
0.0009892277707346262
0.0010965578709165966
0.0009787380873897012
0.0011034165996311575
0.0010091066622888566
0.0012401816862142624
0.0010602840016325271
0.0010927104748656824
0.0010687274698932545
0.0008984542312222483
0.0012477475630753153
0.001003155773250865
0.0010315524695088804
0.001047205568294014
0.0011195326779204632
0.00105788163002051
0.0010304902873094898
0.0010222687669097508
0.00110375362364654
0.0009986079920814258
0.0010002358018166681
0.0010174303667301223
0.0010696621641080638
0.001031268816859305
0.0009683809046439441
0.0010470966339030728
0.0010375916266433408
0.001252507847096274
0.0009532168672546982
0.001045144975090481
0.0010250455738119958
0.001101912167742709
0.0009846981490349608
0.001156049911508337
0.0011061340031399667
0.001093403060904147
0.001090654520199276
0.0011767595689538984
0.0011234369957401928
0.0011615027288493836
0.0011581052955007961
0.0010744091798048077
0.0011120162325500517
0.0011738493932117729
0.001039919408167045
0.0010723562293400146
0.0009501180306299215
0.000952976802600209
0.0010072217379773988
0.0010194452471964195
0.0008879434116979074
0.001142318085379973
0.0010977163355316956
0.0009470231588182891
0.0010590151449407189
0.0009992845269380026
0.0010769181176921196
0.0010216311998590879
0.0010993619708481051
0.001155237964915114
0.0011271273962419745
0.0009845216175745411
0.0009683730201108702
0.0010696916090105822
0.0009990272118504393
0.001197352538411979
0.000985008800800369
0.001211143515014497
0.0010453876325883045
0.001195715221457301
0.0010147138785489163
0.0009773917523689265
0.00109252346172347
0.0012187695991312606
0.0011540544830266769
0.001030659398833823
0.0011238514542728313
0.0009749470142204665
0.0009486232171906867
0.0013157189076655781
0.0011651307373070582
0.0010577505704403003
0.0011508033993434556
0.0010191218493906425
0.0011722930484038604
0.0010516036697900185
0.0010873363218159744
0.0010992284677409122
0.0011733392188076877
0.0010165379404361787
0.0010969671279272512
0.0010291922755956795
0.0009938619458701007
0.0011780485918387556
0.0012693872095255114
0.001095867352362911
0.0012041979366644651
0.000945362458565796
0.0011281450615461951
0.0013024283051430371
0.0008644955736422523
0.001068106669035203
0.0009779529216169343
0.0009542700840603295
0.0010542741814567544
0.0010300949384776813
0.0010252829266334798
0.0008726801761862997
0.001070219649959152
0.001058010246799771
0.0011051364435857025
0.0009762063482280511
0.0010244988195032092
0.0009544222799872374
0.0009738036776260019
0.00126233366189166
0.0009963393605260695
0.0010745053187643844
0.0011250454525674552
0.0010404775746642447
0.0011450064083568133
0.001035430081946271
0.000992672866296039
0.0011057033230526285
0.0010720351336473797
0.0011631143712970793
0.0010547008388572246
0.0010820590114696226
0.000968431255075723
0.0011773010701750766
0.0011979785042457304
0.0011287060836555377
0.0009029716185455268
0.0009003236273350314
0.0011257072833000298
0.0009517029974027622
0.0009732048368400241
0.0009247734097022364
0.001180092651874456
0.0009747505561152918
0.0011763976834044526
0.0008967415035843669
0.001008715300822484
0.0010380117525680644
0.0010667951111920614
0.000932318580243128
0.0009471022572105599
0.0011230400726737408
0.0010185043745475917
0.0009566231032695622
0.0010797453991950856
0.0010829163860742882
0.0011779051896902096
0.0011986774707562404
0.0009665901716428996
0.0011036273479341232
0.0009836257107971051
0.0011693878566184375
0.0010881989526083892
0.0012527518782119516
0.0010176527490994064
0.0012474762058828522
0.0012320678472940018
0.0009824640287861375
0.0010381785747409047
0.0012956202037131559
0.001104944721088918
0.0010080834700621779
0.0011409026595262182
0.0012428111307081382
0.001199822958484274
0.0009879176460121872
0.001324649564985541
0.0009702025501445925
0.0011539315383246797
0.0009288575725201424
0.0012409542372285442
0.0011218888896569973
0.0009142025588169264
0.0011018803602983603
0.001079639097310829
0.0011713365645085081
0.001096169570561952
0.00104361415900566
0.001107299391329489
0.0010222361606234374
0.00102908496087672
0.0008987771759828055
0.001114020668336428
0.0009236347237896063
0.0008836989098532107
0.0010618914204981002
0.001055842766310456
0.0010507608180752694
0.0011762377900386273
0.0010510784075401206
0.0010225469785487625
0.0009666143417635683
0.0009458027983530005
0.0011868674883702315
0.0010735955761472038
0.0010559670843365667
0.0010463798354615275
0.000947028333333919
0.0010928346869876454
0.0010801137016945754
0.001226321390504939
0.0009960721367923125
0.0010632838626410633
0.0011570914957981025
0.001175440034438343
0.0011855446171966828
0.0009787791214236974
0.0013134472396619746
0.001202815656643556
0.0011170153084357588
0.0011805499783796615
0.001040576806684765
0.0011840861767938274
0.0010165233753300848
0.0011020523221836854
0.0010234632101033135
0.000922844388220757
0.0010528548336002216
0.0009002175855891076
0.0008908154727547383
0.0009755120466904052
0.0010592782256154767
0.0010197467251306005
0.0012064727651787707
0.001109927215400593
0.0010794346226285498
0.0008859065861990316
0.0010999789282613694
0.0008884770612239257
0.0009999571486377747
0.0009273507060619141
0.0009989650823064298
0.0011155167136334592
0.0009457212431218392
0.0009582995322882972
0.0010847697359157797
0.001176598876917049
0.001122700219963412
0.0011227159362766778
0.0009642495371148668
0.0009498683815180081
0.0010706883330520414
0.0012090117228836102
0.001089235219271608
0.0010739865666692724
0.0009946475588934064
0.0010009645978512087
0.001074229608136629
0.0011106064595337397
0.0009602554747044948
0.0010984597716667155
0.0009299247181480711
0.001005152442493566
0.001096008089997592
0.001013204992627392
0.0009912582171834848
0.0011961259637246818
0.0011073946983866506
0.0009849516627223908
0.0011287524930801579
0.0011415096950191193
0.001116659810633961
0.0010465448758727885
0.0011838518423751493
0.0011141942592096366
0.0011758032172925672
0.0010376054397585707
0.0011005049899253663
0.0010322622951262532
0.0009547345913604975
0.0011142237193590187
0.0012197506684442114
0.0012786305337036683
0.0011164939919844016
0.0010601893298424665
0.0011525469437830079
0.001098541150282771
0.0010200025140239214
0.001092565920843183
0.0010977792542155485
0.0010734690645866052
0.0010485741513109727
0.0011476219101640378
0.0011372509300396512
0.0011370694367459663
0.001034730651859265
0.000911444022435824
0.0011765183438475465
0.0011625265265961088
0.0011119607953272682
0.0010222686542971531
0.0010295892666999408
0.00114090607642439
0.0011899805014327681
0.0009782163768703798
0.001293350617668075
0.0010034852806955533
0.0010818085285501506
0.0009729900917897821
0.0009537058291609051
0.0011601208475679491
0.0010829518651460526
0.0009267336015689019
0.0011603717591223246
0.0011750336327214922
0.0009888994659710967
0.0012207847236795615
0.0009187425428492207
0.0009748901949005566
0.0011168823153950933
0.0011883350653103173
0.0011734965776833371
0.0010737884689594487
0.0010302707415825697
0.0011087779019206578
0.0010414464304378845
0.0010005878745679851
0.001048208243338802
0.0011186905707983614
0.0010326754312531628
0.0010183379250293173
0.0008711833702779464
0.0009848255557726485
0.0009098018827138337
0.0010954206246854038
0.0010369565836190972
0.0009459359929784373
0.0008787771227719507
0.0010070568155443529
0.0009948569397849937
0.0009540193400156944
0.0009252041586713663
0.0008991169289039242
0.000979396066959384
0.0010968448427766259
0.0009471423744520319
0.0009700116198899405
0.0009485613423963684
0.0011081169790074345
0.0009676127266086544
0.0013440476998901841
0.0012429853068507983
0.0011039728893221764
0.0011270897647292586
0.0010140844842035476
0.0010995546970127119
0.0009754093740679717
0.0010682373142458666
0.000969188132326779
0.0010470007698822695
0.0010780686904776043
0.0009938243380795899
0.0008923667137140127
0.0011599431313015478
0.0010760895321496715
0.0010756832312264655
0.0009959542302740924
0.0012027054546414693
0.001150304465359232
0.00104978345977029
0.0010644297007864935
0.001124087992376155
0.0011995956210398553
0.0009763576429089402
0.0011924338119469807
0.0011472177808112597
0.001116869053416698
0.0010703994885894097
0.0010631330594509634
0.0012931062980205547
0.001017165112203752
0.0010856271552621688
0.0010940365987813436
0.0010677966167343636
0.0009236256629706738
0.0010295821254630803
0.0011182644762708308
0.0009937767646155072
0.001093838417348828
0.0010027114373216321
0.001005027641009011
0.0011083916023257995
0.0011919417855720286
0.0010840473097884656
0.0012639850628301727
0.001077969523981773
0.0010343773284415114
0.0011117511106483555
0.0010137420711589182
0.0011937808297744876
0.0009249836335650358
0.001034573478662601
0.0011183324690944244
0.0010474944463921417
0.0011362884945277363
0.0010199026825619105
0.0009942346935547576
0.00091822291428766
0.0009350240590813876
0.0009446348872225957
0.0010148275098969936
0.0011805371875065781
0.0010630877884054378
0.0011684110650966649
0.0012415540337507723
0.001097374053561462
0.0009772781470293308
0.0009576225872398776
0.0009889880823503601
0.0011204074692775477
0.0010531454452693749
0.0009456848351148588
0.0009616660989216213
0.0010749433940239264
0.0010311179411297351
0.0011975997005290644
0.001234051454249166
0.0010093442772176311
0.0011016283198924902
0.0010276048975468373
0.0010412962780573232
0.000981517790903043
0.0009675758260189551
0.0010357517970518645
0.0011192144867860788
0.0009112332497347321
0.0011538027160011134
0.001056525668000342
0.0010124973716382694
0.0011785536944667768
0.000941265949405156
0.0011227275723456383
0.0010399686763395187
0.0010224786688199472
0.001031873146694392
0.0009878532555853794
0.0011142617984396751
0.001177848908388485
0.0012337147225243534
0.001224499677769935
0.0010269224493681171
0.0010346513909382869
0.0012204008942182354
0.0009970322955912734
0.0010569637089674344
0.0010348246144449456
0.001061947913697056
0.0010055355275879856
0.0011887444227517145
0.0011132515725256818
0.001180232481223885
0.0011512274514626894
0.0011689102846766824
0.001031187556001173
0.0010381277608909392
0.0011338373981869278
0.00121547612255913
0.0010543892383140458
0.0013424231593540468
0.0010898031133491977
0.0012053617417150096
0.0013991521122240225
0.0012043550331366794
0.0008586453015520064
0.0009525250691576984
0.0009858673009374662
0.0011214011704621138
0.0009855214034113922
0.0010084217543469024
0.0010992219193769442
0.001087043983715075
0.0010637074106299134
0.0009349646750640462
0.0011106934495469457
0.0010020274386741944
0.0011080239103854602
0.0010310941340519444
0.0011132985667555327
0.0010850524393614081
0.001048087708439955
0.0012107090860330948
0.0009579316309005703
0.001126096805823994
0.0010490889152447818
0.0010018763705811147
0.0009987056327951788
0.0011358876040110351
0.0010875316958087876
0.0011385420123631146
0.001057260097188745
0.0011110222933754317
0.0011536330541537998
0.0010544186469660303
0.0010641964040940383
0.0011796877020061123
0.0012647892627084734
0.0010391195342982402
0.0011264039860973095
0.0009771230300756452
0.001040239155876379
0.0011701247433428931
0.0010198820922067667
0.0010965620648650317
0.0010707126784559858
0.0010650899190323866
0.0008631241957396743
0.001170307382820941
0.0011046268301443665
0.0010520304153789903
0.0010183648237648809
0.0011565708667042218
0.0010277575040687113
0.0010339571166699212
0.0009675950006198937
0.0010443887185665923
0.0010091950984162038
0.0011589601555858278
0.0009480324751912665
0.0011006053592411038
0.0009196794991634392
0.0010389145768242313
0.0009419357895557191
0.0010696891097410031
0.0011898653342418896
0.001096141653572615
0.0010457145674524645
0.0010337336160765181
0.0010488519822895767
0.0010201017277714553
0.001050839129582389
0.0010038591094849254
0.0010193677382246288
0.0009018107230076121
0.001038860852840857
0.0009196588483366907
0.00103927886797684
0.0010243900187418343
0.0008363025969712673
0.0007975481850118348
0.0010505320895265984
0.0010758572748946398
0.0009668451018572754
0.0011256208174708715
0.0008926506406610977
0.0008397340282485835
0.0009831157117128305
0.0010661023600864702
0.0009285180851458983
0.0008683702007398522
0.00098567104201931
0.000963906041493537
0.0010406010721840738
0.0010659019335197296
0.0010421925953835874
0.0010599300769850402
0.0011176754730860708
0.0009885918000275115
0.0012232491949549056
0.0009968389168480253
0.00106500426624881
0.0011980654384974032
0.0011751790768830173
0.0010797610600115763
0.0009115068414286551
0.0009864603725399704
0.001145268256432245
0.0010203234934975742
0.0011626879045441648
0.0009867308089590951
0.001183047293037236
0.000942993867226173
0.0010501335033900954
0.0009751179700379866
0.0009456804738455884
0.0010227413010373823
0.001134543453324936
0.0010242201494554749
0.0010227176513753964
0.0011430129395220904
0.0009728326197702038
0.0009348261162522486
0.0009898758819008866
0.0010353489581010815
0.0009545609729225584
0.0009662732273938274
0.0010248213172135109
0.0010711418637187173
0.0010473932208579007
0.0011560697891299851
0.001135365730494019
0.0010206944324095575
0.0010025534289050465
0.0009856238109426057
0.0010724576817001826
0.0010834031409158401
0.0009826512566073857
0.0009414977990569725
0.0010229400245193475
0.0010482715098085913
0.0009517474243077131
0.001016514036954964
0.00101694476423208
0.0009677385663884515
0.0012638264354663236
0.001093491935068886
0.0009280483047456711
0.0008653036901889699
0.0009356833371721751
0.0010370384600651168
0.0010682701673286135
0.000997871540029225
0.0010282223153490263
0.0010458395448019477
0.0009846822742482619
0.0009028571070151469
0.0010707697798719871
0.0009867322879513099
0.0009452267832105363
0.0008972847156677162
0.0010329951472285057
0.000966520716942517
0.0008595173724893395
0.0010921339222911377
0.0010653439026137275
0.00101915183183794
0.0009327069569918423
0.0009541676184924143
0.0009511794811713139
0.0010570934192738956
0.0010948423920475493
0.0009620672294740292
0.0011290925581701563
0.0009508103329540119
0.0010408384298163046
0.0010143005496252172
0.0010340513745869103
0.0010134004322979544
0.000931021526531786
0.0010556110618546216
0.0010149665475589573
0.0009836724313524374
0.001199808401028077
0.000995250599503148
0.001092151912216323
0.001158154017734684
0.0009630028369739632
0.0011032314953225608
0.0010695054102242269
0.0010450923850127485
0.0011462402437687315
0.000989822042834897
0.001082468617625487
0.0012457576063988093
0.0010563406608970131
0.0011561223407882877
0.0009863458756101898
0.0009625262582970021
0.001181437628260057
0.0009948944925600707
0.0009517051296949577
0.0012048089701373172
0.0010150434692444091
0.0009770702625489535
0.0010650535869639254
0.0009545460689771053
0.0010206719360878976
0.0010908909150633794
0.0009080075207423678
0.0009844458325656508
0.0009519755993667858
0.0011791433718982625
0.0011856331150956294
0.0012422811520273172
0.0011747303433097469
0.0010558370402422483
0.0010799830768278224
0.0010001298606651461
0.0008099049755189423
0.0009175388258395675
0.0008261862256844957
0.0009651225040431812
0.0009707512725038083
0.001125337374071914
0.0010074456679232957
0.0010950271404279708
0.0010214763882160258
0.0010326648256711538
0.001005289970386134
0.0010033187609412779
0.0009354285316013009
0.0009507250331436902
0.0010108337791548288
0.0008456299578462756
0.0010553040818908936
0.0011490393647120218
0.0010472715149664805
0.0010076758855012363
0.0010268500485622338
0.0010540370796259285
0.0009636499582170375
0.0010347422035875875
0.001056581517327126
0.0010619658516233207
0.0010163901302869367
0.0009716451527095581
0.001006848833979845
0.0010480679593486615
0.0009089444881900717
0.0010771418778114583
0.0011276744591801962
0.0008359188663594243
0.0010120444831874921
0.0009302061727651087
0.0009785586605545286
0.0011815690828854534
0.0011940913271194695
0.001017929462627652
0.001073679862915752
0.0009664738018849898
0.0010332211347593599
0.001063680651643073
0.001328465790210331
0.0011411189792712936
0.0009984476905942395
0.0010551761902826396
0.0012251203466436993
0.0011240193920444704
0.0009955823797472806
0.0009508090647096776
0.0009960153173392949
0.0009618301207734036
0.0009785184101241187
0.0010923289213508242
0.0010398315309640973
0.001094507781327796
0.001158746154253925
0.0011238867306440784
0.001086110426750538
0.0014737006690017877
0.0011562223146867393
0.0010627201113843235
0.0009713176206349278
0.0010183728910710809
0.0009805079894162445
0.0011735555506532205
0.0011827084635366368
0.0012153640124445179
0.001171067705163971
0.0012213559327948367
0.0014037413006693549
0.0008953418819065253
0.0010874095580626565
0.0011068012322467903
0.0010775342323447869
0.0010639858170040527
0.001059360311870683
0.001315806658795946
0.0011451263408449935
0.0011574878773490654
0.0011477542201047733
0.001101378342731667
0.0011599237624807701
0.0010443943783152042
0.0010129883952259165
0.0009752229182303085
0.0009203324525560703
0.0011594184782165258
0.0009647253208415117
0.00095153329139829
0.0010859243139304479
0.0008851821625752469
0.0009100916953511579
0.0010011701334963056
0.0009455767395628682
0.0009947469463840659
0.0011580714561255393
