count      fraction               similarity             nclusters  e1--0 d1--0 z1--0 y1--0 x1--0 d2--0 e2--0 x2--0 z2--0 e1--1 d1--1 z1--1 y1--1 x1--1 d2--1 e2--1 x2--1 z2--1 
3276       0.7373396353814989     4279.666666666673      5          1    2    3    4    5    2    1    5    3    1    2    3    4    5    2    1    5    3    
623        0.14022057168579788    1022.9346405228756     6          1    2    3    4    5    2    1    6    3    1    2    3    4    6    2    1    5    3    
119        0.02678370470402881    400.81045751633826     6          2    3    4    5    6    3    2    6    4    2    3    4    5    1    3    2    6    4    
18         0.004051316677920324   275.25490196078385     6          2    3    4    5    6    3    2    6    4    2    3    4    5    6    3    1    6    4    
140        0.031510240828269184   267.06535947712376     7          3    4    5    6    7    4    3    1    5    3    4    5    6    2    4    3    7    5    
110        0.024758046365068648   135.3398692810457      4          1    1    2    3    4    1    1    4    2    1    1    2    3    4    1    1    4    2    
12         0.0027008777852802163  124.91503267973836     6          2    3    4    5    6    3    2    6    4    2    3    4    5    6    1    2    6    4    
7          0.0015755120414134593  113.11764705882335     7          2    3    4    5    6    3    2    7    4    2    3    4    5    7    3    1    6    4    
1          2.2507314877335134E-4  112.09150326797389     6          1    2    4    5    6    3    1    6    4    1    3    4    5    6    2    1    6    4    
61         0.013729462075174432   107.83006535947715     6          2    3    4    5    6    3    2    1    4    2    3    4    5    6    3    2    6    4    
1          2.2507314877335134E-4  102.95424836601309     7          1    2    4    5    6    3    1    7    4    1    2    4    5    7    3    1    6    4    
2          4.5014629754670267E-4  45.431372549019606     7          3    4    5    6    7    4    3    1    5    3    4    5    6    7    4    2    7    5    
1          2.2507314877335134E-4  43.666666666666664     8          4    5    6    7    8    5    4    1    6    4    5    6    7    2    5    3    8    6    
1          2.2507314877335134E-4  43.58823529411762      7          2    1    4    5    6    3    2    7    4    2    3    4    5    7    3    2    6    4    
9          0.002025658338960162   42.01960784313725      6          1    3    4    5    6    3    2    6    4    2    3    4    5    6    3    1    6    4    
6          0.0013504388926401081  32.37908496732026      6          1    2    4    5    6    3    1    6    4    1    2    4    5    6    3    1    6    4    
1          2.2507314877335134E-4  31.516339869281047     8          3    4    6    7    8    5    3    1    6    3    4    6    7    2    5    3    8    6    
17         0.0038262435291469728  25.862745098039216     5          1    1    2    3    4    1    1    5    2    1    1    2    3    5    1    1    4    2    
1          2.2507314877335134E-4  24.882352941176475     5          2    3    4    4    5    3    2    5    4    2    3    4    4    1    3    2    5    4    
2          4.5014629754670267E-4  24.058823529411764     8          4    5    6    7    8    5    4    1    6    4    5    6    7    2    3    4    8    6    
1          2.2507314877335134E-4  23.66666666666667      6          2    3    4    5    6    3    2    6    4    1    3    4    5    6    3    2    6    4    
1          2.2507314877335134E-4  22.575163398692816     6          2    3    1    5    6    3    2    6    4    2    3    4    5    6    3    2    6    4    
7          0.0015755120414134593  22.071895424836605     7          2    3    4    5    6    3    2    7    4    2    3    4    5    7    1    2    6    4    
1          2.2507314877335134E-4  21.73202614379085      6          2    3    4    5    6    3    2    6    4    2    1    4    5    6    3    2    6    4    
1          2.2507314877335134E-4  15.04575163398693      7          2    3    1    5    6    3    2    7    4    2    3    4    5    7    3    2    6    4    
1          2.2507314877335134E-4  11.379084967320262     7          1    2    4    5    6    2    1    7    4    1    3    4    5    7    3    1    6    4    
6          0.0013504388926401081  9.751633986928105      7          1    3    4    5    6    3    2    7    4    2    3    4    5    7    3    1    6    4    
1          2.2507314877335134E-4  9.333333333333334      7          3    4    5    6    7    4    3    7    5    3    1    5    6    7    2    3    7    5    
5          0.0011253657438667567  8.934640522875817      5          2    2    3    4    5    2    2    1    3    2    2    3    4    5    2    2    5    3    
3          6.752194463200541E-4   7.640522875816994      4          1    2    3    3    4    2    1    4    3    1    2    3    3    4    2    1    4    3    
3          6.752194463200541E-4   3.9869281045751634     6          3    3    4    5    6    3    3    1    4    3    3    4    5    2    3    3    6    4    
1          2.2507314877335134E-4  2.869281045751634      7          2    4    5    6    7    4    3    1    5    3    4    5    6    7    4    2    7    5    
1          2.2507314877335134E-4  1.9607843137254903     6          2    3    4    5    6    1    2    6    4    2    3    4    5    6    3    2    6    4    
1          2.2507314877335134E-4  1.9084967320261437     6          3    4    5    5    6    4    3    1    5    3    4    5    5    2    4    3    6    5    
1          2.2507314877335134E-4  1.0                    5          2    2    3    4    5    2    2    5    3    2    2    3    4    1    2    2    5    3    
1          2.2507314877335134E-4  1.0                    6          2    3    4    5    6    3    2    6    4    2    3    4    5    6    3    2    6    1    

