count      fraction               similarity             nclusters  e1--0 d1--0 z1--0 y1--0 x1--0 d2--0 e2--0 x2--0 z2--0 e1--1 d1--1 z1--1 y1--1 x1--1 d2--1 e2--1 x2--1 z2--1 
6314       0.9141450702186188     6892.039215686288      5          1    2    3    4    5    2    1    5    3    1    2    3    4    5    2    1    5    3    
144        0.02084841465180252    551.045751633985       6          2    3    4    5    6    3    2    1    4    2    3    4    5    6    3    2    6    4    
26         0.003764297089908788   544.542483660127       4          1    2    3    3    4    2    1    4    3    1    2    3    3    4    2    1    4    3    
28         0.004053858404517156   404.10457516339693     6          2    3    4    5    6    1    2    6    4    2    3    4    5    6    3    2    6    4    
3          4.343419719125525E-4   403.0196078431377      6          1    2    3    5    6    2    1    6    4    1    2    4    5    6    2    1    6    3    
4          5.791226292167366E-4   374.830065359477       6          1    2    4    5    6    3    1    6    4    1    2    4    5    6    3    1    6    4    
59         0.008542058780946866   373.58169934640415     6          1    3    4    5    6    3    2    6    4    2    3    4    5    6    3    2    6    4    
19         0.002750832488779499   316.1895424836601      6          1    2    3    4    5    2    1    6    3    1    2    3    4    5    2    1    6    3    
15         0.0021717098595627625  296.62745098039227     6          1    2    3    4    5    2    1    6    3    1    2    3    4    6    2    1    5    3    
1          1.4478065730418415E-4  292.0326797385618      7          1    3    4    5    6    3    2    7    4    2    3    4    5    6    3    2    7    4    
75         0.010858549297813812   282.2745098039216      6          2    3    4    5    6    3    2    6    4    2    3    4    5    1    3    2    6    4    
2          2.895613146083683E-4   278.09803921568624     7          3    4    5    6    7    4    3    1    5    3    4    5    6    7    2    3    7    5    
51         0.007383813522513392   209.6405228758169      6          2    3    4    5    6    3    2    6    4    2    1    4    5    6    3    2    6    4    
17         0.0024612711741711308  158.78431372549005     6          2    3    4    5    6    3    2    6    4    2    3    4    5    6    3    2    6    1    
7          0.001013464601129289   142.26797385620895     6          2    1    4    5    6    3    2    6    4    2    3    4    5    6    3    2    6    4    
9          0.0013030259157376576  135.03921568627442     6          1    2    4    5    6    2    1    6    4    1    3    4    5    6    3    1    6    4    
15         0.0021717098595627625  126.79738562091485     6          2    3    4    5    6    3    1    6    4    2    3    4    5    6    3    2    6    4    
4          5.791226292167366E-4   112.1372549019606      6          2    3    4    5    6    3    2    6    4    2    3    4    5    6    3    2    1    4    
1          1.4478065730418415E-4  106.31372549019598     7          3    4    5    6    1    4    3    7    5    3    4    5    6    7    4    3    2    5    
4          5.791226292167366E-4   106.13071895424834     6          1    2    4    5    6    3    1    6    4    1    3    4    5    6    2    1    6    4    
1          1.4478065730418415E-4  105.42483660130699     7          2    4    5    6    7    4    2    1    5    3    4    5    6    7    4    3    7    5    
2          2.895613146083683E-4   101.12418300653577     7          1    4    5    6    7    4    3    7    5    3    4    5    6    2    4    3    7    5    
2          2.895613146083683E-4   100.11764705882352     6          1    2    3    4    5    2    1    5    3    1    2    3    4    6    2    1    6    3    
15         0.0021717098595627625  99.0392156862744       6          2    3    4    5    6    3    2    6    4    2    3    4    5    6    1    2    6    4    
4          5.791226292167366E-4   82.73202614379083      6          1    3    4    5    6    3    1    6    4    2    3    4    5    6    3    2    6    4    
1          1.4478065730418415E-4  82.42483660130709      7          3    4    5    6    7    1    3    7    5    3    2    5    6    7    4    3    7    5    
1          1.4478065730418415E-4  78.10457516339866      7          3    4    5    6    7    4    3    7    5    3    4    1    6    2    4    3    7    5    
10         0.0014478065730418417  77.07189542483653      6          2    3    4    5    6    3    2    6    4    2    3    1    5    6    3    2    6    4    
1          1.4478065730418415E-4  75.83660130718953      7          1    2    4    5    6    3    1    7    4    1    3    4    5    7    2    1    6    4    
1          1.4478065730418415E-4  75.71241830065354      7          3    4    5    6    7    1    3    7    5    3    4    5    6    7    2    3    7    5    
5          7.239032865209208E-4   66.53594771241825      6          1    3    4    5    6    3    2    6    4    1    3    4    5    6    3    2    6    4    
1          1.4478065730418415E-4  61.26797385620912      7          1    4    5    6    7    4    3    7    5    2    4    5    6    7    4    3    7    5    
8          0.0011582452584334732  60.477124183006474     6          1    2    3    5    6    2    1    6    3    1    2    4    5    6    2    1    6    4    
1          1.4478065730418415E-4  59.6143790849673       8          1    5    6    7    8    5    4    8    6    4    2    6    7    3    5    4    8    6    
6          8.68683943825105E-4    51.62745098039215      7          3    4    5    6    7    4    3    1    5    3    4    5    6    2    4    3    7    5    
3          4.343419719125525E-4   45.60130718954248      7          3    4    5    6    7    4    3    7    5    3    1    5    6    7    2    3    7    5    
1          1.4478065730418415E-4  43.01307189542481      7          3    4    5    6    7    4    3    7    1    3    4    5    6    2    4    3    7    5    
4          5.791226292167366E-4   42.92156862745098      6          2    3    4    5    6    3    2    6    4    1    3    4    5    6    3    2    6    4    
1          1.4478065730418415E-4  37.54248366013071      7          2    3    4    5    6    3    2    7    4    1    3    4    5    6    3    2    7    4    
2          2.895613146083683E-4   37.22222222222222      7          3    4    5    6    7    4    3    7    5    3    4    1    6    7    4    3    7    2    
12         0.00173736788765021    36.745098039215684     6          2    3    4    5    6    3    2    6    1    2    3    4    5    6    3    2    6    4    
2          2.895613146083683E-4   24.692810457516345     7          1    4    5    6    7    4    3    2    5    3    4    5    6    7    4    3    7    5    
1          1.4478065730418415E-4  21.947712418300654     7          3    4    5    6    7    4    3    1    5    3    4    2    6    7    4    3    7    5    
1          1.4478065730418415E-4  19.869281045751638     8          4    1    6    7    8    2    4    8    3    4    5    6    7    8    5    4    8    6    
1          1.4478065730418415E-4  19.69934640522876      8          1    5    6    7    8    5    4    2    6    4    5    6    7    3    5    4    8    6    
3          4.343419719125525E-4   19.09150326797386      7          3    4    5    6    7    4    3    7    1    3    2    5    6    7    4    3    7    5    
1          1.4478065730418415E-4  16.27450980392157      8          4    1    6    7    8    5    4    2    6    4    3    6    7    8    5    4    8    6    
2          2.895613146083683E-4   15.3921568627451       7          3    4    5    6    7    4    3    1    5    3    2    5    6    7    4    3    7    5    
2          2.895613146083683E-4   13.418300653594773     7          3    4    5    6    7    1    3    2    5    3    4    5    6    7    4    3    7    5    
1          1.4478065730418415E-4  11.287581699346408     8          5    1    6    7    8    2    5    8    6    5    3    6    7    8    4    5    8    6    
1          1.4478065730418415E-4  10.405228758169935     7          1    2    4    5    6    3    1    7    4    1    2    4    5    6    3    1    7    4    
1          1.4478065730418415E-4  9.457516339869283      7          3    4    5    6    7    4    3    7    5    3    4    1    6    7    2    3    7    5    
1          1.4478065730418415E-4  8.607843137254902      6          2    3    1    5    6    3    2    6    4    2    3    4    5    6    3    2    6    4    
1          1.4478065730418415E-4  7.477124183006537      7          3    4    5    6    7    4    1    7    5    3    2    5    6    7    4    3    7    5    
2          2.895613146083683E-4   6.816993464052288      7          3    4    5    6    7    4    3    1    2    3    4    5    6    7    4    3    7    5    
2          2.895613146083683E-4   4.875816993464053      7          3    4    5    6    7    4    3    1    5    3    4    5    6    7    4    3    2    5    
1          1.4478065730418415E-4  4.627450980392156      5          1    3    4    4    5    3    2    5    4    2    3    4    4    5    3    2    5    4    
1          1.4478065730418415E-4  2.8888888888888893     7          3    4    5    6    7    4    3    7    1    3    4    2    6    7    4    3    7    5    
1          1.4478065730418415E-4  1.9411764705882353     7          2    3    4    5    6    3    2    7    4    2    3    1    5    6    3    2    7    4    
1          1.4478065730418415E-4  1.0                    4          1    1    2    3    4    1    1    4    2    1    1    2    3    4    1    1    4    2    
1          1.4478065730418415E-4  1.0                    7          3    4    5    6    7    4    3    1    5    2    4    5    6    7    4    3    7    5    

