count      fraction               similarity             nclusters  e1--0 d1--0 z1--0 y1--0 x1--0 d2--0 e2--0 x2--0 z2--0 e1--1 d1--1 z1--1 y1--1 x1--1 d2--1 e2--1 x2--1 z2--1 
231        0.03432392273402675    6612.339869281148      10         3    5    7    9    1    6    4    10   8    3    5    7    9    2    6    4    10   8    
886        0.13164933135215454    6399.006535947793      9          1    3    5    7    8    4    2    9    6    1    3    5    7    8    4    2    9    6    
105        0.015601783060921248   5487.640522875893      10         3    5    7    8    9    6    4    10   1    3    5    7    8    9    6    4    10   2    
5          7.429420505200594E-4   5461.241830065452      13         1    10   11   2    3    4    9    13   12   5    10   11   6    7    8    9    13   12   
662        0.09836552748885587    5397.738562091562      10         1    4    6    8    9    5    3    10   7    2    4    6    8    9    5    3    10   7    
20         0.0029717682020802376  5366.516339869357      13         1    9    10   12   2    3    4    13   11   5    9    10   12   6    7    8    13   11   
65         0.009658246656760773   4704.640522875888      12         1    7    2    10   11   8    3    12   9    4    7    5    10   11   8    6    12   9    
14         0.0020802377414561664  4693.241830065429      12         7    9    1    12   2    10   8    3    11   7    9    4    12   5    10   8    6    11   
99         0.014710252600297177   4641.74509803929       11         1    6    8    9    10   7    5    11   2    3    6    8    9    10   7    5    11   4    
73         0.010846953937592867   4533.000000000077      10         3    5    6    8    9    1    4    10   7    3    5    6    8    9    2    4    10   7    
204        0.030312035661218425   4473.67320261443       10         3    5    1    8    9    6    4    10   7    3    5    2    8    9    6    4    10   7    
30         0.004457652303120356   4261.7647058824095     12         1    7    9    10   11   8    2    12   3    4    7    9    10   11   8    5    12   6    
57         0.008469539375928677   4239.150326797463      11         1    6    7    9    10   2    5    11   8    3    6    7    9    10   4    5    11   8    
12         0.0017830609212481426  4164.307189542537      11         5    6    8    10   11   7    1    2    9    5    6    8    10   11   7    3    4    9    
35         0.005200594353640416   4154.758169934686      12         1    8    2    10   11   3    7    12   9    4    8    5    10   11   6    7    12   9    
7          0.0010401188707280832  4141.2810457516935     14         1    2    3    13   14   11   4    5    12   6    7    8    13   14   11   9    10   12   
225        0.033432392273402674   4137.679738562179      11         1    6    2    9    10   7    5    11   8    3    6    4    9    10   7    5    11   8    
3          4.4576523031203565E-4  4120.882352941236      14         1    2    12   3    14   11   4    5    13   6    7    12   8    14   11   9    10   13   
221        0.03283803863298663    3896.875816993523      11         1    6    8    10   2    7    5    11   9    3    6    8    10   4    7    5    11   9    
12         0.0017830609212481426  3890.2352941177155     13         1    2    11   13   3    10   9    4    12   5    6    11   13   7    10   9    8    12   
10         0.0014858841010401188  3880.928104575228      13         1    2    11   12   3    10   9    13   4    5    6    11   12   7    10   9    13   8    
26         0.003863298662704309   3637.2483660131134     10         1    5    7    9    2    6    4    10   8    4    5    7    9    3    6    4    10   8    
71         0.010549777117384845   3613.8562091503813     9          1    3    5    7    8    4    2    9    6    2    3    5    7    8    4    2    9    6    
1          1.4858841010401187E-4  3579.1830065359636     13         1    11   2    12   3    4    10   13   5    10   11   6    12   7    8    10   13   9    
125        0.018573551263001486   3550.5686274510085     10         3    4    6    8    9    5    1    10   7    3    4    6    8    9    5    2    10   7    
18         0.002674591381872214   3537.339869281098      10         1    5    2    8    9    6    4    10   7    4    5    3    8    9    6    4    10   7    
4          5.943536404160475E-4   3534.8823529412225     11         5    7    8    9    10   1    6    11   2    5    7    8    9    10   3    6    11   4    
45         0.006686478454680535   3419.8496732026656     13         1    9    2    12   3    10   4    13   11   5    9    6    12   7    10   8    13   11   
5          7.429420505200594E-4   3406.1830065360064     14         1    11   12   13   2    3    4    14   5    6    11   12   13   7    8    9    14   10   
64         0.00950965824665676    3373.4705882353333     10         3    1    6    8    9    5    4    10   7    3    2    6    8    9    5    4    10   7    
46         0.006835066864784547   3305.614379084998      10         3    5    7    1    9    6    4    10   8    3    5    7    2    9    6    4    10   8    
70         0.010401188707280832   3256.934640522921      11         5    7    1    10   2    8    6    11   9    5    7    3    10   4    8    6    11   9    
11         0.0016344725111441308  3253.215686274547      11         5    7    9    10   11   8    6    1    2    5    7    9    10   11   8    6    3    4    
83         0.012332838038632986   3186.8823529412134     11         1    2    7    9    10   6    5    11   8    3    4    7    9    10   6    5    11   8    
5          7.429420505200594E-4   3170.2810457516657     12         7    8    1    2    11   9    3    12   10   7    8    4    5    11   9    6    12   10   
23         0.0034175334323922734  3098.8627450980903     12         1    8    10   2    3    9    7    12   11   4    8    10   5    6    9    7    12   11   
23         0.0034175334323922734  3067.1568627451234     12         7    8    1    11   2    9    3    12   10   7    8    4    11   5    9    6    12   10   
7          0.0010401188707280832  3066.169934640567      13         9    10   1    12   2    11   3    13   4    9    10   5    12   6    11   7    13   8    
146        0.021693907875185735   3049.1633986928505     11         1    5    7    9    10   6    2    11   8    3    5    7    9    10   6    4    11   8    
5          7.429420505200594E-4   3033.980392156887      13         9    10   1    13   2    11   3    4    12   9    10   5    13   6    11   7    8    12   
3          4.4576523031203565E-4  3024.601307189583      14         1    2    3    12   13   4    11   14   5    6    7    8    12   13   9    11   14   10   
16         0.00237741456166419    2889.8823529412107     13         1    9    2    11   12   3    4    13   10   5    9    6    11   12   7    8    13   10   
6          8.915304606240713E-4   2870.137254902003      14         1    12   2    3    4    13   11   14   5    6    12   7    8    9    13   11   14   10   
7          0.0010401188707280832  2863.3725490196375     13         1    2    9    11   12   3    4    13   10   5    6    9    11   12   7    8    13   10   
11         0.0016344725111441308  2860.516339869319      13         1    10   11   13   2    3    9    4    12   5    10   11   13   6    7    9    8    12   
9          0.001337295690936107   2850.921568627471      12         7    8    10   11   1    9    2    12   3    7    8    10   11   4    9    5    12   6    
32         0.00475482912332838    2842.6732026144164     12         1    2    3    10   11   8    7    12   9    4    5    6    10   11   8    7    12   9    
7          0.0010401188707280832  2838.9934640523284     14         1    11   2    3    4    12   5    14   13   6    11   7    8    9    12   10   14   13   
14         0.0020802377414561664  2798.267973856253      14         1    2    3    13   4    11   5    14   12   6    7    8    13   9    11   10   14   12   
26         0.003863298662704309   2788.418300653625      11         5    7    9    11   1    8    6    2    10   5    7    9    11   3    8    6    4    10   
6          8.915304606240713E-4   2787.9019607843306     16         1    2    3    15   4    5    6    16   7    8    9    10   15   11   12   13   16   14   
49         0.007280832095096583   2759.6143790849965     10         3    5    7    9    10   6    4    1    8    3    5    7    9    10   6    4    2    8    
4          5.943536404160475E-4   2752.843137254919      12         7    9    10   12   1    2    8    3    11   7    9    10   12   4    5    8    6    11   
36         0.005349182763744428   2715.3464052287927     12         1    8    10   12   2    9    7    3    11   4    8    10   12   5    9    7    6    11   
90         0.01337295690936107    2678.908496732057      12         1    8    2    11   3    9    7    12   10   4    8    5    11   6    9    7    12   10   
7          0.0010401188707280832  2669.712418300675      12         7    9    1    2    3    10   8    12   11   7    9    4    5    6    10   8    12   11   
23         0.0034175334323922734  2578.797385620939      11         5    1    2    9    10   7    6    11   8    5    3    4    9    10   7    6    11   8    
10         0.0014858841010401188  2551.61437908499       14         1    2    3    12   13   11   4    14   5    6    7    8    12   13   11   9    14   10   
44         0.006537890044576523   2551.2352941176737     11         5    6    8    10   1    7    2    11   9    5    6    8    10   3    7    4    11   9    
40         0.005943536404160475   2510.594771241853      12         1    8    2    10   11   9    7    12   3    4    8    5    10   11   9    7    12   6    
78         0.011589895988112928   2471.2875816993646     11         1    6    8    10   11   7    5    2    9    3    6    8    10   11   7    5    4    9    
15         0.002228826151560178   2386.8039215686435     11         5    1    8    9    10   7    6    11   2    5    3    8    9    10   7    6    11   4    
6          8.915304606240713E-4   2367.490196078443      11         5    1    8    2    10   7    6    11   9    5    3    8    4    10   7    6    11   9    
11         0.0016344725111441308  2362.7320261438076     15         1    2    3    14   4    13   5    15   6    7    8    9    14   10   13   11   15   12   
8          0.001188707280832095   2355.313725490215      13         1    9    2    12   13   10   3    4    11   5    9    6    12   13   10   7    8    11   
14         0.0020802377414561664  2348.6470588235456     13         1    2    3    11   12   10   9    13   4    5    6    7    11   12   10   9    13   8    
64         0.00950965824665676    2344.503267973875      12         1    7    9    11   2    8    3    12   10   4    7    9    11   5    8    6    12   10   
4          5.943536404160475E-4   2267.6535947712537     13         9    1    2    12   3    10   4    13   11   9    5    6    12   7    10   8    13   11   
22         0.0032689450222882616  2267.5359477124384     14         1    11   2    13   3    12   4    14   5    6    11   7    13   8    12   9    14   10   
2          2.9717682020802375E-4  2260.215686274516      11         1    2    7    9    10   6    3    11   8    5    4    7    9    10   6    5    11   8    
59         0.008766716196136701   2252.9346405228916     12         1    8    10   11   2    9    7    12   3    4    8    10   11   5    9    7    12   6    
4          5.943536404160475E-4   2181.758169934659      13         1    2    10   12   13   3    9    4    11   5    6    10   12   13   7    9    8    11   
7          0.0010401188707280832  2181.4836601307243     13         1    10   2    3    12   11   9    13   4    5    10   6    7    12   11   9    13   8    
20         0.0029717682020802376  2180.235294117664      12         1    2    8    10   11   7    3    12   9    4    5    8    10   11   7    6    12   9    
40         0.005943536404160475   2160.535947712427      11         5    7    9    10   1    8    6    11   2    5    7    9    10   3    8    6    11   4    
48         0.00713224368499257    2123.437908496747      12         1    2    9    11   3    8    7    12   10   4    5    9    11   6    8    7    12   10   
41         0.006092124814264487   2074.7058823529524     11         5    6    1    9    10   7    2    11   8    5    6    3    9    10   7    4    11   8    
57         0.008469539375928677   2036.346405228775      11         1    6    8    2    10   7    5    11   9    3    6    8    4    10   7    5    11   9    
7          0.0010401188707280832  1973.9738562091559     13         1    10   12   2    3    11   9    13   4    5    10   12   6    7    11   9    13   8    
14         0.0020802377414561664  1969.176470588243      12         1    7    9    2    11   8    3    12   10   4    7    9    5    11   8    6    12   10   
18         0.002674591381872214   1955.816993464067      12         7    9    1    11   2    10   8    12   3    7    9    4    11   5    10   8    12   6    
4          5.943536404160475E-4   1933.4771241830085     12         7    9    1    11   12   2    8    3    10   7    9    4    11   12   5    8    6    10   
9          0.001337295690936107   1931.0718954248393     12         7    1    10   11   2    9    8    12   3    7    4    10   11   5    9    8    12   6    
25         0.003714710252600297   1921.8758169934724     12         1    2    9    10   11   8    7    12   3    4    5    9    10   11   8    7    12   6    
5          7.429420505200594E-4   1915.3790849673253     15         1    2    14   15   3    4    13   5    6    7    8    14   15   9    10   13   11   12   
2          2.9717682020802375E-4  1890.4444444444496     15         1    13   2    15   3    4    5    6    14   7    13   8    15   9    10   11   12   14   
8          0.001188707280832095   1889.9607843137337     12         7    8    10   1    2    9    3    12   11   7    8    10   4    5    9    6    12   11   
7          0.0010401188707280832  1885.4901960784302     12         1    8    9    2    11   3    7    12   10   4    8    9    5    11   6    7    12   10   
11         0.0016344725111441308  1877.4901960784339     13         1    2    10   11   12   9    3    13   4    5    6    10   11   12   9    7    13   8    
14         0.0020802377414561664  1868.8300653594847     11         5    6    7    9    10   1    2    11   8    5    6    7    9    10   3    4    11   8    
4          5.943536404160475E-4   1849.7973856209142     12         7    9    1    2    11   10   8    12   3    7    9    4    5    11   10   8    12   6    
8          0.001188707280832095   1847.2352941176464     11         5    7    9    1    10   8    6    11   2    5    7    9    3    10   8    6    11   4    
6          8.915304606240713E-4   1840.163398692807      12         7    1    9    11   2    3    8    12   10   7    4    9    11   5    6    8    12   10   
15         0.002228826151560178   1838.176470588241      13         1    2    10   12   3    9    4    13   11   5    6    10   12   7    9    8    13   11   
45         0.006686478454680535   1827.3398692810547     12         1    8    9    11   2    3    7    12   10   4    8    9    11   5    6    7    12   10   
7          0.0010401188707280832  1776.6274509803977     11         5    7    8    10   11   1    6    2    9    5    7    8    10   11   3    6    4    9    
3          4.4576523031203565E-4  1767.9019607843156     11         5    1    7    9    10   2    6    11   8    5    3    7    9    10   4    6    11   8    
2          2.9717682020802375E-4  1765.8104575163404     13         9    10   12   13   1    11   2    3    4    9    10   12   13   5    11   6    7    8    
12         0.0017830609212481426  1765.3594771241815     12         1    8    10   2    12   9    7    3    11   4    8    10   5    12   9    7    6    11   
14         0.0020802377414561664  1753.7973856209196     11         5    1    7    9    10   6    2    11   8    5    3    7    9    10   6    4    11   8    
1          1.4858841010401187E-4  1743.986928104581      15         13   1    2    15   3    14   4    5    6    13   7    8    15   9    14   10   11   12   
11         0.0016344725111441308  1738.6601307189583     13         1    9    10   11   12   2    3    13   4    5    9    10   11   12   6    7    13   8    
1          1.4858841010401187E-4  1732.052287581695      12         7    9    10   1    12   2    8    3    11   7    9    10   4    12   5    8    6    11   
17         0.002526002971768202   1729.9411764705908     12         1    8    10   11   12   9    7    2    3    4    8    10   11   12   9    7    5    6    
13         0.0019316493313521546  1712.7385620915147     13         1    2    3    11   12   9    4    13   10   5    6    7    11   12   9    8    13   10   
1          1.4858841010401187E-4  1702.78431372549       15         1    2    13   3    4    5    6    15   14   7    8    13   9    10   11   12   15   14   
27         0.004011887072808321   1701.9477124183043     13         1    10   2    12   3    4    9    13   11   5    10   6    12   7    8    9    13   11   
11         0.0016344725111441308  1673.2091503267989     13         1    10   2    3    4    11   9    13   12   5    10   6    7    8    11   9    13   12   
24         0.003566121842496285   1658.0522875817019     13         1    10   2    12   3    11   9    13   4    5    10   6    12   7    11   9    13   8    
3          4.4576523031203565E-4  1657.856209150328      14         1    11   12   14   2    3    4    5    13   6    11   12   14   7    8    9    10   13   
4          5.943536404160475E-4   1652.8366013071818     13         9    1    2    3    4    11   10   13   12   9    5    6    7    8    11   10   13   12   
22         0.0032689450222882616  1631.261437908498      11         5    6    8    9    10   7    1    11   2    5    6    8    9    10   7    3    11   4    
1          1.4858841010401187E-4  1622.4313725490183     15         1    2    3    4    15   13   5    6    14   7    8    9    10   15   13   11   12   14   
5          7.429420505200594E-4   1605.2614379084962     12         7    1    9    10   11   8    2    12   3    7    4    9    10   11   8    5    12   6    
8          0.001188707280832095   1600.5032679738574     15         1    13   2    14   3    4    5    15   6    7    13   8    14   9    10   11   15   12   
16         0.00237741456166419    1597.7973856209185     11         5    7    1    10   11   8    6    2    9    5    7    3    10   11   8    6    4    9    
5          7.429420505200594E-4   1578.2026143790854     13         1    10   12   2    3    11   9    4    13   5    10   12   6    7    11   9    8    13   
11         0.0016344725111441308  1574.2352941176514     14         1    12   2    14   3    13   11   4    5    6    12   7    14   8    13   11   9    10   
8          0.001188707280832095   1562.7189542483677     12         1    2    9    11   12   8    7    3    10   4    5    9    11   12   8    7    6    10   
3          4.4576523031203565E-4  1555.9150326797348     16         1    2    3    4    5    6    7    16   15   8    9    10   11   12   13   14   16   15   
5          7.429420505200594E-4   1551.4509803921596     12         7    9    11   12   1    10   8    2    3    7    9    11   12   4    10   8    5    6    
8          0.001188707280832095   1547.5751633986952     12         7    1    2    10   11   9    8    12   3    7    4    5    10   11   9    8    12   6    
28         0.004160475482912333   1540.679738562095      11         5    7    1    9    10   2    6    11   8    5    7    3    9    10   4    6    11   8    
3          4.4576523031203565E-4  1531.5490196078392     16         1    2    3    4    5    6    15   16   7    8    9    10   11   12   13   15   16   14   
20         0.0029717682020802376  1509.7908496732034     13         1    2    3    12   4    10   9    13   11   5    6    7    12   8    10   9    13   11   
4          5.943536404160475E-4   1507.0718954248334     13         9    1    2    11   12   10   3    13   4    9    5    6    11   12   10   7    13   8    
5          7.429420505200594E-4   1484.4575163398717     12         7    9    11   1    2    10   8    12   3    7    9    11   4    5    10   8    12   6    
9          0.001337295690936107   1483.1960784313753     12         1    8    10   2    11   9    7    12   3    4    8    10   5    11   9    7    12   6    
9          0.001337295690936107   1472.7320261437944     14         1    12   2    14   3    4    11   5    13   6    12   7    14   8    9    11   10   13   
20         0.0029717682020802376  1466.6013071895406     11         5    1    8    10   2    7    6    11   9    5    3    8    10   4    7    6    11   9    
6          8.915304606240713E-4   1446.0653594771204     13         1    10   2    12   13   11   9    3    4    5    10   6    12   13   11   9    7    8    
27         0.004011887072808321   1439.7124183006563     11         5    7    1    9    10   8    6    11   2    5    7    3    9    10   8    6    11   4    
2          2.9717682020802375E-4  1436.3333333333362     14         1    11   12   13   14   2    3    4    5    6    11   12   13   14   7    8    9    10   
4          5.943536404160475E-4   1406.8300653594765     15         1    2    3    15   4    5    13   6    14   7    8    9    15   10   11   13   12   14   
4          5.943536404160475E-4   1399.7385620915024     15         1    13   2    15   3    14   4    5    6    7    13   8    15   9    14   10   11   12   
5          7.429420505200594E-4   1396.9934640522833     17         1    2    3    17   4    5    6    7    8    9    10   11   17   12   13   14   15   16   
7          0.0010401188707280832  1395.843137254899      11         5    7    9    1    11   8    6    2    10   5    7    9    3    11   8    6    4    10   
1          1.4858841010401187E-4  1391.509803921568      14         11   1    2    13   14   3    4    5    12   11   6    7    13   14   8    9    10   12   
5          7.429420505200594E-4   1390.5490196078456     12         7    8    10   12   1    9    2    3    11   7    8    10   12   4    9    5    6    11   
25         0.003714710252600297   1386.3856209150297     11         5    7    9    1    2    8    6    11   10   5    7    9    3    4    8    6    11   10   
5          7.429420505200594E-4   1359.1699346405255     14         1    2    12   13   3    4    11   14   5    6    7    12   13   8    9    11   14   10   
14         0.0020802377414561664  1353.9869281045742     11         5    7    1    2    10   8    6    11   9    5    7    3    4    10   8    6    11   9    
1          1.4858841010401187E-4  1352.3790849673212     14         1    2    3    4    14   12   11   5    13   6    7    8    9    14   12   11   10   13   
2          2.9717682020802375E-4  1350.7843137254831     13         9    11   1    12   13   2    10   3    4    9    11   5    12   13   6    10   7    8    
13         0.0019316493313521546  1340.0784313725487     11         5    6    8    1    10   7    2    11   9    5    6    8    3    10   7    4    11   9    
2          2.9717682020802375E-4  1325.928104575163      12         7    1    8    10   11   2    3    12   9    7    4    8    10   11   5    6    12   9    
13         0.0019316493313521546  1325.4313725490201     12         7    1    2    11   3    9    8    12   10   7    4    5    11   6    9    8    12   10   
1          1.4858841010401187E-4  1310.2810457516318     13         9    10   1    11   12   2    3    13   4    9    10   5    11   12   6    7    13   8    
5          7.429420505200594E-4   1308.0000000000023     14         1    2    3    4    13   12   11   14   5    6    7    8    9    13   12   11   14   10   
21         0.00312035661218425    1304.05882352941       13         1    9    11   12   2    10   3    13   4    5    9    11   12   6    10   7    13   8    
3          4.4576523031203565E-4  1303.006535947712      15         1    2    3    15   4    14   13   5    6    7    8    9    15   10   14   13   11   12   
3          4.4576523031203565E-4  1299.771241830067      14         11   12   1    14   2    3    4    5    13   11   12   6    14   7    8    9    10   13   
4          5.943536404160475E-4   1277.006535947717      14         1    2    12   13   14   3    11   4    5    6    7    12   13   14   8    11   9    10   
9          0.001337295690936107   1276.5490196078488     14         1    2    11   13   3    4    5    14   12   6    7    11   13   8    9    10   14   12   
3          4.4576523031203565E-4  1265.1764705882297     13         9    1    2    12   3    4    10   13   11   9    5    6    12   7    8    10   13   11   
1          1.4858841010401187E-4  1262.372549019606      12         7    1    9    11   2    8    7    12   10   3    4    9    11   5    8    6    12   10   
16         0.00237741456166419    1258.9803921568591     9          2    3    5    7    8    4    2    9    6    2    3    5    7    8    4    1    9    6    
2          2.9717682020802375E-4  1243.0196078431354     11         1    6    8    9    10   7    2    11   3    5    6    8    9    10   7    5    11   4    
2          2.9717682020802375E-4  1241.4052287581608     10         4    5    7    9    1    6    4    10   8    4    5    7    9    2    6    3    10   8    
11         0.0016344725111441308  1239.281045751635      10         1    4    6    8    9    5    2    10   7    3    4    6    8    9    5    3    10   7    
5          7.429420505200594E-4   1238.7450980392107     13         9    1    2    12   3    11   10   13   4    9    5    6    12   7    11   10   13   8    
3          4.4576523031203565E-4  1228.1241830065328     10         5    6    1    8    9    7    5    10   2    5    6    3    8    9    7    5    10   4    
7          0.0010401188707280832  1225.1437908496696     13         1    2    10   11   12   3    9    13   4    5    6    10   11   12   7    9    13   8    
1          1.4858841010401187E-4  1222.8954248366022     12         1    8    9    10   11   2    3    12   4    7    8    9    10   11   5    7    12   6    
3          4.4576523031203565E-4  1220.0915032679727     13         1    9    2    3    12   10   4    13   11   5    9    6    7    12   10   8    13   11   
3          4.4576523031203565E-4  1210.3006535947702     11         1    7    2    9    10   8    6    11   3    6    7    4    9    10   8    6    11   5    
63         0.009361069836552749   1196.6470588235265     8          1    2    4    6    7    3    1    8    5    1    2    4    6    7    3    1    8    5    
2          2.9717682020802375E-4  1194.1503267973894     10         5    6    8    9    1    7    5    10   2    5    6    8    9    3    7    5    10   4    
17         0.002526002971768202   1132.620915032676      9          3    4    6    8    1    5    3    9    7    3    4    6    8    2    5    3    9    7    
2          2.9717682020802375E-4  1126.3790849673185     11         1    6    2    9    10   7    3    11   8    5    6    4    9    10   7    5    11   8    
3          4.4576523031203565E-4  1118.156862745094      10         1    5    7    9    10   6    4    2    8    4    5    7    9    10   6    4    3    8    
7          0.0010401188707280832  1118.0718954248362     10         1    4    6    8    9    5    3    10   7    3    4    6    8    9    5    2    10   7    
4          5.943536404160475E-4   1115.9150326797385     11         1    7    2    10   3    8    6    11   9    6    7    4    10   5    8    6    11   9    
7          0.0010401188707280832  1114.2222222222208     9          3    4    6    7    8    5    3    9    1    3    4    6    7    8    5    3    9    2    
29         0.004309063893016345   1109.6209150326774     12         1    8    2    3    11   9    7    12   10   4    8    5    6    11   9    7    12   10   
2          2.9717682020802375E-4  1105.9673202614367     11         7    8    1    11   2    9    7    3    10   7    8    4    11   5    9    7    6    10   
2          2.9717682020802375E-4  1103.3202614379077     11         1    7    9    11   2    8    6    3    10   6    7    9    11   4    8    6    5    10   
2          2.9717682020802375E-4  1101.9477124183006     11         1    7    2    10   11   8    6    3    9    6    7    4    10   11   8    6    5    9    
15         0.002228826151560178   1081.30065359477       13         1    9    11   13   2    10   3    4    12   5    9    11   13   6    10   7    8    12   
6          8.915304606240713E-4   1063.686274509803      13         1    9    11   2    12   10   3    13   4    5    9    11   6    12   10   7    13   8    
5          7.429420505200594E-4   1057.601307189541      14         1    11   12   2    3    4    5    14   13   6    11   12   7    8    9    10   14   13   
8          0.001188707280832095   1053.098039215685      13         1    2    10   12   3    4    9    13   11   5    6    10   12   7    8    9    13   11   
2          2.9717682020802375E-4  1050.209150326797      13         9    1    11   12   2    3    10   13   4    9    5    11   12   6    7    10   13   8    
4          5.943536404160475E-4   1041.8431372549007     15         1    13   2    3    4    14   5    6    15   7    13   8    9    10   14   11   12   15   
4          5.943536404160475E-4   1039.6732026143754     13         1    2    3    4    12   10   9    13   11   5    6    7    8    12   10   9    13   11   
26         0.003863298662704309   1039.437908496729      12         1    8    2    11   12   9    7    3    10   4    8    5    11   12   9    7    6    10   
19         0.002823179791976226   1013.1372549019594     12         1    8    9    10   11   2    7    12   3    4    8    9    10   11   5    7    12   6    
17         0.002526002971768202   993.4117647058816      13         1    10   11   12   2    3    9    13   4    5    10   11   12   6    7    9    13   8    
3          4.4576523031203565E-4  974.215686274509       15         1    2    3    4    5    13   6    15   14   7    8    9    10   11   13   12   15   14   
2          2.9717682020802375E-4  971.2026143790824      13         9    1    2    12   13   10   3    4    11   9    5    6    12   13   10   7    8    11   
8          0.001188707280832095   970.0784313725463      11         5    1    8    10   11   7    6    2    9    5    3    8    10   11   7    6    4    9    
2          2.9717682020802375E-4  961.6928104575125      12         7    9    10   11   1    2    8    12   3    7    9    10   11   4    5    8    12   6    
5          7.429420505200594E-4   960.9477124182966      12         7    1    9    11   2    8    3    12   10   7    4    9    11   5    8    6    12   10   
23         0.0034175334323922734  956.8496732026114      11         5    7    8    10   1    2    6    11   9    5    7    8    10   3    4    6    11   9    
11         0.0016344725111441308  935.2352941176447      13         1    10   2    11   12   3    9    13   4    5    10   6    11   12   7    9    13   8    
6          8.915304606240713E-4   924.039215686274       14         1    11   2    12   13   3    4    14   5    6    11   7    12   13   8    9    14   10   
7          0.0010401188707280832  917.4901960784305      14         1    2    12   13   3    11   4    14   5    6    7    12   13   8    11   9    14   10   
4          5.943536404160475E-4   909.7058823529378      11         1    6    2    9    10   7    5    11   8    5    6    3    9    10   7    4    11   8    
8          0.001188707280832095   906.9869281045733      13         1    9    10   12   13   2    3    4    11   5    9    10   12   13   6    7    8    11   
1          1.4858841010401187E-4  901.6601307189535      12         1    9    11   2    3    10   8    4    12   8    9    11   5    6    10   8    7    12   
3          4.4576523031203565E-4  897.9019607843115      13         1    9    10   2    12   3    4    13   11   5    9    10   6    12   7    8    13   11   
4          5.943536404160475E-4   895.9803921568616      14         1    2    3    12   13   4    5    14   11   6    7    8    12   13   9    10   14   11   
1          1.4858841010401187E-4  889.5359477124174      12         1    8    2    10   11   3    4    12   9    7    8    5    10   11   6    7    12   9    
2          2.9717682020802375E-4  884.2745098039193      11         1    7    8    10   2    3    6    11   9    6    7    8    10   4    5    6    11   9    
2          2.9717682020802375E-4  882.1960784313706      12         1    2    3    11   4    9    8    12   10   8    5    6    11   7    9    8    12   10   
5          7.429420505200594E-4   880.9150326797352      10         1    5    7    8    9    6    4    10   2    4    5    7    8    9    6    4    10   3    
8          0.001188707280832095   876.3071895424818      10         1    2    6    8    9    5    4    10   7    4    3    6    8    9    5    4    10   7    
2          2.9717682020802375E-4  866.3594771241814      10         4    5    6    8    9    1    4    10   7    4    5    6    8    9    2    3    10   7    
23         0.0034175334323922734  861.4575163398682      9          2    3    5    7    8    4    2    9    6    1    3    5    7    8    4    2    9    6    
2          2.9717682020802375E-4  861.2483660130714      11         6    7    9    11   1    8    6    2    10   3    7    9    11   4    8    6    5    10   
4          5.943536404160475E-4   856.3398692810485      9          3    4    5    7    8    1    3    9    6    3    4    5    7    8    2    3    9    6    
1          1.4858841010401187E-4  849.7516339869306      11         7    8    1    2    11   9    7    3    10   7    8    4    5    11   9    7    6    10   
18         0.002674591381872214   843.9738562091487      13         1    10   2    13   3    11   9    4    12   5    10   6    13   7    11   9    8    12   
1          1.4858841010401187E-4  840.9215686274497      13         9    10   1    13   2    11   9    3    12   4    10   5    13   6    11   7    8    12   
10         0.0014858841010401188  821.9281045751609      12         7    8    1    10   11   9    2    12   3    7    8    4    10   11   9    5    12   6    
3          4.4576523031203565E-4  821.1372549019591      16         1    2    15   3    4    5    6    16   7    8    9    15   10   11   12   13   16   14   
4          5.943536404160475E-4   810.1045751633983      15         1    2    3    4    5    6    13   15   14   7    8    9    10   11   12   13   15   14   
15         0.002228826151560178   809.5620915032667      14         1    11   2    13   3    4    5    14   12   6    11   7    13   8    9    10   14   12   
4          5.943536404160475E-4   792.3921568627447      12         7    9    1    11   12   10   8    2    3    7    9    4    11   12   10   8    5    6    
9          0.001337295690936107   790.784313725489       14         1    11   2    14   3    12   4    5    13   6    11   7    14   8    12   9    10   13   
5          7.429420505200594E-4   780.5816993464041      14         1    12   2    13   3    4    11   14   5    6    12   7    13   8    9    11   14   10   
8          0.001188707280832095   775.398692810456       12         7    9    1    11   2    3    8    12   10   7    9    4    11   5    6    8    12   10   
6          8.915304606240713E-4   766.7973856209131      16         1    2    3    16   4    5    6    7    15   8    9    10   16   11   12   13   14   15   
2          2.9717682020802375E-4  760.2222222222199      13         9    1    2    12   13   11   10   3    4    9    5    6    12   13   11   10   7    8    
3          4.4576523031203565E-4  758.8758169934626      14         1    2    13   3    4    12   11   5    14   6    7    13   8    9    12   11   10   14   
12         0.0017830609212481426  758.7516339869253      12         1    2    8    10   11   3    7    12   9    4    5    8    10   11   6    7    12   9    
8          0.001188707280832095   745.3790849673171      12         7    8    9    11   1    2    3    12   10   7    8    9    11   4    5    6    12   10   
21         0.00312035661218425    739.915032679737       12         1    7    8    10   11   2    3    12   9    4    7    8    10   11   5    6    12   9    
2          2.9717682020802375E-4  715.9477124183002      15         1    14   2    3    4    15   13   5    6    7    14   8    9    10   15   13   11   12   
6          8.915304606240713E-4   715.8823529411751      13         1    10   12   13   2    11   9    3    4    5    10   12   13   6    11   9    7    8    
9          0.001337295690936107   711.6862745098019      12         1    7    9    11   12   8    2    3    10   4    7    9    11   12   8    5    6    10   
4          5.943536404160475E-4   699.1111111111107      13         9    11   1    2    3    12   10   13   4    9    11   5    6    7    12   10   13   8    
1          1.4858841010401187E-4  696.05882352941        14         1    11   13   2    14   12   3    4    5    6    11   13   7    14   12   8    9    10   
4          5.943536404160475E-4   695.346405228758       15         1    13   2    3    4    14   5    15   6    7    13   8    9    10   14   11   15   12   
5          7.429420505200594E-4   691.9607843137227      12         1    2    9    3    11   8    7    12   10   4    5    9    6    11   8    7    12   10   
1          1.4858841010401187E-4  689.620915032679       13         9    1    12   2    3    11   10   4    13   9    5    12   6    7    11   10   8    13   
4          5.943536404160475E-4   686.1895424836598      15         1    2    3    14   15   13   4    5    6    7    8    9    14   15   13   10   11   12   
7          0.0010401188707280832  681.2091503267957      12         7    1    2    10   11   8    3    12   9    7    4    5    10   11   8    6    12   9    
1          1.4858841010401187E-4  680.9738562091492      15         1    13   2    3    14   4    5    15   6    7    13   8    9    14   10   11   15   12   
1          1.4858841010401187E-4  677.346405228757       15         13   1    2    3    4    5    14   15   6    13   7    8    9    10   11   14   15   12   
8          0.001188707280832095   673.2483660130706      13         1    10   2    12   13   3    9    4    11   5    10   6    12   13   7    9    8    11   
1          1.4858841010401187E-4  672.1437908496723      16         1    15   2    16   3    4    5    6    7    8    15   9    16   10   11   12   13   14   
5          7.429420505200594E-4   663.4640522875794      11         1    6    8    10   2    7    3    11   9    5    6    8    10   4    7    5    11   9    
1          1.4858841010401187E-4  661.1241830065344      17         1    2    3    4    5    6    7    17   8    9    10   11   12   13   14   15   17   16   
1          1.4858841010401187E-4  655.862745098038       12         1    8    2    11   12   9    7    3    10   7    8    4    11   12   9    5    6    10   
2          2.9717682020802375E-4  653.8888888888877      12         1    9    2    10   11   3    8    12   4    8    9    5    10   11   6    8    12   7    
12         0.0017830609212481426  652.2026143790844      10         1    5    6    8    9    2    4    10   7    4    5    6    8    9    3    4    10   7    
7          0.0010401188707280832  642.8300653594758      13         1    2    3    12   13   10   9    4    11   5    6    7    12   13   10   9    8    11   
1          1.4858841010401187E-4  639.8300653594754      14         1    12   2    14   3    13   4    5    6    11   12   7    14   8    13   11   9    10   
1          1.4858841010401187E-4  639.2287581699314      11         1    7    8    9    10   2    6    11   3    6    7    8    9    10   4    6    11   5    
1          1.4858841010401187E-4  636.9607843137242      13         1    2    11   13   3    4    10   5    12   10   6    11   13   7    8    10   9    12   
13         0.0019316493313521546  635.4052287581678      14         1    2    3    13   4    12   11   14   5    6    7    8    13   9    12   11   14   10   
6          8.915304606240713E-4   622.3398692810453      13         1    2    11   3    4    10   9    13   12   5    6    11   7    8    10   9    13   12   
1          1.4858841010401187E-4  616.5620915032664      15         1    2    3    15   4    13   5    6    14   7    8    9    15   10   13   11   12   14   
6          8.915304606240713E-4   613.6405228758149      14         1    12   2    3    4    5    11   14   13   6    12   7    8    9    10   11   14   13   
1          1.4858841010401187E-4  610.692810457514       11         1    7    9    2    3    8    6    11   10   6    7    9    4    5    8    6    11   10   
2          2.9717682020802375E-4  607.901960784312       14         1    2    11   3    13   4    5    14   12   6    7    11   8    13   9    10   14   12   
1          1.4858841010401187E-4  603.0196078431353      17         1    17   2    3    4    5    6    7    8    9    17   10   11   12   13   14   15   16   
1          1.4858841010401187E-4  601.745098039213       12         1    8    10   2    3    9    7    12   11   7    8    10   4    5    9    6    12   11   
2          2.9717682020802375E-4  601.4967320261409      11         1    7    2    9    10   3    6    11   8    6    7    4    9    10   5    6    11   8    
3          4.4576523031203565E-4  599.1633986928086      11         1    2    3    9    10   7    6    11   8    6    4    5    9    10   7    6    11   8    
1          1.4858841010401187E-4  597.3529411764679      12         1    8    2    10   11   3    7    12   9    7    8    4    10   11   5    6    12   9    
2          2.9717682020802375E-4  596.7385620915011      11         1    6    7    9    10   2    3    11   8    5    6    7    9    10   4    5    11   8    
7          0.0010401188707280832  595.6601307189522      12         7    1    10   12   2    9    8    3    11   7    4    10   12   5    9    8    6    11   
1          1.4858841010401187E-4  595.3986928104569      12         1    9    2    12   3    10   8    4    11   8    9    5    12   6    10   8    7    11   
6          8.915304606240713E-4   589.3137254901945      14         1    2    3    14   4    12   11   5    13   6    7    8    14   9    12   11   10   13   
7          0.0010401188707280832  583.7973856209145      14         1    11   13   14   2    12   3    4    5    6    11   13   14   7    12   8    9    10   
1          1.4858841010401187E-4  575.2810457516327      14         11   12   1    2    14   13   3    4    5    11   12   6    7    14   13   8    9    10   
1          1.4858841010401187E-4  573.9673202614367      15         1    2    3    4    14   5    13   15   6    7    8    9    10   14   11   13   15   12   
2          2.9717682020802375E-4  567.065359477123       11         6    7    1    10   2    8    6    11   9    6    7    3    10   4    8    5    11   9    
1          1.4858841010401187E-4  564.3006535947698      12         8    1    2    11   3    9    8    12   10   8    4    5    11   6    9    7    12   10   
1          1.4858841010401187E-4  561.7450980392144      10         5    6    7    8    9    1    5    10   2    5    6    7    8    9    3    5    10   4    
3          4.4576523031203565E-4  561.6209150326783      8          1    3    5    6    7    4    2    8    5    1    3    5    6    7    4    2    8    5    
3          4.4576523031203565E-4  558.6732026143777      9          3    4    6    1    8    5    3    9    7    3    4    6    2    8    5    3    9    7    
3          4.4576523031203565E-4  557.0653594771221      11         6    7    1    10   11   8    6    2    9    3    7    4    10   11   8    6    5    9    
4          5.943536404160475E-4   556.2679738562083      15         1    14   2    15   3    4    13   5    6    7    14   8    15   9    10   13   11   12   
3          4.4576523031203565E-4  555.4967320261426      10         5    6    1    8    9    2    5    10   7    5    6    3    8    9    4    5    10   7    
17         0.002526002971768202   555.3529411764697      13         1    9    2    11   12   10   3    13   4    5    9    6    11   12   10   7    13   8    
1          1.4858841010401187E-4  552.4836601307184      10         5    1    7    9    2    6    5    10   8    5    3    7    9    4    6    5    10   8    
1          1.4858841010401187E-4  550.7581699346383      11         7    8    1    2    10   9    7    11   3    7    8    4    5    10   9    7    11   6    
6          8.915304606240713E-4   535.9607843137235      12         7    9    10   1    2    3    8    12   11   7    9    10   4    5    6    8    12   11   
2          2.9717682020802375E-4  530.823529411764       13         9    10   1    12   2    3    4    13   11   9    10   5    12   6    7    8    13   11   
3          4.4576523031203565E-4  528.5359477124164      12         7    1    9    11   12   2    8    3    10   7    4    9    11   12   5    8    6    10   
4          5.943536404160475E-4   525.4967320261429      16         1    2    3    4    5    15   6    16   7    8    9    10   11   12   15   13   16   14   
3          4.4576523031203565E-4  521.8366013071884      14         1    2    12   14   3    4    11   5    13   6    7    12   14   8    9    11   10   13   
2          2.9717682020802375E-4  519.0588235294109      13         1    10   11   2    13   3    9    4    12   5    10   11   6    13   7    9    8    12   
3          4.4576523031203565E-4  515.4509803921558      10         4    5    1    8    9    6    4    10   7    2    5    3    8    9    6    4    10   7    
7          0.0010401188707280832  512.254901960783       15         1    2    13   14   3    4    5    15   6    7    8    13   14   9    10   11   15   12   
1          1.4858841010401187E-4  511.2222222222203      10         3    5    1    8    9    6    4    10   7    4    5    2    8    9    6    3    10   7    
8          0.001188707280832095   507.0588235294109      13         1    9    11   12   13   10   2    3    4    5    9    11   12   13   10   6    7    8    
1          1.4858841010401187E-4  505.5032679738541      11         7    8    1    10   11   9    7    2    3    7    8    4    10   11   9    7    5    6    
6          8.915304606240713E-4   498.7450980392139      12         1    8    9    11   12   2    7    3    10   4    8    9    11   12   5    7    6    10   
4          5.943536404160475E-4   492.4967320261429      13         1    2    11   3    13   10   9    4    12   5    6    11   7    13   10   9    8    12   
7          0.0010401188707280832  487.9803921568612      12         7    8    1    10   11   2    3    12   9    7    8    4    10   11   5    6    12   9    
1          1.4858841010401187E-4  487.81699346405077     14         11   1    2    3    13   12   4    14   5    11   6    7    8    13   12   9    14   10   
2          2.9717682020802375E-4  480.0653594771233      15         1    13   2    14   15   3    4    5    6    7    13   8    14   15   9    10   11   12   
7          0.0010401188707280832  478.50980392156754     14         1    2    13   14   3    12   11   4    5    6    7    13   14   8    12   11   9    10   
2          2.9717682020802375E-4  471.52287581699204     12         7    1    10   11   12   9    8    2    3    7    4    10   11   12   9    8    5    6    
4          5.943536404160475E-4   470.43137254901904     13         1    2    3    11   12   4    9    13   10   5    6    7    11   12   8    9    13   10   
3          4.4576523031203565E-4  463.8300653594763      10         4    5    7    9    10   6    4    1    8    2    5    7    9    10   6    4    3    8    
2          2.9717682020802375E-4  461.901960784313       11         1    6    8    2    10   7    3    11   9    5    6    8    4    10   7    5    11   9    
1          1.4858841010401187E-4  460.9607843137243      14         11   1    13   2    14   12   11   3    4    5    6    13   7    14   12   8    9    10   
1          1.4858841010401187E-4  457.6405228758162      10         4    5    6    8    9    1    4    10   7    2    5    6    8    9    3    4    10   7    
2          2.9717682020802375E-4  455.76470588235105     13         10   1    2    12   3    11   10   13   4    5    6    7    12   8    11   10   13   9    
4          5.943536404160475E-4   454.65359477123985     11         1    2    8    10   3    7    6    11   9    6    4    8    10   5    7    6    11   9    
3          4.4576523031203565E-4  450.98039215686185     10         1    5    7    2    9    6    4    10   8    4    5    7    3    9    6    4    10   8    
1          1.4858841010401187E-4  447.50980392156777     15         1    2    14   15   3    13   4    5    6    7    8    14   15   9    13   10   11   12   
3          4.4576523031203565E-4  447.50326797385446     11         1    7    9    10   2    8    6    11   3    6    7    9    10   4    8    6    11   5    
5          7.429420505200594E-4   446.3267973856201      13         1    10   11   12   13   2    9    3    4    5    10   11   12   13   6    9    7    8    
4          5.943536404160475E-4   442.97385620914974     13         1    2    10   12   13   9    3    4    11   5    6    10   12   13   9    7    8    11   
4          5.943536404160475E-4   437.9411764705879      11         5    7    8    1    10   2    6    11   9    5    7    8    3    10   4    6    11   9    
4          5.943536404160475E-4   434.18954248365986     13         1    2    11   3    12   10   9    13   4    5    6    11   7    12   10   9    13   8    
2          2.9717682020802375E-4  430.00653594771103     12         7    9    1    2    11   3    8    12   10   7    9    4    5    11   6    8    12   10   
7          0.0010401188707280832  429.3790849673198      13         1    9    11   2    3    10   4    13   12   5    9    11   6    7    10   8    13   12   
3          4.4576523031203565E-4  420.6274509803913      15         13   1    2    14   3    4    5    15   6    13   7    8    14   9    10   11   15   12   
4          5.943536404160475E-4   418.424836601307       11         1    6    8    10   2    7    5    11   9    5    6    8    10   3    7    4    11   9    
3          4.4576523031203565E-4  414.2549019607839      13         9    10   1    2    3    11   4    13   12   9    10   5    6    7    11   8    13   12   
1          1.4858841010401187E-4  412.4379084967304      10         3    5    7    9    10   6    4    1    8    4    5    7    9    10   6    3    2    8    
8          0.001188707280832095   410.6013071895425      11         5    6    1    9    10   7    5    11   8    2    6    3    9    10   7    4    11   8    
1          1.4858841010401187E-4  408.692810457515       10         3    5    7    9    1    6    4    10   8    4    5    7    9    2    6    3    10   8    
2          2.9717682020802375E-4  402.4771241830057      14         1    2    12   3    4    11   5    14   13   6    7    12   8    9    11   10   14   13   
6          8.915304606240713E-4   400.15032679738425     14         1    12   2    3    4    13   11   5    14   6    12   7    8    9    13   11   10   14   
2          2.9717682020802375E-4  393.41176470588175     13         9    11   13   1    2    12   10   3    4    9    11   13   5    6    12   10   7    8    
8          0.001188707280832095   391.8954248366004      14         1    2    12   14   3    11   4    5    13   6    7    12   14   8    11   9    10   13   
1          1.4858841010401187E-4  390.79084967320136     14         11   1    13   2    3    4    12   5    14   11   6    13   7    8    9    12   10   14   
2          2.9717682020802375E-4  383.3071895424829      12         7    9    11   1    12   10   8    2    3    7    9    11   4    12   10   8    5    6    
2          2.9717682020802375E-4  381.58169934640415     14         11   12   1    14   2    13   3    4    5    11   12   6    14   7    13   8    9    10   
4          5.943536404160475E-4   379.96078431372456     12         7    8    9    11   12   1    2    3    10   7    8    9    11   12   4    5    6    10   
1          1.4858841010401187E-4  376.2745098039214      13         9    10   1    12   13   11   2    3    4    9    10   5    12   13   11   6    7    8    
3          4.4576523031203565E-4  374.6339869281041      13         9    11   1    13   2    12   10   3    4    9    11   5    13   6    12   10   7    8    
2          2.9717682020802375E-4  371.3986928104571      13         9    1    12   2    3    11   10   13   4    9    5    12   6    7    11   10   13   8    
2          2.9717682020802375E-4  369.3333333333323      14         1    2    12   3    14   4    11   5    13   6    7    12   8    14   9    11   10   13   
3          4.4576523031203565E-4  368.3267973856199      14         1    2    3    4    5    12   11   14   13   6    7    8    9    10   12   11   14   13   
1          1.4858841010401187E-4  364.70588235294053     15         1    2    14   3    4    13   5    6    15   7    8    14   9    10   13   11   12   15   
2          2.9717682020802375E-4  363.169934640522       14         1    12   13   2    3    4    11   5    14   6    12   13   7    8    9    11   10   14   
3          4.4576523031203565E-4  362.7908496732019      12         7    1    2    11   12   9    8    3    10   7    4    5    11   12   9    8    6    10   
3          4.4576523031203565E-4  358.94771241830034     15         1    2    3    14   4    5    13   15   6    7    8    9    14   10   11   13   15   12   
3          4.4576523031203565E-4  356.4313725490188      12         7    1    10   2    11   9    8    12   3    7    4    10   5    11   9    8    12   6    
1          1.4858841010401187E-4  353.16993464052194     14         11   12   1    2    3    4    5    14   13   11   12   6    7    8    9    10   14   13   
2          2.9717682020802375E-4  351.50326797385617     10         4    1    6    8    9    5    4    10   7    2    3    6    8    9    5    4    10   7    
3          4.4576523031203565E-4  350.96732026143724     14         1    2    11   12   13   3    4    14   5    6    7    11   12   13   8    9    14   10   
5          7.429420505200594E-4   343.54901960784207     9          3    1    5    7    8    4    3    9    6    3    2    5    7    8    4    3    9    6    
17         0.002526002971768202   339.071895424836       9          3    4    1    7    8    5    3    9    6    3    4    2    7    8    5    3    9    6    
2          2.9717682020802375E-4  324.941176470588       10         4    5    7    9    10   6    4    1    8    4    5    7    9    10   6    2    3    8    
3          4.4576523031203565E-4  323.3660130718946      9          2    3    5    7    8    4    1    9    6    2    3    5    7    8    4    2    9    6    
4          5.943536404160475E-4   322.6405228758164      10         3    4    6    8    9    5    3    10   7    1    4    6    8    9    5    2    10   7    
6          8.915304606240713E-4   317.1895424836599      9          1    3    5    7    8    4    1    9    6    2    3    5    7    8    4    2    9    6    
1          1.4858841010401187E-4  311.6339869281041      12         7    8    9    11   12   1    7    2    10   3    8    9    11   12   4    5    6    10   
2          2.9717682020802375E-4  309.48366013071876     17         1    2    3    4    5    6    17   7    8    9    10   11   12   13   14   17   15   16   
4          5.943536404160475E-4   308.1111111111106      14         1    11   2    13   14   3    4    5    12   6    11   7    13   14   8    9    10   12   
1          1.4858841010401187E-4  307.93464052287504     16         1    2    15   3    4    5    6    7    16   8    9    15   10   11   12   13   14   16   
1          1.4858841010401187E-4  307.2745098039212      11         1    2    8    9    10   7    6    11   3    6    4    8    9    10   7    6    11   5    
3          4.4576523031203565E-4  301.6797385620908      14         1    2    3    4    13   11   5    14   12   6    7    8    9    13   11   10   14   12   
2          2.9717682020802375E-4  300.9346405228754      11         1    7    8    10   11   2    6    3    9    6    7    8    10   11   4    6    5    9    
1          1.4858841010401187E-4  299.2679738562091      12         1    2    10   11   3    9    8    12   4    8    5    10   11   6    9    8    12   7    
1          1.4858841010401187E-4  297.0326797385617      12         1    2    8    10   11   3    7    12   9    7    4    8    10   11   5    6    12   9    
2          2.9717682020802375E-4  295.15032679738545     15         1    13   2    3    4    5    6    15   14   7    13   8    9    10   11   12   15   14   
1          1.4858841010401187E-4  294.8300653594765      16         15   1    16   2    3    4    5    6    7    15   8    16   9    10   11   12   13   14   
1          1.4858841010401187E-4  294.39869281045753     12         1    9    2    11   3    4    8    12   10   8    9    5    11   6    7    8    12   10   
2          2.9717682020802375E-4  292.9803921568623      14         11   1    2    3    13   4    5    14   12   11   6    7    8    13   9    10   14   12   
3          4.4576523031203565E-4  290.2549019607841      14         1    2    3    13   4    5    11   14   12   6    7    8    13   9    10   11   14   12   
1          1.4858841010401187E-4  290.1830065359476      12         1    8    9    11   2    3    7    12   10   7    8    9    11   4    5    6    12   10   
3          4.4576523031203565E-4  287.3725490196075      12         7    1    2    10   11   3    8    12   9    7    4    5    10   11   6    8    12   9    
1          1.4858841010401187E-4  283.94771241830074     15         13   14   1    2    3    4    5    15   6    13   14   7    8    9    10   11   15   12   
2          2.9717682020802375E-4  282.86928104575134     14         11   1    2    3    4    13   12   5    14   11   6    7    8    9    13   12   10   14   
1          1.4858841010401187E-4  280.09150326797345     15         1    13   14   2    3    4    5    6    15   7    13   14   8    9    10   11   12   15   
2          2.9717682020802375E-4  279.58823529411734     14         1    2    11   13   14   3    4    5    12   6    7    11   13   14   8    9    10   12   
1          1.4858841010401187E-4  279.1437908496732      12         1    2    3    4    11   9    8    12   10   8    5    6    7    11   9    8    12   10   
1          1.4858841010401187E-4  277.8104575163394      14         1    11   13   2    3    12   4    5    14   6    11   13   7    8    12   9    10   14   
2          2.9717682020802375E-4  276.27450980392126     14         1    12   13   14   2    3    11   4    5    6    12   13   14   7    8    11   9    10   
2          2.9717682020802375E-4  274.5098039215682      14         1    12   14   2    3    13   11   4    5    6    12   14   7    8    13   11   9    10   
1          1.4858841010401187E-4  272.019607843137       15         13   1    14   15   2    3    4    5    6    13   7    14   15   8    9    10   11   12   
1          1.4858841010401187E-4  271.019607843137       16         15   1    2    16   3    4    5    6    7    15   8    9    16   10   11   12   13   14   
2          2.9717682020802375E-4  269.3856209150328      11         5    6    7    9    10   1    2    11   8    3    6    7    9    10   4    5    11   8    
1          1.4858841010401187E-4  269.1437908496732      11         6    7    1    9    10   2    6    11   8    3    7    4    9    10   5    6    11   8    
1          1.4858841010401187E-4  267.5947712418302      11         5    6    8    10   11   7    1    2    9    3    6    8    10   11   7    5    4    9    
1          1.4858841010401187E-4  265.202614379085       11         6    1    8    2    10   7    6    11   9    3    4    8    5    10   7    6    11   9    
2          2.9717682020802375E-4  264.49019607843144     10         4    5    7    1    9    6    4    10   8    2    5    7    3    9    6    4    10   8    
2          2.9717682020802375E-4  262.6339869281048      11         6    7    1    10   2    8    6    11   9    3    7    4    10   5    8    6    11   9    
1          1.4858841010401187E-4  261.71895424836595     13         1    10   2    12   13   11   3    4    5    9    10   6    12   13   11   9    7    8    
1          1.4858841010401187E-4  259.6274509803925      10         3    5    6    8    9    1    3    10   7    4    5    6    8    9    2    4    10   7    
1          1.4858841010401187E-4  258.7189542483661      11         5    1    8    10   2    7    5    11   9    6    3    8    10   4    7    6    11   9    
3          4.4576523031203565E-4  258.3267973856211      10         3    5    1    8    9    6    3    10   7    4    5    2    8    9    6    4    10   7    
1          1.4858841010401187E-4  255.95424836601316     12         7    8    1    10   11   2    7    12   9    3    8    4    10   11   5    6    12   9    
1          1.4858841010401187E-4  253.96078431372558     10         3    5    7    1    9    6    3    10   8    4    5    7    2    9    6    4    10   8    
1          1.4858841010401187E-4  252.71241830065395     11         5    7    1    9    10   2    5    11   8    6    7    3    9    10   4    6    11   8    
1          1.4858841010401187E-4  251.81699346405262     12         8    9    1    2    11   10   8    12   3    8    9    4    5    11   10   6    12   7    
1          1.4858841010401187E-4  251.18300653594795     11         5    1    2    9    10   7    5    11   8    6    3    4    9    10   7    6    11   8    
2          2.9717682020802375E-4  250.0718954248368      11         6    1    2    9    10   7    6    11   8    3    4    5    9    10   7    6    11   8    
1          1.4858841010401187E-4  249.04575163398687     13         1    2    11   12   3    10   9    13   4    9    5    11   12   6    10   7    13   8    
2          2.9717682020802375E-4  248.6862745098038      12         7    8    1    10   11   9    7    12   2    3    8    4    10   11   9    5    12   6    
2          2.9717682020802375E-4  246.54248366013076     11         5    6    8    10   1    7    5    11   9    2    6    8    10   3    7    4    11   9    
1          1.4858841010401187E-4  244.13725490196074     13         9    10   1    11   12   2    9    13   3    4    10   5    11   12   6    7    13   8    
4          5.943536404160475E-4   242.35947712418283     14         1    11   13   2    3    12   4    14   5    6    11   13   7    8    12   9    14   10   
2          2.9717682020802375E-4  241.38562091503294     10         4    6    8    9    1    7    5    10   2    4    6    8    9    3    7    5    10   8    
2          2.9717682020802375E-4  237.71895424836578     14         1    11   2    13   14   12   3    4    5    6    11   7    13   14   12   8    9    10   
1          1.4858841010401187E-4  237.34640522875813     13         1    2    11   12   13   10   3    4    5    9    6    11   12   13   10   9    7    8    
3          4.4576523031203565E-4  235.4705882352941      13         1    2    11   12   13   10   9    3    4    5    6    11   12   13   10   9    7    8    
3          4.4576523031203565E-4  229.86274509803908     12         7    1    9    11   12   8    2    3    10   7    4    9    11   12   8    5    6    10   
1          1.4858841010401187E-4  228.14379084967297     10         5    1    7    9    10   6    5    2    8    5    3    7    9    10   6    5    4    8    
1          1.4858841010401187E-4  227.93464052287584     13         10   1    12   2    3    11   10   4    13   5    6    12   7    8    11   10   9    13   
1          1.4858841010401187E-4  227.10457516339858     11         7    1    9    10   2    8    7    11   3    7    4    9    10   5    8    7    11   6    
3          4.4576523031203565E-4  226.95424836601273     12         7    8    10   11   12   9    1    2    3    7    8    10   11   12   9    4    5    6    
6          8.915304606240713E-4   221.81045751633994     9          2    4    1    7    8    5    3    9    6    2    4    6    7    8    5    3    9    6    
3          4.4576523031203565E-4  217.94117647058792     13         9    10   11   12   1    2    3    13   4    9    10   11   12   5    6    7    13   8    
4          5.943536404160475E-4   215.10457516339858     12         7    9    1    10   11   2    8    12   3    7    9    4    10   11   5    8    12   6    
2          2.9717682020802375E-4  211.45098039215688     13         1    9    11   2    13   10   3    4    12   5    9    11   6    13   10   7    8    12   
1          1.4858841010401187E-4  209.1176470588233      14         1    12   2    3    13   4    11   14   5    6    12   7    8    13   9    11   14   10   
3          4.4576523031203565E-4  206.6928104575161      14         1    2    12   3    13   11   4    14   5    6    7    12   8    13   11   9    14   10   
1          1.4858841010401187E-4  204.59477124183        11         6    8    1    10   2    3    7    11   9    6    8    9    10   4    5    7    11   9    
4          5.943536404160475E-4   203.54248366013067     15         1    2    14   3    4    13   5    15   6    7    8    14   9    10   13   11   15   12   
1          1.4858841010401187E-4  203.25490196078388     9          3    1    6    7    8    5    4    9    6    3    2    6    7    8    5    4    9    6    
2          2.9717682020802375E-4  199.3856209150327      13         1    2    10   3    12   4    9    13   11   5    6    10   7    12   8    9    13   11   
2          2.9717682020802375E-4  197.77777777777777     13         9    1    2    11   12   3    4    13   10   9    5    6    11   12   7    8    13   10   
1          1.4858841010401187E-4  195.7450980392154      14         11   1    2    3    14   12   4    5    13   11   6    7    8    14   12   9    10   13   
1          1.4858841010401187E-4  194.19607843137226     16         1    15   16   2    3    4    5    6    7    8    15   16   9    10   11   12   13   14   
3          4.4576523031203565E-4  193.86274509803906     14         1    2    3    13   14   12   11   4    5    6    7    8    13   14   12   11   9    10   
1          1.4858841010401187E-4  190.54901960784284     16         1    2    3    15   16   4    5    6    7    8    9    10   15   16   11   12   13   14   
2          2.9717682020802375E-4  189.78431372548988     14         11   1    2    12   13   3    4    14   5    11   6    7    12   13   8    9    14   10   
3          4.4576523031203565E-4  187.83006535947712     15         1    2    3    4    14   5    6    15   13   7    8    9    10   14   11   12   15   13   
1          1.4858841010401187E-4  183.69281045751637     12         1    9    2    11   3    10   8    12   4    8    9    5    11   6    10   8    12   7    
2          2.9717682020802375E-4  183.50980392156836     16         1    2    3    16   4    5    15   6    7    8    9    10   16   11   12   15   13   14   
1          1.4858841010401187E-4  181.49673202614363     16         1    2    3    4    5    6    15   7    16   8    9    10   11   12   13   15   14   16   
2          2.9717682020802375E-4  180.81045751633968     14         1    12   13   2    3    4    11   14   5    6    12   13   7    8    9    11   14   10   
1          1.4858841010401187E-4  178.5751633986927      15         13   1    2    15   3    4    14   5    6    13   7    8    15   9    10   14   11   12   
2          2.9717682020802375E-4  178.424836601307       13         1    10   2    3    13   11   9    4    12   5    10   6    7    13   11   9    8    12   
1          1.4858841010401187E-4  176.16339869281018     15         1    2    3    13   14   4    5    15   6    7    8    9    13   14   10   11   15   12   
3          4.4576523031203565E-4  175.6470588235291      12         7    1    9    2    11   8    3    12   10   7    4    9    5    11   8    6    12   10   
2          2.9717682020802375E-4  172.08496732026134     12         7    1    9    2    11   3    8    12   10   7    4    9    5    11   6    8    12   10   
3          4.4576523031203565E-4  170.7385620915032      14         1    11   2    3    14   12   4    5    13   6    11   7    8    14   12   9    10   13   
1          1.4858841010401187E-4  167.2026143790847      14         1    2    3    4    13   5    11   14   12   6    7    8    9    13   10   11   14   12   
2          2.9717682020802375E-4  166.71895424836586     13         9    1    11   2    3    10   4    13   12   9    5    11   6    7    10   8    13   12   
1          1.4858841010401187E-4  164.25490196078414     14         11   1    2    14   3    4    12   5    13   11   6    7    14   8    9    12   10   13   
1          1.4858841010401187E-4  163.24183006535912     16         1    2    15   16   3    4    5    6    7    8    9    15   16   10   11   12   13   14   
1          1.4858841010401187E-4  162.27450980392143     13         9    1    11   13   2    3    10   4    12   9    5    11   13   6    7    10   8    12   
1          1.4858841010401187E-4  161.0915032679738      15         13   1    14   2    3    4    5    6    15   13   7    14   8    9    10   11   12   15   
1          1.4858841010401187E-4  160.8496732026143      13         9    1    11   13   2    10   3    4    12   9    5    11   13   6    10   7    8    12   
1          1.4858841010401187E-4  158.68627450980387     10         4    6    1    9    2    7    5    10   8    4    6    3    9    10   7    5    10   8    
2          2.9717682020802375E-4  155.99999999999974     10         1    6    8    9    10   7    5    10   2    3    6    8    9    10   7    5    10   4    
3          4.4576523031203565E-4  154.0915032679736      8          1    3    5    7    8    4    2    8    6    1    3    5    7    8    4    2    8    6    
1          1.4858841010401187E-4  152.07843137254892     15         13   14   1    15   2    3    4    5    6    13   14   7    15   8    9    10   11   12   
1          1.4858841010401187E-4  151.02614379084957     13         1    10   11   2    12   3    9    13   4    5    10   11   6    12   7    9    13   8    
1          1.4858841010401187E-4  150.9084967320259      10         5    7    1    2    10   8    6    10   9    5    7    3    4    10   8    6    10   9    
2          2.9717682020802375E-4  150.26143790849656     14         11   1    13   2    3    12   4    14   5    11   6    13   7    8    12   9    14   10   
1          1.4858841010401187E-4  149.6797385620912      9          3    5    6    8    9    1    4    9    7    3    5    6    8    9    2    4    9    7    
2          2.9717682020802375E-4  148.26143790849665     13         9    11   1    12   2    3    10   13   4    9    11   5    12   6    7    10   13   8    
2          2.9717682020802375E-4  146.60130718954233     14         11   12   1    2    3    13   4    14   5    11   12   6    7    8    13   9    14   10   
1          1.4858841010401187E-4  144.52287581699332     14         11   1    2    3    4    12   5    14   13   11   6    7    8    9    12   10   14   13   
1          1.4858841010401187E-4  142.87581699346396     10         4    5    7    8    9    6    4    10   1    4    5    7    8    9    6    2    10   3    
2          2.9717682020802375E-4  142.64705882352925     13         9    1    11   12   2    10   3    13   4    9    5    11   12   6    10   7    13   8    
1          1.4858841010401187E-4  140.26797385620904     11         1    6    7    9    10   2    5    11   8    5    6    7    9    10   3    4    11   8    
2          2.9717682020802375E-4  138.87581699346399     10         4    1    6    8    9    5    4    10   7    4    2    6    8    9    5    3    10   7    
1          1.4858841010401187E-4  136.84967320261424     12         1    9    2    3    4    10   8    12   11   8    9    5    6    7    10   8    12   11   
1          1.4858841010401187E-4  136.2156862745097      10         4    5    1    8    9    6    2    10   7    4    5    3    8    9    6    4    10   7    
1          1.4858841010401187E-4  135.30718954248348     13         9    1    2    11   12   3    4    13   10   5    6    7    11   12   8    9    13   10   
2          2.9717682020802375E-4  134.76470588235279     15         1    2    3    4    5    14   13   15   6    7    8    9    10   11   14   13   15   12   
1          1.4858841010401187E-4  132.72549019607828     16         1    15   2    3    4    5    6    7    16   8    15   9    10   11   12   13   14   16   
2          2.9717682020802375E-4  130.20261437908476     10         5    6    1    9    10   7    5    2    8    5    6    3    9    10   7    5    4    8    
1          1.4858841010401187E-4  129.267973856209       11         6    1    2    9    10   7    6    11   8    6    3    4    9    10   7    5    11   8    
1          1.4858841010401187E-4  129.1437908496731      13         9    10   12   1    2    11   3    13   4    9    10   12   5    6    11   7    13   8    
1          1.4858841010401187E-4  125.54901960784296     11         1    7    9    2    11   8    3    11   10   4    7    9    5    11   8    6    11   10   
1          1.4858841010401187E-4  123.97385620915016     10         1    6    8    2    10   7    5    10   9    5    6    8    3    10   7    4    10   9    
1          1.4858841010401187E-4  123.1633986928103      13         1    2    3    12   4    10   5    13   11   9    6    7    12   8    10   9    13   11   
1          1.4858841010401187E-4  121.83006535947705     8          1    3    5    7    8    4    1    8    6    2    3    5    7    8    4    2    8    6    
1          1.4858841010401187E-4  121.30065359477109     10         5    6    8    9    10   7    5    10   1    2    6    8    9    10   7    3    10   4    
2          2.9717682020802375E-4  119.85620915032663     9          1    4    6    8    9    5    3    9    7    2    4    6    8    9    5    3    9    7    
1          1.4858841010401187E-4  119.75816993464039     7          1    2    4    6    7    3    1    7    5    1    2    4    6    7    3    1    7    5    
1          1.4858841010401187E-4  117.07189542483651     10         1    5    7    9    2    6    4    3    8    4    5    7    9    10   6    4    10   8    
1          1.4858841010401187E-4  116.830065359477       9          1    5    2    8    9    6    4    9    7    4    5    3    8    9    6    4    9    7    
1          1.4858841010401187E-4  116.40522875816971     9          1    4    6    8    9    5    2    9    7    3    4    6    8    9    5    3    9    7    
2          2.9717682020802375E-4  115.73856209150308     14         1    2    3    13   14   4    11   5    12   6    7    8    13   14   9    11   10   12   
1          1.4858841010401187E-4  115.45751633986907     11         1    7    9    10   2    8    6    11   3    4    7    9    10   11   8    6    11   5    
1          1.4858841010401187E-4  114.29411764705867     10         1    2    7    9    10   6    3    10   8    5    4    7    9    10   6    5    10   8    
1          1.4858841010401187E-4  113.81699346405216     16         1    2    3    4    5    16   15   6    7    8    9    10   11   12   16   15   13   14   
1          1.4858841010401187E-4  113.12418300653584     13         9    10   1    2    13   11   3    4    12   9    10   5    6    13   11   7    8    12   
2          2.9717682020802375E-4  111.73202614379072     11         5    1    7    9    10   6    2    11   8    3    4    7    9    10   6    5    11   8    
1          1.4858841010401187E-4  109.4183006535946      10         3    5    7    9    10   6    3    1    8    4    5    7    9    10   6    4    2    8    
1          1.4858841010401187E-4  108.89542483660124     15         13   15   1    2    3    4    14   5    6    13   15   7    8    9    10   14   11   12   
2          2.9717682020802375E-4  108.24836601307179     14         11   1    2    13   3    12   4    14   5    11   6    7    13   8    12   9    14   10   
1          1.4858841010401187E-4  105.5424836601306      13         10   11   1    13   2    12   10   3    4    10   11   5    13   6    12   7    8    9    
1          1.4858841010401187E-4  103.68627450980378     10         5    6    1    9    2    7    5    10   8    5    6    3    9    4    7    5    10   8    
3          4.4576523031203565E-4  102.66013071895408     9          3    4    6    8    9    5    3    1    7    3    4    6    8    9    5    3    2    7    
1          1.4858841010401187E-4  101.11111111111099     12         1    2    3    10   11   8    4    12   9    7    5    6    10   11   8    7    12   9    
1          1.4858841010401187E-4  99.43790849673192      15         1    2    3    4    5    14   13   6    15   7    8    9    10   11   14   13   12   15   
1          1.4858841010401187E-4  99.19607843137244      14         1    2    13   14   3    4    12   5    6    12   7    13   14   8    9    12   10   11   
1          1.4858841010401187E-4  98.51633986928091      16         1    2    3    4    5    15   6    7    16   8    9    10   11   12   15   13   14   16   
4          5.943536404160475E-4   96.97385620915026      10         4    5    7    9    1    6    4    10   8    2    5    7    9    3    6    4    10   8    
1          1.4858841010401187E-4  93.65359477124177      13         9    1    2    13   3    11   10   4    12   9    5    6    13   7    11   10   8    12   
1          1.4858841010401187E-4  91.79084967320254      14         12   13   1    2    3    4    12   5    14   6    13   7    8    9    10   12   11   14   
1          1.4858841010401187E-4  90.96732026143783      13         10   11   1    2    3    12   10   4    13   5    11   6    7    8    12   10   9    13   
1          1.4858841010401187E-4  90.68627450980382      16         1    16   2    3    4    5    15   6    7    8    16   9    10   11   12   15   13   14   
1          1.4858841010401187E-4  89.72549019607833      10         3    4    6    8    9    5    1    10   7    2    4    6    8    9    5    3    10   7    
1          1.4858841010401187E-4  88.88235294117638      13         9    1    11   2    13   10   3    4    12   9    5    11   6    13   10   7    8    12   
3          4.4576523031203565E-4  87.95424836601295      14         1    12   2    13   14   3    11   4    5    6    12   7    13   14   8    11   9    10   
1          1.4858841010401187E-4  84.73202614379076      15         1    2    3    4    15   5    13   6    14   7    8    9    10   15   11   13   12   14   
1          1.4858841010401187E-4  83.87581699346397      17         17   1    2    3    4    5    6    7    8    17   9    10   11   12   13   14   15   16   
1          1.4858841010401187E-4  83.00653594771235      15         1    2    3    14   4    5    6    15   13   7    8    9    14   10   11   12   15   13   
3          4.4576523031203565E-4  81.27450980392152      10         4    6    1    9    2    7    5    10   8    4    6    8    9    3    7    5    10   8    
1          1.4858841010401187E-4  78.50980392156853      10         4    5    1    8    9    6    2    10   7    4    5    7    8    9    6    3    10   7    
1          1.4858841010401187E-4  78.02614379084962      12         7    8    1    11   12   9    2    3    10   7    8    10   11   12   9    4    5    6    
1          1.4858841010401187E-4  77.35294117647051      14         11   12   1    2    3    13   4    5    14   11   12   6    7    8    13   9    10   14   
1          1.4858841010401187E-4  76.21568627450972      13         9    1    2    3    13   11   10   4    12   9    5    6    7    13   11   10   8    12   
1          1.4858841010401187E-4  75.26797385620908      15         13   1    2    3    4    14   5    6    15   13   7    8    9    10   14   11   12   15   
1          1.4858841010401187E-4  74.42483660130713      11         1    6    8    9    10   7    5    11   2    5    6    8    9    10   7    3    11   4    
2          2.9717682020802375E-4  73.60784313725486      12         7    8    9    10   11   1    2    12   3    7    8    9    10   11   4    5    12   6    
1          1.4858841010401187E-4  71.45098039215681      14         11   1    2    14   3    12   4    5    13   11   6    7    14   8    12   9    10   13   
2          2.9717682020802375E-4  70.79084967320256      14         1    11   2    3    13   12   4    14   5    6    11   7    8    13   12   9    14   10   
2          2.9717682020802375E-4  68.6013071895424       15         1    13   14   15   2    3    4    5    6    7    13   14   15   8    9    10   11   12   
1          1.4858841010401187E-4  66.75816993464045      13         1    2    10   3    12   9    4    13   11   5    6    10   7    12   9    8    13   11   
3          4.4576523031203565E-4  65.67973856209146      14         1    2    13   3    4    12   11   14   5    6    7    13   8    9    12   11   14   10   
1          1.4858841010401187E-4  62.692810457516295     14         11   13   1    2    14   3    12   4    5    11   13   6    7    14   8    12   9    10   
2          2.9717682020802375E-4  61.71895424836597      12         7    9    11   1    2    10   8    3    12   7    9    11   4    5    10   8    6    12   
2          2.9717682020802375E-4  59.82352941176467      12         7    9    1    2    12   10   8    3    11   7    9    4    5    12   10   8    6    11   
1          1.4858841010401187E-4  57.90196078431369      14         1    12   2    3    14   13   11   4    5    6    12   7    8    14   13   11   9    10   
1          1.4858841010401187E-4  56.4771241830065       12         8    9    11   1    2    10   8    3    12   8    9    11   4    5    10   6    7    12   
2          2.9717682020802375E-4  55.76470588235291      10         4    5    1    8    9    6    4    10   7    4    5    2    8    9    6    3    10   7    
1          1.4858841010401187E-4  53.73856209150323      12         8    1    10   11   2    9    8    12   3    8    4    10   11   5    9    6    12   7    
3          4.4576523031203565E-4  52.92156862745095      10         4    5    7    8    9    6    1    10   2    4    5    7    8    9    6    4    10   3    
1          1.4858841010401187E-4  50.01307189542481      10         3    5    7    8    9    6    3    10   1    4    5    7    8    9    6    4    10   2    
2          2.9717682020802375E-4  49.32026143790847      15         1    2    13   14   15   3    4    5    6    7    8    13   14   15   9    10   11   12   
1          1.4858841010401187E-4  47.228758169934615     13         9    11   1    13   2    3    10   4    12   9    11   5    13   6    7    10   8    12   
1          1.4858841010401187E-4  46.346405228758144     15         13   14   1    2    3    15   4    5    6    13   14   7    8    9    15   10   11   12   
1          1.4858841010401187E-4  45.26143790849672      12         1    8    2    11   12   9    3    4    10   7    8    5    11   12   9    7    6    10   
2          2.9717682020802375E-4  44.31372549019606      12         1    8    2    11   3    9    4    12   10   7    8    5    11   6    9    7    12   10   
1          1.4858841010401187E-4  42.16993464052286      11         6    1    2    9    10   7    3    11   8    6    4    5    9    10   7    6    11   8    
1          1.4858841010401187E-4  41.281045751633975     9          1    3    5    7    8    4    2    9    6    2    3    5    7    8    4    1    9    6    
1          1.4858841010401187E-4  40.55555555555554      17         1    2    17   3    4    5    6    7    8    9    10   17   11   12   13   14   15   16   
1          1.4858841010401187E-4  39.55555555555555      13         9    1    11   12   2    10   9    13   3    4    5    11   12   6    10   7    13   8    
3          4.4576523031203565E-4  38.45098039215686      10         4    5    7    8    9    6    4    10   1    2    5    7    8    9    6    4    10   3    
1          1.4858841010401187E-4  35.41176470588235      12         8    9    10   11   1    2    8    12   3    4    9    10   11   5    6    8    12   7    
1          1.4858841010401187E-4  34.59477124183006      12         7    8    9    11   1    2    3    12   10   4    8    9    11   5    6    7    12   10   
2          2.9717682020802375E-4  33.908496732026144     14         11   1    2    13   14   12   3    4    5    11   6    7    13   14   12   8    9    10   
1          1.4858841010401187E-4  31.522875816993466     10         1    5    2    8    9    6    4    10   7    3    5    7    8    9    6    4    10   7    
1          1.4858841010401187E-4  30.928104575163403     14         11   12   14   1    2    13   3    4    5    11   12   14   6    7    13   8    9    10   
1          1.4858841010401187E-4  30.065359477124186     15         13   1    2    3    14   4    5    15   6    13   7    8    9    14   10   11   15   12   
1          1.4858841010401187E-4  29.01307189542484      15         1    2    14   3    15   13   4    5    6    7    8    14   9    15   13   10   11   12   
1          1.4858841010401187E-4  28.01960784313726      16         1    15   2    3    4    16   5    6    7    8    15   9    10   11   16   12   13   14   
2          2.9717682020802375E-4  27.04575163398693      12         7    8    1    11   12   9    2    3    10   7    8    4    11   12   9    5    6    10   
1          1.4858841010401187E-4  25.08496732026144      13         1    10   12   2    13   11   9    3    4    5    10   12   6    13   11   9    7    8    
1          1.4858841010401187E-4  24.20261437908497      13         9    10   1    2    12   3    4    13   11   9    10   5    6    12   7    8    13   11   
1          1.4858841010401187E-4  23.176470588235297     13         9    1    2    12   13   3    10   4    11   9    5    6    12   13   7    10   8    11   
1          1.4858841010401187E-4  22.183006535947715     16         1    2    3    16   4    15   5    6    7    8    9    10   16   11   15   12   13   14   
1          1.4858841010401187E-4  21.18300653594771      14         11   1    2    14   3    13   12   4    5    11   6    7    14   8    13   12   9    10   
1          1.4858841010401187E-4  20.248366013071898     12         7    8    1    2    11   9    7    12   10   3    8    4    5    11   9    6    12   10   
2          2.9717682020802375E-4  19.196078431372552     10         4    5    7    1    9    6    4    10   8    4    5    7    2    9    6    3    10   8    
1          1.4858841010401187E-4  17.457516339869283     12         7    1    9    10   11   2    8    12   3    7    4    9    10   11   5    8    12   6    
1          1.4858841010401187E-4  16.50326797385621      15         1    14   2    3    4    5    13   15   6    7    14   8    9    10   11   13   15   12   
2          2.9717682020802375E-4  15.516339869281047     14         11   1    13   2    3    4    12   14   5    11   6    13   7    8    9    12   14   10   
1          1.4858841010401187E-4  13.555555555555557     14         1    2    12   3    13   4    11   14   5    6    7    12   8    13   9    11   14   10   
1          1.4858841010401187E-4  12.549019607843139     15         1    13   14   2    3    4    5    15   6    7    13   14   8    9    10   11   15   12   
1          1.4858841010401187E-4  11.496732026143793     12         1    9    10   11   2    3    8    12   4    8    9    10   11   5    6    8    12   7    
1          1.4858841010401187E-4  10.640522875816995     13         1    2    3    12   4    10   9    13   11   9    5    6    12   7    10   8    13   11   
1          1.4858841010401187E-4  9.640522875816995      16         1    15   2    3    4    5    6    16   7    8    15   9    10   11   12   13   16   14   
1          1.4858841010401187E-4  8.705882352941176      14         11   1    2    13   3    4    5    14   12   11   6    7    13   8    9    10   14   12   
1          1.4858841010401187E-4  7.7058823529411775     11         6    7    1    2    10   8    6    11   9    3    7    4    5    10   8    6    11   9    
1          1.4858841010401187E-4  6.7058823529411775     11         1    7    2    3    10   8    6    11   9    6    7    4    5    10   8    6    11   9    
1          1.4858841010401187E-4  5.77124183006536       12         1    2    3    11   12   9    8    4    10   8    5    6    11   12   9    8    7    10   
1          1.4858841010401187E-4  4.830065359477125      13         10   1    2    12   3    4    10   13   11   5    6    7    12   8    9    10   13   11   
1          1.4858841010401187E-4  3.908496732026144      14         11   1    12   14   2    3    4    5    13   11   6    12   14   7    8    9    10   13   
1          1.4858841010401187E-4  2.928104575163399      15         13   1    2    3    15   14   4    5    6    13   7    8    9    15   14   10   11   12   
1          1.4858841010401187E-4  1.954248366013072      14         11   1    12   2    13   3    4    14   5    11   6    12   7    13   8    9    14   10   
1          1.4858841010401187E-4  1.0                    12         8    1    9    11   12   2    8    3    10   4    5    9    11   12   6    8    7    10   

