count      fraction               similarity             nclusters  e1--0 d1--0 z1--0 y1--0 x1--0 d2--0 e2--0 x2--0 z2--0 e1--1 d1--1 z1--1 y1--1 x1--1 d2--1 e2--1 x2--1 z2--1 
3211       0.4771173848439822     3840.4901960784814     4          1    1    2    3    4    1    1    4    2    1    1    2    3    4    1    1    4    2    
2606       0.387221396731055      2842.0196078431454     5          1    2    3    4    5    2    1    5    3    1    2    3    4    5    2    1    5    3    
654        0.09717682020802378    663.2679738562092      3          1    1    2    2    3    1    1    3    2    1    1    2    2    3    1    1    3    2    
210        0.031203566121842496   244.11764705882328     4          1    2    3    3    4    2    1    4    3    1    2    3    3    4    2    1    4    3    
25         0.003714710252600297   37.36601307189542      6          1    2    3    4    5    2    1    6    3    1    2    3    4    5    2    1    6    3    
9          0.001337295690936107   12.836601307189543     6          1    2    3    5    6    2    1    6    4    1    2    3    5    6    2    1    6    4    
2          2.9717682020802375E-4  8.633986928104575      5          1    1    2    4    5    1    1    5    3    1    1    2    4    5    1    1    5    3    
7          0.0010401188707280832  7.947712418300654      5          1    1    2    3    4    1    1    5    2    1    1    2    3    4    1    1    5    2    
3          4.4576523031203565E-4  3.928104575163399      6          1    3    4    5    6    3    2    6    4    2    3    4    5    6    3    2    6    4    
1          1.4858841010401187E-4  1.0                    2          1    1    2    2    2    1    1    2    2    1    1    2    2    2    1    1    2    2    
1          1.4858841010401187E-4  1.0                    4          1    1    2    2    3    1    1    4    2    1    1    2    2    3    1    1    4    2    
1          1.4858841010401187E-4  1.0                    7          1    2    3    5    6    2    1    7    4    1    2    3    5    6    2    1    7    4    

