count      fraction               similarity             nclusters  e1--0 d1--0 z1--0 y1--0 x1--0 d2--0 e2--0 x2--0 z2--0 e1--1 d1--1 z1--1 y1--1 x1--1 d2--1 e2--1 x2--1 z2--1 
403        0.05988112927191679    6443.607843137407      8          1    3    5    7    8    4    2    8    6    1    3    5    7    8    4    2    8    6    
1782       0.2647845468053492     6183.183006536142      9          1    3    5    7    8    4    2    9    6    1    3    5    7    8    4    2    9    6    
652        0.09687964338781575    4273.973856209276      10         1    4    6    8    9    5    3    10   7    2    4    6    8    9    5    3    10   7    
130        0.019316493313521546   4215.176470588324      7          1    2    4    6    7    3    1    7    5    1    2    4    6    7    3    1    7    5    
67         0.009955423476968796   3535.712418300743      7          1    3    4    5    6    3    2    7    4    1    3    4    5    6    3    2    7    4    
334        0.04962852897473997    3507.104575163494      8          1    3    5    6    7    4    2    8    5    1    3    5    6    7    4    2    8    5    
1          1.4858841010401187E-4  3454.405228758223      9          3    4    5    7    8    4    1    9    6    3    4    5    7    8    4    2    9    6    
113        0.016790490341753343   3218.7189542484543     10         3    5    1    8    9    6    4    10   7    3    5    2    8    9    6    4    10   7    
111        0.01649331352154532    3056.352941176523      9          1    4    6    8    9    5    3    9    7    2    4    6    8    9    5    3    9    7    
682        0.10133729569093611    2993.333333333366      8          1    2    4    6    7    3    1    8    5    1    2    4    6    7    3    1    8    5    
25         0.003714710252600297   2950.34640522875       8          2    3    5    7    8    4    2    8    6    1    3    5    7    8    4    2    8    6    
217        0.03224368499257058    2290.647058823512      9          1    3    5    7    8    4    2    9    6    2    3    5    7    8    4    2    9    6    
46         0.006835066864784547   2288.901960784301      8          1    3    5    7    8    4    2    8    6    2    3    5    7    8    4    2    8    6    
34         0.005052005943536404   2056.30065359476       8          1    3    4    6    7    3    2    8    5    2    3    4    6    7    3    2    8    5    
9          0.001337295690936107   2004.0653594771152     9          3    4    6    7    8    5    3    9    1    3    4    6    7    8    5    3    9    2    
150        0.022288261515601784   1919.3921568627416     7          1    2    4    5    6    3    1    7    4    1    2    4    5    6    3    1    7    4    
54         0.008023774145616641   1848.130718954253      7          1    3    4    6    7    3    2    7    5    1    3    4    6    7    3    2    7    5    
1          1.4858841010401187E-4  1819.3398692810365     8          2    4    5    6    7    4    3    8    5    2    4    1    6    7    4    3    8    5    
92         0.013670133729569094   1800.3006535947698     9          1    4    5    7    8    4    3    9    6    2    4    5    7    8    4    3    9    6    
11         0.0016344725111441308  1690.366013071892      9          3    5    1    7    8    5    4    9    6    3    5    2    7    8    5    4    9    6    
269        0.039970282317979194   1673.1111111111086     8          1    3    4    6    7    3    2    8    5    1    3    4    6    7    3    2    8    5    
29         0.004309063893016345   1558.215686274503      8          1    4    6    7    8    5    3    8    6    2    4    6    7    8    5    3    8    6    
84         0.012481426448737      1346.2745098039236     9          1    4    6    7    8    5    3    9    6    2    4    6    7    8    5    3    9    6    
126        0.018722139673105497   1275.7908496732039     7          1    2    3    5    6    2    1    7    4    1    2    3    5    6    2    1    7    4    
73         0.010846953937592867   1274.0196078431384     7          1    3    5    6    7    4    2    7    5    1    3    5    6    7    4    2    7    5    
5          7.429420505200594E-4   1229.1568627451015     7          1    4    5    6    7    4    3    7    5    2    4    5    6    7    4    3    7    5    
2          2.9717682020802375E-4  1143.3333333333348     11         1    2    7    9    10   6    5    11   8    3    4    7    9    10   6    5    11   8    
28         0.004160475482912333   1133.8692810457583     8          1    4    5    7    8    4    3    8    6    2    4    5    7    8    4    3    8    6    
141        0.020950965824665675   1132.3921568627459     10         3    5    7    9    1    6    4    10   8    3    5    7    9    2    6    4    10   8    
11         0.0016344725111441308  1112.5424836601278     8          3    4    5    7    1    4    3    8    6    3    4    5    7    2    4    3    8    6    
64         0.00950965824665676    996.5490196078471      11         1    6    8    10   2    7    5    11   9    3    6    8    10   4    7    5    11   9    
32         0.00475482912332838    879.9411764705889      9          3    4    1    7    8    5    3    9    6    3    4    2    7    8    5    3    9    6    
43         0.006389301634472511   866.8496732026161      6          1    2    4    5    6    3    1    6    4    1    2    4    5    6    3    1    6    4    
5          7.429420505200594E-4   862.3921568627441      10         1    6    2    9    10   7    5    10   8    3    6    4    9    10   7    5    10   8    
15         0.002228826151560178   832.5032679738509      8          2    3    5    6    7    4    2    8    5    1    3    5    6    7    4    2    8    5    
8          0.001188707280832095   804.732026143785       7          1    3    4    5    6    3    2    7    4    2    3    4    5    6    3    2    7    4    
49         0.007280832095096583   804.0392156862736      9          3    4    6    8    1    5    3    9    7    3    4    6    8    2    5    3    9    7    
1          1.4858841010401187E-4  799.3594771241809      9          1    5    6    8    9    5    2    9    7    3    5    6    8    9    5    4    9    7    
9          0.001337295690936107   788.2222222222164      7          1    3    4    6    7    3    2    7    5    2    3    4    6    7    3    2    7    5    
2          2.9717682020802375E-4  747.8039215686239      7          3    4    5    6    1    4    3    7    5    3    4    5    6    2    4    3    7    5    
86         0.012778603268945022   742.1699346405192      9          2    3    5    7    8    4    2    9    6    1    3    5    7    8    4    2    9    6    
20         0.0029717682020802376  741.0653594771228      9          3    5    7    8    1    6    4    9    7    3    5    7    8    2    6    4    9    7    
2          2.9717682020802375E-4  731.0653594771244      10         4    5    7    8    9    6    4    10   1    2    5    7    8    9    6    4    10   3    
10         0.0014858841010401188  723.0980392156873      10         1    6    8    9    2    7    5    10   8    3    6    8    9    4    7    5    10   8    
2          2.9717682020802375E-4  655.7647058823535      10         3    5    7    1    9    6    4    10   8    3    5    7    2    9    6    4    10   8    
38         0.005646359583952452   646.4509803921569      10         3    4    6    8    9    5    1    10   7    3    4    6    8    9    5    2    10   7    
24         0.003566121842496285   610.43790849673        10         1    5    7    9    2    6    4    10   8    4    5    7    9    3    6    4    10   8    
25         0.003714710252600297   589.3071895424835      11         1    5    7    9    10   6    2    11   8    3    5    7    9    10   6    4    11   8    
1          1.4858841010401187E-4  586.9934640522854      6          2    3    4    5    6    3    2    6    4    1    3    4    5    6    3    2    6    4    
1          1.4858841010401187E-4  585.9542483660119      8          3    5    6    7    8    1    4    8    6    3    5    6    7    8    2    4    8    6    
8          0.001188707280832095   558.5816993464044      10         3    5    6    8    9    1    4    10   7    3    5    6    8    9    2    4    10   7    
1          1.4858841010401187E-4  557.3333333333334      11         5    1    2    9    10   7    6    11   8    5    3    4    9    10   7    6    11   8    
9          0.001337295690936107   553.0849673202604      6          1    3    4    5    6    3    2    6    4    1    3    4    5    6    3    2    6    4    
12         0.0017830609212481426  530.2549019607817      5          1    2    3    4    5    2    1    5    3    1    2    3    4    5    2    1    5    3    
14         0.0020802377414561664  514.9738562091496      8          2    3    4    6    7    3    2    8    5    1    3    4    6    7    3    2    8    5    
25         0.003714710252600297   514.8431372549009      6          1    2    3    5    6    2    1    6    4    1    2    3    5    6    2    1    6    4    
17         0.002526002971768202   499.1307189542476      8          1    4    5    6    7    4    3    8    5    2    4    5    6    7    4    3    8    5    
2          2.9717682020802375E-4  495.78431372548886     11         5    7    9    10   1    8    6    11   2    5    7    9    10   3    8    6    11   4    
34         0.005052005943536404   493.2875816993452      11         1    6    2    9    10   7    5    11   8    3    6    4    9    10   7    5    11   8    
5          7.429420505200594E-4   489.81699346405077     9          3    4    6    7    8    5    1    9    6    3    4    6    7    8    5    2    9    6    
2          2.9717682020802375E-4  487.836601307189       10         5    6    1    8    9    7    5    10   2    5    6    3    8    9    7    5    10   4    
1          1.4858841010401187E-4  486.9346405228743      9          1    5    6    7    8    5    4    9    6    2    5    6    7    8    5    4    9    3    
1          1.4858841010401187E-4  472.5228758169921      10         4    6    1    9    2    7    5    10   8    4    6    3    9    10   7    5    10   8    
2          2.9717682020802375E-4  426.1437908496716      10         1    5    6    8    9    5    2    10   7    3    5    6    8    9    5    4    10   7    
3          4.4576523031203565E-4  424.4117647058812      10         1    6    8    9    10   7    5    10   2    3    6    8    9    10   7    5    10   4    
1          1.4858841010401187E-4  422.2483660130707      12         1    7    9    10   11   8    2    12   3    4    7    9    10   11   8    5    12   6    
1          1.4858841010401187E-4  421.3529411764695      8          3    4    5    7    8    4    1    8    6    3    4    5    7    8    4    2    8    6    
2          2.9717682020802375E-4  414.86928104575105     9          1    5    7    8    2    6    4    9    7    4    5    7    8    3    6    4    9    7    
45         0.006686478454680535   413.0980392156848      8          1    3    5    6    7    4    2    8    5    2    3    5    6    7    4    2    8    5    
3          4.4576523031203565E-4  399.83660130718846     9          1    6    2    8    9    6    5    9    7    3    6    4    8    9    6    5    9    7    
24         0.003566121842496285   396.52287581699306     6          1    2    3    4    5    2    1    6    3    1    2    3    4    5    2    1    6    3    
3          4.4576523031203565E-4  381.104575163398       10         1    4    6    8    9    5    2    10   7    3    4    6    8    9    5    3    10   7    
11         0.0016344725111441308  375.647058823529       12         1    8    2    11   3    9    7    12   10   4    8    5    11   6    9    7    12   10   
1          1.4858841010401187E-4  366.5294117647048      11         1    6    8    2    10   7    5    11   9    3    6    8    4    10   7    5    11   9    
12         0.0017830609212481426  364.49019607843064     10         1    5    2    8    9    6    4    10   7    4    5    3    8    9    6    4    10   7    
1          1.4858841010401187E-4  360.9999999999996      11         6    7    1    9    10   8    6    11   2    3    7    4    9    10   8    6    11   5    
2          2.9717682020802375E-4  351.03921568627374     10         1    5    6    8    9    2    4    10   7    4    5    6    8    9    3    4    10   7    
1          1.4858841010401187E-4  350.6666666666658      10         1    7    2    9    10   7    3    10   8    4    7    5    9    10   7    6    10   8    
8          0.001188707280832095   347.0653594771233      10         4    5    7    9    1    6    4    10   8    2    5    7    9    3    6    4    10   8    
1          1.4858841010401187E-4  335.28758169934576     11         5    7    8    10   1    2    6    11   9    5    7    8    10   3    4    6    11   9    
15         0.002228826151560178   333.3071895424833      9          3    5    1    8    9    6    4    9    7    3    5    2    8    9    6    4    9    7    
4          5.943536404160475E-4   331.9084967320252      9          1    5    6    8    2    5    4    9    7    4    5    6    8    3    5    4    9    7    
17         0.002526002971768202   309.8039215686271      9          3    5    6    8    1    5    4    9    7    3    5    6    8    2    5    4    9    7    
7          0.0010401188707280832  299.86928104575117     10         1    6    2    8    9    6    5    10   7    3    6    4    8    9    6    5    10   7    
14         0.0020802377414561664  293.7450980392155      10         4    5    1    8    9    6    4    10   7    2    5    3    8    9    6    4    10   7    
3          4.4576523031203565E-4  292.39869281045696     9          3    5    6    7    8    5    4    9    1    3    5    6    7    8    5    4    9    2    
1          1.4858841010401187E-4  289.71895424836526     8          2    4    6    7    8    5    3    8    6    2    4    6    7    1    5    3    8    6    
2          2.9717682020802375E-4  282.39215686274474     9          3    4    1    7    8    5    3    9    6    2    4    6    7    8    5    3    9    6    
5          7.429420505200594E-4   278.50980392156805     8          2    3    1    6    7    4    2    8    5    2    3    5    6    7    4    2    8    5    
8          0.001188707280832095   273.9542483660125      11         5    7    1    10   2    8    6    11   9    5    7    3    10   4    8    6    11   9    
12         0.0017830609212481426  269.928104575163       11         1    6    8    9    10   7    5    11   2    3    6    8    9    10   7    5    11   4    
1          1.4858841010401187E-4  265.8758169934637      10         1    6    7    8    9    6    5    10   2    3    6    7    8    9    6    5    10   4    
2          2.9717682020802375E-4  256.0392156862742      10         1    5    7    8    9    6    4    10   2    4    5    7    8    9    6    4    10   3    
1          1.4858841010401187E-4  255.05228758169895     9          2    4    6    8    9    5    3    9    7    2    4    6    8    1    5    3    9    7    
4          5.943536404160475E-4   251.2287581699339      10         3    5    7    9    10   6    4    1    8    3    5    7    9    10   6    4    2    8    
2          2.9717682020802375E-4  247.3006535947708      11         5    6    1    9    10   7    2    11   8    5    6    3    9    10   7    4    11   8    
4          5.943536404160475E-4   240.26797385620884     9          3    5    7    8    9    6    4    9    1    3    5    7    8    9    6    4    9    2    
6          8.915304606240713E-4   228.3202614379083      10         1    5    7    9    10   6    2    10   8    3    5    7    9    10   6    4    10   8    
2          2.9717682020802375E-4  226.56862745098005     9          1    2    6    7    8    5    4    9    6    4    3    6    7    8    5    4    9    6    
3          4.4576523031203565E-4  223.9346405228754      8          3    4    5    6    7    4    3    8    1    3    4    5    6    7    4    3    8    2    
1          1.4858841010401187E-4  223.4575163398688      8          1    4    5    6    7    4    3    8    5    3    4    5    6    7    4    2    8    5    
20         0.0029717682020802376  222.1568627450975      10         3    5    7    8    9    6    4    10   1    3    5    7    8    9    6    4    10   2    
9          0.001337295690936107   201.27450980392132     9          2    3    5    7    8    4    2    9    6    2    3    5    7    8    4    1    9    6    
8          0.001188707280832095   197.7973856209146      7          1    3    5    6    7    4    2    7    5    2    3    5    6    7    4    2    7    5    
1          1.4858841010401187E-4  197.20261437908493     8          1    5    6    7    2    5    4    8    6    4    5    6    7    3    5    4    8    6    
1          1.4858841010401187E-4  194.32679738562055     8          2    3    5    7    8    4    2    8    6    2    3    5    7    8    4    1    8    6    
1          1.4858841010401187E-4  192.16993464052265     9          2    3    5    7    8    4    1    9    6    2    3    5    7    8    4    2    9    6    
2          2.9717682020802375E-4  191.47058823529377     12         1    7    2    10   11   8    3    12   9    4    7    5    10   11   8    6    12   9    
1          1.4858841010401187E-4  187.3398692810455      9          3    1    5    7    8    4    3    9    6    3    2    5    7    8    4    3    9    6    
7          0.0010401188707280832  184.90849673202578     10         3    1    6    8    9    5    4    10   7    3    2    6    8    9    5    4    10   7    
1          1.4858841010401187E-4  181.6143790849672      10         1    6    8    9    10   7    5    2    8    3    6    8    9    10   7    5    4    8    
2          2.9717682020802375E-4  175.9150326797383      11         1    6    7    9    10   2    5    11   8    3    6    7    9    10   4    5    11   8    
4          5.943536404160475E-4   174.4313725490193      6          1    3    4    5    6    3    2    6    4    2    3    4    5    6    3    2    6    4    
1          1.4858841010401187E-4  172.75816993464028     11         5    7    1    9    10   2    6    11   8    5    7    3    9    10   4    6    11   8    
1          1.4858841010401187E-4  170.9019607843135      9          1    3    5    7    8    4    2    9    6    2    3    5    7    8    4    1    9    6    
2          2.9717682020802375E-4  169.63398692810438     9          1    5    2    8    9    6    4    9    7    4    5    3    8    9    6    4    9    7    
2          2.9717682020802375E-4  169.1307189542482      9          3    5    6    8    9    1    4    9    7    3    5    6    8    9    2    4    9    7    
5          7.429420505200594E-4   161.503267973856       8          3    4    1    7    8    5    3    8    6    3    4    2    7    8    5    3    8    6    
3          4.4576523031203565E-4  161.09150326797368     7          2    3    5    6    7    4    2    7    5    1    3    5    6    7    4    2    7    5    
2          2.9717682020802375E-4  157.91503267973846     11         1    8    2    10   3    8    7    11   9    4    8    5    10   6    8    7    11   9    
1          1.4858841010401187E-4  154.6993464052285      10         5    6    8    9    10   7    1    10   2    5    6    8    9    10   7    3    10   4    
1          1.4858841010401187E-4  154.24836601307166     10         5    6    1    9    10   7    2    10   8    5    6    3    9    10   7    4    10   8    
1          1.4858841010401187E-4  153.81699346405208     8          3    4    5    6    7    4    3    8    5    1    4    5    6    7    2    3    8    5    
1          1.4858841010401187E-4  149.83660130718943     8          2    4    1    7    8    5    3    8    6    2    4    6    7    8    5    3    8    6    
3          4.4576523031203565E-4  145.96078431372527     9          5    6    1    8    2    6    5    9    7    5    6    3    8    4    6    5    9    7    
6          8.915304606240713E-4   141.26797385620904     8          3    5    1    7    8    5    4    8    6    3    5    2    7    8    5    4    8    6    
2          2.9717682020802375E-4  140.86928104575128     10         1    5    7    8    9    6    4    10   7    2    5    3    8    9    6    4    10   7    
11         0.0016344725111441308  140.0522875816992      8          3    4    1    6    7    4    3    8    5    3    4    2    6    7    4    3    8    5    
1          1.4858841010401187E-4  138.09803921568613     11         6    7    1    10   2    8    6    11   9    3    7    4    10   5    8    6    11   9    
7          0.0010401188707280832  137.36601307189525     9          1    3    5    7    8    4    1    9    6    2    3    5    7    8    4    2    9    6    
1          1.4858841010401187E-4  136.06535947712408     9          3    4    6    1    8    5    3    9    7    3    4    6    2    8    5    3    9    7    
1          1.4858841010401187E-4  129.69934640522865     12         1    2    9    11   3    8    7    12   10   4    5    9    11   6    8    7    12   10   
2          2.9717682020802375E-4  128.54901960784298     11         1    6    8    10   11   7    5    2    9    3    6    8    10   11   7    5    4    9    
1          1.4858841010401187E-4  128.07843137254883     11         1    2    8    10   3    7    6    11   9    6    4    8    10   5    7    6    11   9    
4          5.943536404160475E-4   123.87581699346394     9          3    1    6    7    8    5    4    9    6    3    2    6    7    8    5    4    9    6    
1          1.4858841010401187E-4  122.60130718954238     10         1    5    7    9    10   6    4    10   8    2    5    7    9    3    6    4    10   8    
1          1.4858841010401187E-4  119.66666666666659     9          1    5    7    8    9    6    4    9    7    2    5    7    8    3    6    4    9    7    
2          2.9717682020802375E-4  119.1372549019607      9          1    5    7    8    2    6    4    9    7    3    5    7    8    9    6    4    9    7    
11         0.0016344725111441308  115.82352941176458     8          3    4    6    7    1    5    3    8    6    3    4    6    7    2    5    3    8    6    
2          2.9717682020802375E-4  104.5555555555554      9          1    4    6    8    2    5    3    9    7    3    4    6    8    9    5    3    9    7    
2          2.9717682020802375E-4  101.94117647058812     8          2    3    5    7    1    4    2    8    6    2    3    5    7    8    4    2    8    6    
2          2.9717682020802375E-4  101.06535947712408     8          1    3    5    7    8    4    1    8    6    2    3    5    7    8    4    2    8    6    
1          1.4858841010401187E-4  100.71241830065348     10         1    5    7    9    2    6    4    10   8    4    5    7    9    10   6    3    10   8    
2          2.9717682020802375E-4  98.47712418300642      10         3    4    6    8    9    5    3    10   7    1    4    6    8    9    5    2    10   7    
1          1.4858841010401187E-4  98.34640522875809      9          3    4    6    7    8    5    3    9    6    1    4    2    7    8    5    3    9    6    
1          1.4858841010401187E-4  98.32679738562075      8          1    4    6    7    2    5    3    8    6    3    4    6    7    8    5    3    8    6    
1          1.4858841010401187E-4  96.98692810457506      7          2    3    4    5    6    3    2    7    4    1    3    4    5    6    3    2    7    4    
1          1.4858841010401187E-4  96.22222222222213      11         5    6    1    9    10   7    5    11   8    2    6    3    9    10   7    4    11   8    
2          2.9717682020802375E-4  93.97385620915026      9          2    4    6    7    8    5    3    9    1    2    4    6    7    8    5    3    9    6    
1          1.4858841010401187E-4  92.85620915032666      10         1    2    6    8    9    5    4    10   7    4    3    6    8    9    5    4    10   7    
5          7.429420505200594E-4   92.61437908496724      10         1    5    7    9    2    6    4    10   8    3    5    7    9    10   6    4    10   8    
1          1.4858841010401187E-4  88.23529411764694      8          1    5    6    7    8    5    2    8    6    3    5    6    7    8    5    4    8    6    
3          4.4576523031203565E-4  87.33986928104565      11         1    7    2    10   3    8    6    11   9    6    7    4    10   5    8    6    11   9    
1          1.4858841010401187E-4  82.81045751633982      9          3    1    6    8    9    5    4    9    7    3    2    6    8    9    5    4    9    7    
1          1.4858841010401187E-4  82.62091503267966      8          2    3    5    7    8    4    2    8    6    2    3    5    7    1    4    2    8    6    
1          1.4858841010401187E-4  78.66013071895419      8          2    3    5    6    7    4    2    8    5    2    3    5    6    7    4    2    8    1    
3          4.4576523031203565E-4  77.96078431372543      8          3    5    6    7    1    5    4    8    6    3    5    6    7    2    5    4    8    6    
5          7.429420505200594E-4   74.66013071895418      9          3    4    6    8    9    5    1    9    7    3    4    6    8    9    5    2    9    7    
1          1.4858841010401187E-4  71.43137254901957      13         1    10   2    12   3    11   9    13   4    5    10   6    12   7    11   9    13   8    
3          4.4576523031203565E-4  70.33333333333326      8          3    4    6    7    8    5    1    8    6    3    4    6    7    8    5    2    8    6    
5          7.429420505200594E-4   67.84967320261435      11         5    6    8    10   1    7    2    11   9    5    6    8    10   3    7    4    11   9    
1          1.4858841010401187E-4  67.76470588235286      12         1    8    10   11   2    9    7    12   3    4    8    10   11   5    9    7    12   6    
1          1.4858841010401187E-4  66.67973856209147      10         1    2    7    9    10   6    5    10   8    3    4    7    9    10   6    5    10   8    
1          1.4858841010401187E-4  66.26797385620907      11         1    8    2    9    10   8    7    11   3    4    8    5    9    10   8    7    11   6    
1          1.4858841010401187E-4  61.928104575163324     10         3    4    6    8    9    5    1    10   7    2    4    6    8    9    5    3    10   7    
1          1.4858841010401187E-4  57.64705882352935      7          2    3    4    6    7    3    2    7    5    2    3    4    6    7    3    1    7    5    
1          1.4858841010401187E-4  56.679738562091494     9          1    5    6    8    2    5    4    9    7    3    5    6    8    9    5    4    9    7    
1          1.4858841010401187E-4  55.92810457516339      9          1    5    7    8    9    6    4    9    2    4    5    7    8    9    6    4    9    3    
6          8.915304606240713E-4   55.09150326797384      9          4    5    6    8    1    5    4    9    7    2    5    6    8    3    5    4    9    7    
3          4.4576523031203565E-4  51.06535947712417      9          3    4    6    8    1    5    3    9    7    2    4    6    8    9    5    3    9    7    
1          1.4858841010401187E-4  46.66013071895424      7          1    3    5    6    7    4    1    7    5    2    3    5    6    7    4    2    7    5    
1          1.4858841010401187E-4  46.64705882352937      8          1    4    6    7    8    5    2    8    6    3    4    6    7    8    5    3    8    6    
1          1.4858841010401187E-4  45.764705882352935     8          3    4    6    7    1    5    3    8    6    2    4    6    7    8    5    3    8    6    
3          4.4576523031203565E-4  44.647058823529406     10         5    7    1    9    2    7    6    10   8    5    7    3    9    4    7    6    10   8    
1          1.4858841010401187E-4  43.99346405228758      8          4    5    6    7    1    5    4    8    6    2    5    6    7    3    5    4    8    6    
2          2.9717682020802375E-4  42.54248366013071      10         1    6    7    9    2    6    5    10   8    3    6    7    9    4    6    5    10   8    
1          1.4858841010401187E-4  40.77124183006536      10         4    1    6    8    9    5    4    10   7    2    3    6    8    9    5    4    10   7    
1          1.4858841010401187E-4  40.47712418300654      12         1    9    11   12   2    10   3    4    11   5    9    11   12   6    10   7    8    11   
3          4.4576523031203565E-4  38.92156862745098      10         1    5    7    8    9    6    2    10   7    3    5    7    8    9    6    4    10   7    
1          1.4858841010401187E-4  35.712418300653596     9          4    5    7    8    1    6    4    9    7    2    5    7    8    3    6    4    9    7    
1          1.4858841010401187E-4  35.52287581699346      8          3    4    5    6    7    1    3    8    5    3    4    5    6    7    2    3    8    5    
4          5.943536404160475E-4   35.424836601307184     9          2    4    1    7    8    5    3    9    6    2    4    6    7    8    5    3    9    6    
1          1.4858841010401187E-4  30.189542483660137     8          2    4    1    6    7    4    3    8    5    2    4    5    6    7    4    3    8    5    
1          1.4858841010401187E-4  29.169934640522882     9          1    5    2    7    8    5    4    9    6    3    5    6    7    8    5    4    9    6    
1          1.4858841010401187E-4  28.47058823529412      11         1    7    2    10   3    8    6    11   9    4    7    9    10   5    8    6    11   9    
1          1.4858841010401187E-4  27.31372549019608      9          3    5    6    8    9    5    4    1    7    3    5    6    8    9    5    4    2    7    
1          1.4858841010401187E-4  26.718954248366014     12         1    8    2    10   11   9    7    12   3    4    8    5    10   11   9    7    12   6    
1          1.4858841010401187E-4  25.640522875817        9          3    4    6    8    9    5    3    1    7    3    4    6    8    9    5    3    2    7    
1          1.4858841010401187E-4  25.176470588235297     7          3    4    1    6    7    4    3    7    5    3    4    2    6    7    4    3    7    5    
1          1.4858841010401187E-4  22.86274509803922      10         5    1    2    8    9    6    5    10   7    5    3    4    8    9    6    5    10   7    
2          2.9717682020802375E-4  22.86274509803922      10         5    6    1    9    2    7    5    10   8    5    6    3    9    4    7    5    10   8    
1          1.4858841010401187E-4  22.01307189542484      10         1    4    6    8    9    5    3    10   7    3    4    6    8    9    5    2    10   7    
1          1.4858841010401187E-4  19.875816993464056     9          1    4    6    8    9    5    2    9    7    3    4    6    8    9    5    3    9    7    
1          1.4858841010401187E-4  19.03267973856209      10         4    5    7    9    1    6    4    10   8    4    5    7    9    2    6    3    10   8    
1          1.4858841010401187E-4  18.797385620915033     9          4    5    1    8    9    6    2    9    7    4    5    3    8    9    6    4    9    7    
1          1.4858841010401187E-4  16.705882352941178     7          2    3    5    6    7    4    2    7    5    2    3    5    6    7    4    2    7    1    
1          1.4858841010401187E-4  15.960784313725492     10         1    6    7    9    10   2    5    10   8    3    6    7    9    10   4    5    10   8    
2          2.9717682020802375E-4  15.300653594771244     11         5    7    1    9    10   8    6    11   2    5    7    3    9    10   8    6    11   4    
1          1.4858841010401187E-4  14.052287581699348     9          5    7    8    1    2    7    6    9    8    5    7    8    3    4    7    6    9    8    
1          1.4858841010401187E-4  13.300653594771243     9          2    4    6    7    8    5    3    9    6    2    4    1    7    8    5    3    9    6    
2          2.9717682020802375E-4  11.437908496732028     8          2    3    4    6    7    3    2    8    5    2    3    4    6    7    3    1    8    5    
1          1.4858841010401187E-4  9.4640522875817        8          1    3    4    6    7    3    1    8    5    2    3    4    6    7    3    2    8    5    
1          1.4858841010401187E-4  8.477124183006538      10         5    6    8    9    1    7    2    10   8    5    6    8    9    3    7    4    10   8    
1          1.4858841010401187E-4  7.6339869281045765     12         1    7    9    11   2    8    3    12   10   4    7    9    11   5    8    6    12   10   
1          1.4858841010401187E-4  7.529411764705883      9          1    6    8    2    9    7    5    9    8    3    6    8    4    9    7    5    9    8    
1          1.4858841010401187E-4  6.73202614379085       9          1    4    6    7    8    5    3    9    6    3    4    2    7    8    5    3    9    6    
1          1.4858841010401187E-4  4.810457516339869      8          1    4    2    7    8    5    3    8    6    3    4    6    7    8    5    3    8    6    
1          1.4858841010401187E-4  4.771241830065359      9          4    5    1    8    2    6    4    9    7    4    5    3    8    9    6    4    9    7    
1          1.4858841010401187E-4  3.862745098039216      9          1    4    2    7    8    5    3    9    6    3    4    6    7    8    5    3    9    6    
1          1.4858841010401187E-4  2.8954248366013076     11         1    7    2    9    10   8    6    11   3    6    7    4    9    10   8    6    11   5    
1          1.4858841010401187E-4  1.9607843137254903     9          1    5    2    7    8    5    4    9    6    4    5    3    7    8    5    4    9    6    
1          1.4858841010401187E-4  1.0                    9          4    5    6    8    1    5    4    9    7    4    5    6    8    2    5    3    9    7    

