count      fraction               similarity             nclusters  e1--0 d1--0 z1--0 y1--0 x1--0 d2--0 e2--0 x2--0 z2--0 e1--1 d1--1 z1--1 y1--1 x1--1 d2--1 e2--1 x2--1 z2--1 
6590       0.9686902836983684     6752.614379084978      5          1    2    3    4    5    2    1    5    3    1    2    3    4    5    2    1    5    3    
33         0.004850801117154197   162.23529411764682     6          2    3    4    5    6    3    2    6    4    2    3    1    5    6    3    2    6    4    
17         0.0024988975452006467  129.65359477124173     6          3    4    5    1    6    4    3    6    5    3    4    5    2    6    4    3    6    5    
26         0.0038218433044245187  113.34640522875819     6          2    3    4    5    6    3    2    6    1    2    3    4    5    6    3    2    6    4    
5          7.349698662354843E-4   86.33986928104574      6          2    3    4    5    6    3    2    6    4    2    3    4    5    1    3    2    6    4    
1          1.4699397324709687E-4  81.64052287581698      6          2    3    4    5    6    1    2    6    4    2    3    4    5    6    3    2    6    4    
2          2.9398794649419373E-4  80.52287581699345      6          1    3    4    5    6    3    2    6    4    2    3    4    5    6    3    2    6    4    
18         0.0026458915184477435  80.20915032679738      6          2    3    1    5    6    3    2    6    4    2    3    4    5    6    3    2    6    4    
12         0.0017639276789651625  61.76470588235288      6          2    3    4    5    6    3    2    6    4    2    1    4    5    6    3    2    6    4    
1          1.4699397324709687E-4  50.4836601307189       7          3    4    5    6    7    4    3    7    1    3    4    2    6    7    4    3    7    5    
1          1.4699397324709687E-4  48.81699346405224      6          2    1    4    5    6    3    2    6    4    2    3    4    5    6    3    2    6    4    
1          1.4699397324709687E-4  47.777777777777736     6          2    3    4    5    1    3    2    6    4    2    3    4    5    6    3    2    6    4    
26         0.0038218433044245187  47.27450980392156      6          1    2    3    5    6    2    1    6    4    1    2    3    5    6    2    1    6    4    
47         0.006908716742613553   47.0                   4          1    1    2    3    4    1    1    4    2    1    1    2    3    4    1    1    4    2    
1          1.4699397324709687E-4  46.49673202614379      7          4    5    6    1    2    5    4    7    6    4    5    6    3    7    5    4    7    6    
1          1.4699397324709687E-4  21.209150326797385     7          3    4    1    6    7    4    3    7    5    3    4    5    6    7    4    3    7    2    
4          5.879758929883875E-4   20.248366013071898     6          2    3    4    5    6    3    2    6    4    2    3    4    5    6    3    1    6    4    
1          1.4699397324709687E-4  16.437908496732028     6          1    2    3    5    6    2    1    6    3    1    2    4    5    6    2    1    6    4    
1          1.4699397324709687E-4  15.437908496732028     7          3    4    1    6    7    4    3    7    2    3    4    5    6    7    4    3    7    5    
2          2.9398794649419373E-4  14.47058823529412      7          4    5    1    2    7    5    4    7    6    4    5    6    3    7    5    4    7    6    
4          5.879758929883875E-4   12.594771241830067     6          2    3    4    5    6    3    2    6    4    2    3    4    5    6    1    2    6    4    
2          2.9398794649419373E-4  8.738562091503269      7          3    4    1    6    7    4    3    7    5    3    4    2    6    7    4    3    7    5    
1          1.4699397324709687E-4  6.666666666666668      6          1    3    4    5    6    3    1    6    4    2    3    4    5    6    3    2    6    4    
1          1.4699397324709687E-4  5.745098039215687      7          2    3    4    6    7    3    2    7    5    2    3    4    6    7    3    1    7    5    
1          1.4699397324709687E-4  4.836601307189543      7          3    4    5    6    7    4    3    7    1    3    4    5    6    7    4    3    7    2    
2          2.9398794649419373E-4  3.901960784313726      6          1    2    4    5    6    3    1    6    4    1    3    4    5    6    2    1    6    4    
1          1.4699397324709687E-4  1.954248366013072      8          4    5    1    7    8    5    4    8    6    4    2    3    7    8    5    4    8    6    
1          1.4699397324709687E-4  1.0                    6          2    3    4    5    6    3    2    6    4    2    3    4    5    6    3    2    6    1    

