0.0005748033471780963
0.00048262166286356414
0.0005345424562754962
0.00046800930125012594
0.0005188695852090275
0.0004696682678420868
0.0005168866289996343
0.0004917340765633953
0.00042277871599576903
0.0004964470261673059
0.0005727931200508263
0.0005426069642080512
0.0005059263556892259
0.0005583100466894374
0.0005627963082470477
0.0004733400634339479
0.0006793748788370586
0.0005651315669107112
0.0006006208709951039
0.0005237689756264239
0.0007132960735907331
0.00043933155072956183
0.0007217839463758077
0.0006479740389920928
0.0005470282151818607
0.0004949967496186489
0.0006166151357527483
0.0006019269309460571
0.0006162776862595968
0.0005644803788611287
0.0006074184928259301
0.0005846778451518371
0.0004929870754874639
0.0005982878040279166
0.00045836640028418257
0.000502253909580827
0.0004948192997631713
0.0004820155980564239
0.0005550868776595233
0.0005422833019819241
0.0005323066544352538
0.0005506361877801212
0.0005504648108268633
0.0004256308816727105
0.0004999000504500156
0.0005885616577490217
0.0005509580152095134
0.0005352777351950813
0.00044096558699115477
0.0005886944965191633
0.00053619308840578
0.0005512796518923307
0.0006000130392006501
0.00042725145681271273
0.0005362510415701372
0.0004860843281588195
0.0005941010149762897
0.00055025669971261
0.0005409619640272423
0.0005301492873119401
0.0006115946804189413
0.00047905532034547165
0.0004959174965696714
0.00046513326519736353
0.0004937722154055258
0.0005912280476838869
0.00047843458251382854
0.000556286187136524
0.00046575796957405876
0.0004433174355398099
0.0004878987900364584
0.0005266606947026026
0.0005752142738066733
0.00061931731310025
0.00045798327548036803
0.0006078765333743012
0.0005279964141691287
0.0005476619098383645
0.0005785445110502871
0.0004224527406052595
0.0005396387281809376
0.000550411065164401
0.0005430053552986072
0.0005264816407773631
0.0005666395789848942
0.000659866810315742
0.000568121957511367
0.0005647917274912199
0.0005111923787851071
0.0005386036430421484
0.0005204765452074435
0.0005164632047186363
0.0005549323337767928
0.0005683008454981436
0.000521236672473289
0.0005246685160472969
0.0004292559376524507
0.0004925870730746847
0.0004657918576951341
0.000472263242896447
0.00045461214739259256
0.00045973741622450483
0.000516301866218528
0.0005716215979224513
0.000577321140189594
0.0004516363227358607
0.0004925044864961536
0.0005468703525262086
0.0006234442070995821
0.0006030205462397659
0.0005425390335209109
0.000448348917248002
0.000577973115963564
0.0006376612628221634
0.00043051751503764697
0.0004897910375279629
0.0005235908301088439
0.0006182152400014192
0.0005159080955725213
0.0005507582901913579
0.0005115510334061339
0.0005853347838431322
0.0005775713569523267
0.000492136386374015
0.000562139952674428
0.0005712949494505165
0.0006200820819614506
0.00059971174740974
0.0006356829723437383
0.0005998718917976083
0.0005593817129952122
0.0004176304436748541
0.00040760328570869274
0.0004966305253687576
0.00044049586480073184
0.00046766295012903435
0.0005166171843931817
0.0004939150214509026
0.0004437810666165395
0.00048443823040824854
0.0005113653317842955
0.0005737266657976572
0.0005349426907229898
0.0005075421252137212
0.0005665028405709155
0.0005966700827491247
0.0005102666983840506
0.0006122617854819896
0.0005642994546766029
0.0005651701961782464
0.0005871760432077503
0.000618590196308036
0.0005484421718000759
0.00050447731858124
0.0005808939069480503
0.0005239519103643411
0.0006188006887629388
0.00043001401816202895
0.0005157793475835766
0.0005811517196035443
0.0004571219288677102
0.0004544473158385182
0.0005621589624761499
0.0006073178863413343
0.0005784124662985306
0.0005834804539059649
0.0005802780530062509
0.000567803130562351
0.00047946874481539484
0.00048424842809550246
0.0005729479968135371
0.0005833941521293452
0.0004974534971432219
0.0004668958312292193
0.00038951374501261873
0.0005133271693875928
0.000518028859546347
0.0005191406603788811
0.0005167492053009465
0.0005320803052599771
0.0005090124947064549
0.0006369794338549123
0.0004690166504289135
0.0006454912416834108
0.0005475291525603378
0.0005286080495323928
0.0005210229282401221
0.0006186145798484043
0.0004988609915523438
0.0005604753865715009
0.0005487349122984313
0.0005531116939578783
0.0005057836719833536
0.0004858472495710231
0.000546649719517222
0.0005246146145163411
0.0005302675005414678
0.0006049390845007734
0.0005978513216570328
0.0005567739957167456
0.0005949559103940249
0.0004746554689596647
0.00046908666729274674
0.0004891040055864554
0.0004515593804934871
0.0004989130799031007
0.00045816949739336003
0.0004994679007562903
0.0005572809249566579
0.0005481614268784423
0.0005642620827376007
0.000623361545361202
0.000596457062809261
0.0005770064691782171
0.0005027433394896044
0.0005326745994824811
0.0005231966102613359
0.0005242217702551552
0.00043671737960075045
0.00045464302531048425
0.0005217028825008191
0.0004879597198485377
0.0005467276382059444
0.0005200612433585965
0.0005541413639576159
0.0004664884693244908
0.0004404510947595582
0.0005688271324869967
0.0004107225926477487
0.00046229038179426804
0.0004632045042815374
0.0005696659687748526
0.0005660379186555737
0.0004973211786842345
0.0004796582029409373
0.0005799907387224923
0.00046063313449944045
0.0005514398940517803
0.0004638203394548147
0.0005045337001334951
0.0005084558213133349
0.0005987469338986803
0.00041787795586986995
0.0005493913559492489
0.0004521520777474886
0.0005049444176716967
0.0005258794594803392
0.0004165526895892425
0.0005397470509737315
0.0005251055256187874
0.0006148297100862115
0.000448198751591508
0.00045834417563193105
0.0004595681244813689
0.0004211930575334113
0.0004975758789950973
0.00043019494512232665
0.0005474747864167537
0.0004829656898164512
0.0004512412411470336
0.0005097906391868186
0.0004660884747456465
0.0005516004868556879
0.0005421249558688129
0.00046011410334736514
0.0005584545499322013
0.0004747474988889099
0.0005654492472067032
0.0004565234649313551
0.0004934364919143653
0.0005830817427184042
0.00048478069997833607
0.00048232641738113203
0.0004820746512222861
0.000519300583777948
0.0005544237432241722
0.0005361790878697471
0.00048122370655033367
0.00042657643146806144
0.0005519073551082604
0.0005755979739633971
0.0005182415364244604
0.0005727050507251
0.0006442826712883282
0.0004926907751541947
0.0004992410851706804
0.0005919651446233175
0.00057881008539648
0.00044731927962619764
0.000480001259013716
0.0004585305045787449
0.0005785205862546128
0.0005553824112720889
0.000545370000126385
0.0005061519967148858
0.000570367879116721
0.0005027487481982115
0.0005065712470072392
0.0004898133108624135
0.0004434959138824002
0.0005425112554432847
0.0005194352693524796
0.0006016733950458923
0.0005307662934727737
0.0004865818844196274
0.0004342856614136456
0.0005783459823057008
0.0004916690866045608
0.0005501980317211985
0.0004984085591918031
0.0005002420562772742
0.000508446448929139
0.0005458137612727207
0.0006586620738638134
0.0005300007234687995
0.0004967392392650091
0.000721579492123705
0.0005122024132282406
0.0006048679378147531
0.000528198987317399
0.000576774417191295
0.0005313069625354902
0.00055722017856301
0.0005422256616083091
0.000514853797067452
0.0005845874336987217
0.0003835692162310355
0.0005106763216905181
0.00046803736745376103
0.0004860802285813319
0.0006274331856354899
0.0005516420891045318
0.0005423247125150682
0.0005940146032958544
0.0005429934645510827
0.000560901553620823
0.0005598935794867825
0.00048561843871316914
0.000508623265824801
0.0005684686086111329
0.0005368829175688898
0.0005868190791863178
0.0004994912425413122
0.000514618513408421
0.0005123584175636451
0.0005313001544606966
0.0006750299542044892
0.0005325032360670952
0.0004658408281334744
0.000503663640997291
0.0005396821269838773
0.0004327328605641955
0.000495556739676327
0.0005068857889566939
0.0005308791982837654
0.0005185897370148722
0.0005019379793703211
0.0005788090457053476
0.0004527051985376618
0.0005706582864538056
0.0005055668691343018
0.0004955413283683657
0.000556734135814109
0.000532841761881588
0.0004792957890967658
0.0004561302475926569
0.00040478103504439225
0.000421801377125137
0.00042570471827358574
0.00041372054696814614
0.0005194202356766485
0.000555458261840746
0.00046293475560096393
0.0005529988361671733
0.000517237194449447
0.0005749753183688261
0.0004758591089983773
0.000481413936507714
0.00043113216109213267
0.0005058235380462137
0.00045327397232040894
0.0005810532612752817
0.0004522491342859905
0.0004500814474327491
0.00047758855166998393
0.0005138903769264587
0.0004983504899158088
0.0004942382325007869
0.0005453649369115296
0.0005347986692106041
0.000617241354170044
0.0005223331611771245
0.0004716946012312678
0.0005937115342460494
0.000510533443849563
0.0005893426424203987
0.0005763109377164382
0.0005812402663763127
0.0005913608989057683
0.0005587657850682213
0.0006336977886700464
0.0005102455046883408
0.0005449467793695122
0.0004944704189639296
0.0004908936361038089
0.0005259390025031394
0.0005246836728343579
0.0005171641044674159
0.0004244079080697156
0.0005263081840614488
0.0006073410978190756
0.0005348822344028274
0.0006424124283852727
0.0005533944602661382
0.0006269959961933181
0.0005362782747116164
0.0005262464969371147
0.0005214901312937594
0.000667974670364204
0.0005508892500305416
0.0005256362945537555
0.0005508468972615239
0.0005427688511478765
0.0004381108835462452
0.00047807402578485325
0.0005510215765221467
0.0005623269726039208
0.0004624561621336699
0.0005087270297486085
0.00047489191840796406
0.0004991216236887922
0.0005808868474885572
0.0005020972461282868
0.0004438420567829896
0.0003999252705764183
0.0005557642734939454
0.0003931141450851665
0.0005059980588306306
0.00042562037223544536
0.0005380657093515291
0.0004068880174838711
0.0005282246802377503
0.000524537080573526
0.00043912189218557076
0.0004513537449422455
0.000411031746550546
0.0004863254220060684
0.0005469144351377374
0.00047638182292504945
0.000479401895988641
0.0004924753406929916
0.00043731597148912783
0.00051797991362571
0.0005606073034806598
0.0006081064523587389
0.0005493677087392039
0.0005421332293136942
0.0005180828021023186
0.0005594571057442784
0.0005502512046177609
0.000518799870371842
0.0005195752766331554
0.0005132092403766221
0.00045576507079595705
0.0006015440026646864
0.0004979479411840666
0.0005687500876872543
0.0004812099448517024
0.000516634259950972
0.0004493221218590679
0.0005137531095564939
0.0004472095559500797
0.0005501793712689478
0.0005215636206023199
0.0005085303108128601
0.0005813379209973893
0.0005508678111554746
0.0005297241432428544
0.00047959491823435223
0.0005207799511293981
0.0005183335670368509
0.0005167732209012876
0.000557992449830676
0.0005109195888222905
0.0005378385998442097
0.00048471965619176915
0.000561226528700432
0.000473900037166745
0.0006191221770852475
0.00046595518156815563
0.00044819111624396456
0.0006014229182676456
0.0005480430184610054
0.000437059995197886
0.0004765100897184012
0.0004586509768544526
0.0006166715057899207
0.0006545294003343249
0.0005103107786890339
0.0005598050600926522
0.0005309502318995538
0.0005676900254687257
0.0005401442290875807
0.000553309201687935
0.00048699811397410813
0.0004964190871333824
0.0005092133549648802
0.0005972326911697677
0.0005942224336499103
0.000474355257579094
0.0005348819629777821
0.0004939399211420885
0.0005063862556442443
0.0005282185605553862
0.0005290974076713295
0.0005433968902684102
0.0005740271584968596
0.0005562345622340762
0.0005141971851377633
0.0005927618982313011
0.0004957618721356279
0.0005186961434392611
0.00043663490837462187
0.000587645565583802
0.0005471762833208645
0.00048012409612634745
0.0005047843396712488
0.0004806833917404898
0.00040886605967550566
0.0004978182268913737
0.0005524322217518072
0.0005077651633513885
0.00048397481658819856
0.0004241822168257009
0.0005600509595558941
0.0005659668783981076
0.00043225566183450207
0.0005159644781583934
0.00047800460604101053
0.0004828394501512712
0.00044823943520108775
0.00048249087491938105
0.0004574760995498541
0.0005638605001102362
0.0004672344774347504
0.000478299575482172
0.0006120139829934734
0.0005280781856598143
0.000541971711853785
0.0005384696787107846
0.0005544632785435596
0.000516272176062347
0.00045385179616024197
0.0004420851013544934
0.0005773133678924324
0.0005573045273411135
0.0005096343984412983
0.0005288102729196948
0.0006107127122640458
0.0006316267044972191
0.00046349854067931497
0.0004927399282203443
0.0005339887173717539
0.000579445202264888
0.0004482278046721059
0.0005757379570393289
0.00047265093592958765
0.00046928762025173163
0.0003810301529346751
0.00044579849046944285
0.0004676472396005725
0.0004575068741540418
0.0005928350156377336
0.0005225526818021745
0.0005148627786374948
0.00044326345249274456
0.0004683250986243188
0.00048636464359725305
0.0004306262041373038
0.0005293930463518658
0.0004395786575041191
0.0004040518174589655
0.00043315888459049856
0.0004981935413312194
0.0006103393768953282
0.0005754174625044807
0.0006177332839400845
0.0005797741654872876
0.0005451214986880214
0.00040065929195572884
0.00042021889266968425
0.0006159743663380592
0.000568748002981443
0.00043828162055094304
0.0004433241726050016
0.0004418732942592677
0.00040390037994298073
0.0004176193572981127
0.0005444932124607319
0.0006069067179098253
0.0004987947145072728
0.00048214431050098327
0.0005817109684248803
0.0005783607884457652
0.0005032100521101244
0.0005209924902443639
0.0004781104738551781
0.0005094072226374434
0.00047822206228944887
0.0004942440940842365
0.000536525526936229
0.00044703973140240304
0.0005542315236350126
0.000496559341060751
0.0005310684265612371
0.0005163985007296165
0.0004854916568668931
0.0005262769029307618
0.0004966224977475928
0.0004120774305381755
0.0005374616342051954
0.0005717161782602752
0.0006615899617110471
0.0006163281220360521
0.0005835607986476658
0.0006040973326649294
0.000559023720845701
0.0006173617593742817
0.0005000457899376583
0.0005593123232401026
0.000429433449886334
0.0004511389744856474
0.00042922913536247345
0.0005761440868818517
0.0005260738155949689
0.0005390764459120406
0.000561425624523159
0.0004999423186293481
0.0005945020694197031
0.00047230291935707877
0.00043162655749123363
0.0004358576077107875
0.0004549051776904808
0.0004892558334680484
0.0004008230052644692
0.00047528133833472426
0.0003960463120827883
0.0005080726094420137
0.000499134935291522
0.0004279333862174782
0.0005243963424260582
0.00046726463299884616
0.0005023379454299292
0.0005233348672748629
0.00047909757786473615
0.00047589434710551315
0.00047977400286324846
0.0004518310290435243
0.00042723768035971406
0.0004715590309440337
0.0005423908712947181
0.0004909832109359693
0.0005290504975286197
0.0004588289362869863
0.00044419113844332134
0.0005242179264742275
0.0005776619284607442
0.0006074493457070834
0.0005348917350468936
0.0004212882223443423
0.00045438454862826533
0.0004386395743298361
0.0004531520688180185
0.0005295230500998972
0.0005175318143183762
0.0004587492188501522
0.0005009138254703703
0.0006102162943355178
0.0005788839747060429
0.0005339800934776686
0.0004958958586748065
0.00046096625724033444
0.0005045426118393176
0.0004676769055395485
0.000563121394299195
0.0005312074041734882
0.0005372028300166852
0.0004920573865799398
0.0004570213637304011
0.0004691982074641454
0.00042798547978829506
0.0004716798949020582
0.00044607483825636045
0.0006146659170392698
0.0005845931504546781
0.0005367780346341687
0.0005757871484507891
0.00046846321923290355
0.0005322340980674005
0.0005360401044335111
0.0005198844844427073
0.0004923164735416081
0.0005272911322750814
0.0005387473875498737
0.0004450796691467664
0.00046380463850422574
0.0004163000443749939
0.00044327414191691047
0.0003791907096204311
0.00043694753201008744
0.0004115506820415201
0.00040490809961383725
0.0005480830409130008
0.00046521398440518944
0.0005184109779133933
0.00047172231704465024
0.00048419705356112836
0.0004690989819269071
0.0005229666385890747
0.0004931525369602655
0.0004808917745992851
0.0004785915750590294
0.0004925913955017105
0.0005127773187290797
0.0004258256980978554
0.0004328913733835257
0.0004869289470756169
0.0006195745465658682
0.0005195570766156451
0.0004517053141299887
0.00047502700157180393
0.0004039527782846099
0.00046658525382156993
0.0004904565265986784
0.00040754731973764057
0.00042597422564471664
0.0005838200298213644
0.0005228813023424175
0.0004852717485404835
0.0005585936868506903
0.00046529226412951255
0.00057135418915208
0.00041098974042319715
0.0004498525181286387
0.0005110011336052435
0.00047293974905840294
0.0005311412230188863
0.0005497199523877786
0.00046375502686928966
0.0005355788124562675
0.0005123567148231144
0.0005525704873811358
0.00045024817738142085
0.0005307021435470178
0.0005066113950044675
0.0004780012845222429
0.0004944599967263555
0.0005253886442804064
0.0004826505617956064
0.00047164948143711406
0.0005183766802758621
0.0006212266527936095
0.0004920167270606795
0.0005252653833465502
0.000498538112303524
0.0006248994756171618
0.0005218087860323341
0.0005290833250759675
0.0004902965601986587
0.0004658624897581451
0.0005251661754539588
0.0005112861916931971
0.000532995593742694
0.0005785167644776618
0.0005321234636293441
0.0005619281792387874
0.0004199333375477138
0.0005537743277030747
0.000580202988106586
0.0004915485550941348
0.0005965024334930818
0.0006129148647726923
0.00042843547242121935
0.0004748902890689484
0.00048386909239384756
0.0005451955038461001
0.0004803554716576741
0.0004642994484305283
0.0004863651949018876
0.0005068287322719399
0.0004988650839368854
0.0004516299921461528
0.0005123631955015046
0.00047911362721372424
0.0005227965119341704
0.0005106463033946962
0.0004976808305160048
0.0004896044792585436
0.0004834663573800591
0.00047085922967819873
0.0005251798666355237
0.0005825443200765785
0.0005229771472902662
0.0006163265867870543
0.0005328332648790263
0.0004868615454021209
0.0006099630944238543
0.0005211782903727838
0.0005233581515739261
0.0004894857821861365
0.0005569850233192977
0.00045001414330300324
0.0004824215246358482
0.0005153122504173419
0.0005718400755619133
0.000593536951541277
0.0005364853629783451
0.0006067516751817627
0.000499217935392708
0.000593257950022764
0.0004994657928790537
0.0005764472625455469
0.0006034138758256862
0.0005055553123756191
0.00048805572463749957
0.000537524031199721
0.0005638770370605577
0.0006421686612500414
0.0005213255216408794
0.0004193312865418447
0.00046123309447654103
0.0005361366884379696
0.00044223377026186275
0.0005614860650825072
0.0005604499625801467
0.0006148092578653603
0.0004679167452719906
0.000493083032584081
0.0004298594963575258
0.0004542480443450782
0.00047853853553766665
0.0005126540869786433
0.0006310313539453921
0.0005497059031839245
0.0005008246673868831
0.0005329627515436685
0.00036177281041909447
0.00044856834345179467
0.00044087971937291544
0.00044295534707209034
0.00045963936647801235
0.000524598475485385
0.00042920601450010187
0.00044884068116955733
0.0005152798084477032
0.0005144139287921526
0.0005149330336892752
0.0005261154325529456
0.00044497795350130725
0.0004729245554295681
0.0005367818452665924
0.0004993523980214807
0.0004455386195898913
0.000466779343556918
0.0004383888060089226
0.00046440694029021965
0.0004442449525611826
0.00044031240526708036
0.0005379094214047156
0.0005205912059443886
0.000494417524590573
0.0005902617397263085
0.0005211392508945684
0.000476254616625464
0.0005089199295176508
0.00047673993154222986
0.0005395907477456365
0.0005943168933752255
0.0005513524913106065
0.0005832756859782097
0.0005711035099238768
0.0005017880224404541
0.0006164951461852862
0.0005569956455351016
0.0005088975645347109
0.0005276820361537288
0.0005472722304422336
0.0005816582336695623
0.0005718967725901867
0.00047318293105819115
0.0005246589477554517
0.0005524684601293158
0.0005047666232093152
0.0006078411501518899
0.0005277380664376265
0.0005840636722471172
0.0005319081012107712
0.0005341755184908368
0.0005330198014173532
0.0006197484544589309
0.0004911980143700592
0.0005899495409953659
0.0005335366921815136
0.0004389703637204258
0.0005900439782599696
0.0005667604973393391
0.0005192859537017952
0.00046220078535203174
0.00045406279387769566
0.0004613069879293675
0.0004960958520865417
0.000517419917002245
0.00048453570567187626
0.0005998842575827464
0.0005794769694815727
0.0005325778641611816
0.0005147535183238956
0.0004930892534406177
0.0005379577895755939
0.0005016643931213515
0.0005089316931920823
0.0005310435757245095
0.000524861882044859
0.00048799891815236275
0.00044877335474829223
0.0004675411702928303
0.00045935330961237607
0.0004780576260753521
0.0004476076522982862
0.00041371432922038693
0.00048006233016059164
0.0004332969478714001
0.0004813367454226686
0.00045767246887442123
0.0005085417901872477
0.000534069026187715
0.0004950821892327021
0.0005329629560292422
0.0006031152317841681
0.0005439630921350101
0.0005138899297106779
0.0005808408617930733
0.0005734467313350558
0.0005743942618795003
0.00048638540757757774
0.0005037631641549103
0.000494961582928781
0.0006493864061880207
0.000539249672519943
0.0005490719021053344
0.0005190280433806161
0.0005992475486142263
0.0004996591435355464
0.0005087986886623333
0.0004309835061358006
0.0005289003290239588
0.00046357493443438774
0.0005418708835458008
0.000585947859367323
0.0004964643087088014
0.0006127374618593353
0.00047535232276344006
0.0005723227615865465
0.0005645982774286088
0.0005461336631417865
0.0005108751755660007
0.000559043109055733
0.00046763360929702235
0.0004449730296595567
0.0004970845977713574
0.0004144904679890148
0.0004215124520326952
0.0005825892757421661
0.0006046973285090421
0.000505503473442532
0.000534600089749387
0.0005691765694201233
0.0005513278722688689
0.000527968656304364
0.00047453397991965564
0.0004927499240509462
0.0004916701045429031
0.000477793904704297
0.00041617566821119473
0.0004577259260502591
0.0004952420128180275
0.0004315233054896013
0.0004972357627635606
0.0004617553662056528
0.00043209469755294374
0.0005590144103965086
0.00045530801992667736
0.0005296135761444105
0.00046157004521151255
0.00048772164534594475
0.0005805476590782488
0.0004265913184662984
0.0004475013085963958
0.00046044649020600067
0.0005080554384286409
0.0004741777278964935
0.00037350990693280165
0.0005255928185156203
0.0005705673631188451
0.0004643630789919895
0.0004965730206774689
0.0004942243165880518
0.00040290441238565025
0.000567598413301748
0.0005418282011851091
0.0005253631874899129
0.0005623756954190091
0.0005409697235801043
0.0005476691026205831
0.0004916301405862413
0.00042611463085964085
0.0005747929271737323
0.00043569485171674106
0.00044446350009011643
0.00046419598005810676
0.0005542377855677992
0.0005009699302810555
0.000477858166976076
0.0004704931439762123
0.00048804557749121505
0.000524741158313668
0.0004317343952397387
0.0004590284866480104
0.0004926486948093916
0.0005201432994875347
0.00043590152367926075
0.0005180322193780006
0.00039656499839383366
0.0004616473228329153
0.0004747757365791522
0.0005177085814828586
0.0005624424152036606
0.000530246544218657
0.0005066863511453038
0.0004311344714784019
0.00045473215984331936
0.0004852476322515581
0.00044410873433133274
0.0005880073514760011
0.000545764404073701
0.00046225365727177816
0.0005455746390710085
0.000548387040883688
0.0005667001651255613
0.0005711791681535708
0.000539491272259517
0.0005864702970827049
0.0005015542784471546
0.0005852572026828729
0.0004539893353934456
0.00045684617143661903
0.0005011744648206474
0.0005032927935700555
0.0004896089166108111
0.0005121483405582834
0.00044139970429172106
0.0005256869004494038
0.0004929220536968052
0.0004261167233887936
0.00043530584082815426
0.0004459441110010083
0.0005717973744019103
0.0005870125590043353
0.0005177203923616404
0.0005575333507467495
0.00047170982369998355
0.0004904385877740396
0.0005636075210098553
0.0005500657928710525
0.0005938147941663458
0.0004021938735289485
0.0005672846438100806
0.0006910504783341205
0.00047411042824526355
0.0005747574102114306
0.0005697050125039853
0.000600684936895777
0.0005530366333802701
0.00045315548779421735
0.0005222025399450691
0.0005416019031280367
0.00050872798885271
0.0004986253974433387
0.0005945363754126524
0.0005198951627923135
0.000600884375123039
0.0005386702420721706
0.0005536797856428245
0.0005147383604890451
0.0005318943884980266
0.0005339013149717706
0.0005208802999338011
0.00046139478167450497
0.0005231836026804763
0.00043496804475223424
0.00046693281203649754
0.000538050571265419
0.0004572791287190258
0.000546830292565705
0.0005522534153705532
0.0007504099974711547
0.0005068151667669984
0.0006770404205434105
0.0005631722083902857
0.0005427208336216094
0.0005660135947030339
0.0005850882952804568
0.0005210777564032366
0.0005593914448404363
0.0005808615504735782
0.00038538336705074087
0.0004507796572471383
0.0005705896260362863
0.0005025432287422114
0.00048467084106265803
0.00047812058946184144
0.0004999351910698902
0.0005161510671444037
0.0004800920922171364
0.0005422073531807053
0.0004738295936395049
0.0004323986512324389
0.00044008121977159214
0.00046041107045752407
0.0005975685977539049
0.00047262285788978104
0.0004495470632806445
0.0005072296277799626
0.0004257389006820618
0.00053469239968358
0.00044051775744638136
0.0004457093167494437
0.0006145758499766189
0.0005101033854597076
0.0006686443865068566
0.0005240059117044763
0.0005663398397804895
0.0005264419666369692
0.0004783094242657552
0.0005098812863290382
0.0004912226773997625
0.0005455270495866285
0.0004903356653296355
0.0005173388006570782
0.0006086526332433906
0.0005108300603557499
0.00046665399995867015
0.0005821143813421841
0.0004614772759929448
0.0006051024984459498
0.000409299951500049
0.0006115549092804223
0.0004993240184341602
0.000542984878925745
0.0005370965171178081
0.0004901202202630835
0.000445623140074954
0.0005766820403845773
0.000594707071356679
0.0005270658153426199
0.00045414594106722505
0.00047122173104509357
0.0004826872604924214
0.0005178228678117778
0.00047396654457333844
0.0005732523119482238
0.0004857037312380172
0.0005590491173958921
0.0005577968116544612
0.0004594886012337935
0.0005040606048519268
0.0004288060002596903
0.0005240577904495617
0.0005283645602082993
0.0004918419078482351
0.0004362771966794072
0.0004442771780855344
0.0005043992084520022
0.0004953537289619105
0.000491673692869566
0.0005410597322725004
0.0005696330779066169
0.0006568919909336694
0.0005172679767924578
0.0005204078964232834
0.0005123398504180575
0.0005827617229280814
0.0006113978922220795
0.00044735923435512356
0.0005282933804780098
0.0005109642955123621
0.00046626324025379767
0.0004910222952506846
0.00047755965143569804
0.0005358604983024904
0.0004969088950730233
0.0005222671597340377
0.0005241399004023165
0.0004319467593454765
0.00047523301185630157
0.0005234343296032659
0.0005429383743863008
0.0005533329901092153
0.0006309179561356372
0.00045771869797681396
0.00047924792829892083
0.0005377868418839966
0.0005285891902977206
0.0004697745808857131
0.0005160025468301193
0.0004867740277794726
0.00048692376536453786
0.0006323644892588786
0.000406802688003634
0.00046498241410623705
0.0006105429463087512
0.0005497341699007703
0.000541706953493469
0.000535830665543975
0.00047276044502573254
0.0004805656146035361
0.00046532239150139505
0.0004902422699274958
0.0005465985879737789
0.0004648425074989261
0.0004573591112076167
0.0004697455199279435
0.00045737782199377976
0.0005530178081702262
0.0004525117455541368
0.0005049547391836028
0.00047410073994934564
0.00048505113576104223
0.0005121403866515719
0.0005766738828927992
0.0006086319161143566
0.0004991222022665765
0.0005741746978332321
0.0004640192856460115
0.0005946126757090908
0.000513050171710103
0.0005498403574788686
0.000526512503028658
0.0006110321784323743
0.0005933764594307158
0.0005160271085557123
0.0005640169083239041
0.00047249110524392
0.0004970791165624507
0.0005767409947235987
0.0005408348911421457
0.0004853760189524257
0.0005112982688409531
0.0005544841072585498
0.0006331133748188143
0.000504006709803207
0.0006072749181838823
0.000460439489479378
0.00040872840885196196
0.000554171591726613
0.00045301176950863234
0.0005337178852612315
0.00045686614147633276
0.0006083175628132398
0.0005995446547517909
0.0005486895147137078
0.000518541495668576
0.000539191804046414
0.00047349824098106945
0.0005194178441200234
0.0006175854035833975
0.0005869244942676186
0.000527172734248851
0.0005551798139737819
0.0006384205464379442
0.0005991388915050099
0.0005399406700204158
0.000677920807624665
0.0005025510252941119
0.0005557130411845908
0.0005321845805639373
0.0005072212993438017
0.00046867791565347267
0.0004486677010295864
0.000598006732463116
0.000593251107673415
0.0006289854001772843
0.0005273359557773235
0.0005615302039894789
0.0004913803740821494
0.0004532148719721975
0.00048797488468469845
0.0005076271498647259
0.0005098572685123015
0.0005136676046487256
0.0004899105713645685
0.0005927163157180558
0.00045480917464482
0.0005975063711711761
0.0005302678431719734
0.0004354536252967177
0.000513393742579484
0.0005740158121236292
0.00047802640083983387
0.0005342275076803253
0.0005145443437009526
0.00041860650626983115
0.000437867804574404
0.0005447421135674131
0.0004561508326952912
0.0005540502007549919
0.0005022350689170543
0.0006147465781238183
0.0004620890969239501
0.0005525377735297248
0.0004818557306233521
0.0005515213179128768
0.000508148960762056
0.0005179551612422819
0.0005907012784107053
0.0004938823656859408
0.0005574780415993864
0.0005551001784193714
0.00047449075467553473
0.0004957282916520404
0.0005052705769687434
0.0005915075575774441
0.00048470296014314966
0.0005123272604173446
0.00046578144710653183
0.0004860597988394203
0.0004536487148501816
0.00047436650091556135
0.0005092724730827353
0.0005059972694501175
0.00048744811089504757
0.0005818680337372821
0.0004889861095965423
0.0005682653469024677
0.00048569117893972383
0.0005812017061280385
0.0006090370474113474
0.0005489835738746928
0.0005131627353273706
0.0005313935212395205
0.0005479507163472527
0.0006708407080054014
0.0005424722513770976
0.0005677721851502423
0.0005183405873994363
0.0004502803304113726
0.00047189647051130176
0.0004695364194103992
0.00044517725342197074
0.0005211792942148752
0.000546840495234836
0.00045534212348063687
0.0004748958101153934
0.00040724963982172576
0.0004165405083635033
0.0005341399426095062
0.0005079713353743728
0.0005112339252883516
0.0004314710101197086
0.0005113791290796896
0.00046511391669969626
0.000568971952018646
0.000480429074043855
0.0004556432161327097
0.0005044478969565184
0.0005587476958598502
0.0005530748949049012
0.0005082183382515922
0.0005671817674442168
0.0005423728640063547
0.00044230747344807536
0.0004963380922352603
0.00045085587832018785
0.0006309291813713061
0.00045399413224463857
0.0005572914483997716
0.00046943645255910136
0.0005097778401699291
0.0005384359795489315
0.0005827361721724149
0.0005268933766748705
0.0005617876843946037
0.0005917936670783936
0.0005110925474981126
0.0006089514463515237
0.0005623635367532966
0.000578685838104013
0.000496107347019694
0.0004739970493499253
0.00040160452987590396
0.0005001390681769611
0.00038396007426045437
0.0004803160082802555
0.00048697846666580626
0.0004959182088629589
0.0004894704607448127
0.0004685875618701534
0.0005325362769606863
0.0004711166263291036
0.00046593018509678114
0.0003993633478832443
0.00044604125347503853
0.0005143816850004387
0.0004475548028403654
0.00039264604735764506
0.0005519020416505553
0.0004819433474663495
0.0005234342263374437
0.0005113905680767509
0.0005417619126297941
0.0004955475355906766
0.00047312920774889055
0.0004953181607124526
0.0006740439367657881
0.0005837211588131244
0.0005369393774836105
0.00046433083048572196
0.0004912782338711299
0.0005707871232941262
0.0005614651904247076
0.00046377949178613595
0.0004106855826291314
0.00049666113522325
0.00057058333014923
0.0005078062296406907
0.00048237347509244604
0.0005281232673605354
0.0005156735678132014
0.0005672541648089229
0.0004914334882133955
0.000508544612779175
0.00046672211227810514
0.0004849680365908432
0.0006750841180745379
0.0006039412318906813
0.0005494344673575023
0.00047653382681056165
0.0006311918274877527
0.000624810319559862
0.0005324709184203656
0.0005813551003216746
0.0004660337598803105
0.0005538167871614328
0.00044807496182466583
0.0004037117516460068
0.0004788629262841754
0.0005600245177219024
0.0005582126893814966
0.0006026854352542063
0.00046182695272222536
0.0005847164577746492
0.0004960265567453366
0.0003815752882301725
0.0005979242232735267
0.0005551101769754845
0.0004637619932571306
0.0004658162240234435
0.0005303657910246632
0.0005174489149319302
0.0005656329843670537
0.0005493457590119847
0.0005020948896034943
0.00046237811542812463
0.0005579794662738584
0.0005202828751263032
0.0004645029315831304
0.00043269338983618644
0.00044299260497275203
0.0004554452912323994
0.00048556760938925825
0.0005217746848805957
0.0005745947336122126
0.0005019507965800647
0.00048291474436227286
0.0004285977640164217
0.0005744954877559214
0.0005535232204296
0.0004821396897173001
0.00039648483679765776
0.0004208856691348839
0.0005293744342990235
0.0004308211743759044
0.0005081108256662499
0.00047830301901101137
0.0004500947866502798
0.0005146711506756082
0.00043044448585093814
0.000581888773712251
0.00044407580204883397
0.00047550648018322635
0.0004935211245360328
0.0004418746788995028
0.0004917069293792064
0.000548529854605049
0.00045798372234433904
0.0004456898234472615
0.0004050631434273776
0.00041359860246714306
0.00037095878923854145
0.0004992139179921587
0.0005469451811873309
0.0005282172596915958
0.0005495825692180916
0.00044791564135345023
0.0005176908318550731
0.00046073234353946667
0.0005228899095728441
0.0004783387033017763
0.0005956041959108168
0.0005595511384094206
0.00045693386278020446
0.0005363266754236417
0.000375685750160769
0.0004692510246800512
0.00037617187544951747
0.00048567355831413076
0.0005401083249849349
0.0005555956597901843
0.000499985645819134
0.0004647911814374441
0.000490767593644099
0.0005245601384610463
0.0004268114575411945
0.00048811655386221176
0.0004423869042223592
0.0004775572000124382
0.0005474822785589341
0.00048279050295271873
0.0005514928710423572
0.00040262588982053566
0.0005213493586584334
0.00046771659446714073
0.0005069029891331469
0.0003683791478233213
0.0005174902348402163
0.0004950385669887892
0.0006418816827638378
0.00042206799920030717
0.0005120838383465361
0.0006042410951984993
0.00044926141473483155
0.0005482887962097009
0.0005881419731285792
0.0004894423087748526
0.00048417140694712366
0.0004388492438120886
0.00038690097279329614
0.0005371577745702399
0.0004948926387324504
0.00044026664577008376
0.0005500626810006988
0.0005536616211554475
0.0005087423809386586
0.0004393821930495154
0.00047970948416326285
0.0005068764508725256
0.0005150556584858179
0.0005994730646535415
0.00044878019848979835
0.00047729702157514934
0.0005316965705331188
0.0005078816719112487
0.00047344498517637066
0.0005564216238300694
0.0003839907121109291
0.0004709547620366238
0.0004898945998715701
0.00047775746597794605
0.0005084665877310201
0.0004885112565621995
0.0004356454104128132
0.0004993324497444686
0.0004915033417292041
0.00048449579780615284
0.000483853303363593
0.0004678777168893554
0.0005591050672594949
0.0004721178682154851
0.0004576463053306087
0.0004956554666463485
0.00048581583468249
0.00048541278620210554
0.00046563256497633465
0.0004819434320826648
0.0005761626472144906
0.0005043637863856078
0.0004932016195497072
0.0005825392722952605
0.00047131290667639297
0.000435648775399875
0.0004063231729676269
0.0005013046583586949
0.000477179194090387
0.0004955704933873188
0.00039197891515035027
0.00045641115675625434
0.00045100878964661386
0.0005223607799237509
0.0005246642396123227
0.0005229546558481199
0.00039420175147615783
0.0004504329108877164
0.0004373724182062356
0.0005177529604888332
0.00048268781884301345
0.000483910287621414
0.000479518167175832
0.0003922044887034433
0.000494562720542256
0.0004688820844747426
0.000423687458150159
0.0005139262589797429
0.0005162943561891418
0.00044666325831075167
0.0004309137402824225
0.0005697101046769989
0.0004960494864766307
0.00045699390642510066
0.00044264228127030786
0.0004450339341254974
0.00047689690803505224
0.0004975086551938201
0.0004542992690436929
0.0005230792816592083
0.00054775918093292
0.0005894293182666854
0.0004928761987298313
0.0005615904305686391
0.00043663310138913994
0.0004355462332863639
0.0004076604750778111
0.00043576962191346633
0.0004600417908660725
0.0005658031987560454
0.0005779853725022107
0.0006379095882101199
0.0004731900582743896
0.0005512002756844524
0.0004649902533629213
0.0004106269948489643
0.00044824093814637317
0.00047345776127288055
0.0005171419157820724
0.000476345417418657
0.0005400751744075955
0.0005071280121776752
0.0004755523805496084
0.0004834288720143778
0.0004882486184950672
0.0005145531074865648
0.0005639356173460272
0.0005579868617166453
0.0005014564987442231
0.0005214207829096233
0.0005340341630827919
0.0005240533263389301
0.000512981648842953
0.0007361603139996772
0.0006696509013455307
0.0004358857572779301
0.0005190272457275446
0.0005909716014964786
0.0005487503201313384
0.0005401459848199248
0.0004916738829069431
0.0005242261615163384
0.0005374338916458966
0.00047363905701159297
0.00047284169196261025
0.00047858945080376093
0.0005778105719417207
0.0005487889963182092
0.0004451916852869603
0.0006458905176406446
0.00046864170391970215
0.0005535984279150571
0.0006119610292567487
0.00046853763125915296
0.0004968554266306307
0.0005763302058885476
0.00046977797575661374
0.0005119554087456028
0.000555171321773508
0.0004890452231596884
0.00044718765865078093
0.000538688827944411
0.00045092198410457465
0.0004151761511073884
0.00045229127685310306
0.0004310228600907434
0.0004890973039757753
0.0005881037163335642
0.00041304223176844593
0.0004315447867495013
0.0004104847542248891
0.0004790481572475121
0.00045959797682086065
0.00048320067342931305
0.0005871659215530743
0.0004906863634124017
0.0005381801923761162
0.0005321005059708726
0.000484239713735094
0.0005544179900021525
0.0004353256448444871
0.0005149540923248071
0.0004600912393801001
0.0004524405686401566
0.0004302412471445592
0.0005143315470030189
0.0004698000753147351
0.000493131664847273
0.0005125346154289105
0.0004784257163899512
0.0004813700742451012
0.0005713357051165249
0.0004377310876330097
0.000547167041594821
0.00047081132023625864
0.0005342864220206113
0.00047480629989444747
0.00045036561200466834
0.0005033167861357567
0.00043904275247581614
0.0004105707487417283
0.0004892390827581696
0.000515867399715017
0.0004589051560637172
0.0004932078962542094
0.0005441548533218109
0.0005010224159889773
0.0005019349235242328
0.0004846591237745409
0.0005038442519195992
0.000487506883525818
0.0005112302758162427
0.0004842430051779902
0.0004891362612822866
0.0005380460707435017
0.00053212482273416
0.0004954068495702309
0.0005076997981583049
0.0004412450992034714
0.00047617466264024145
0.0004327505388110059
0.0004495756738456274
0.0006305523261799717
0.0005716790954504961
0.0005102942501966297
0.00041356298870150345
0.00047456442947241034
0.0004795206997760578
0.00044612601034189913
0.0004902346430817587
0.0005694212081680199
0.0005135588894768862
0.000511686686550788
0.0005740397483219495
0.000540998489489032
0.000569036733199944
0.0004491410103127307
0.0005863709108672528
0.0005752539948242503
0.00048608448552808894
0.0005330463342161947
0.00042981073104109607
0.0005083242772452236
0.0004995422364847948
0.0004906375941006113
0.00046962671537602443
0.0004438624222957732
0.0005726547581829578
0.0004961114302561885
0.00044152043270085636
0.000403692107058947
0.0003961937358249428
0.0004896348052794673
0.0004956884876200887
0.000496078220514644
0.0005560688700452608
0.0005398911886725928
0.0005012262066478682
0.0006143700118569289
0.0005912310628264168
0.0004970685440496001
0.0005444129442312368
0.0005481496923768337
0.0005201246006946846
0.0005495715547330977
0.0004367120281840265
0.0004918567217862276
0.0005536293062578336
0.0005098363156349436
0.0004884435275534822
0.0004999973076472627
0.0005167826735393448
0.00048152627557807975
0.0005014363280080272
0.00046755170598727165
0.0004714295554743347
0.0005220002981012345
0.00042982679137014835
0.0004291329342032805
0.0005302396974680322
0.0004767176011169113
0.0004521068384090862
0.0005578594968174569
0.0005333591717317549
0.0006489213691663256
0.00047852748281747287
0.0006316589815742364
0.0004776228602550978
0.0004437752993773907
0.0003633840183722403
0.0004757002295984785
0.00048300441861896917
0.0004574901780215375
0.0004981956873371163
0.000501499948789075
0.0004720663967743601
0.0004983500965631596
0.0004748866898389768
0.0004749871940867289
0.0004666684497063235
0.00048669850619598593
0.0004478276385126744
0.0005141904758178123
0.0005559822940229592
0.0005216711396822006
0.0005794590836212542
0.0003996459814268096
0.0006365593731091348
0.0005203451992877536
0.00045117682352774553
0.0005221546359745618
0.0005515003422980663
0.00047158002724630925
0.0005027658355908164
0.0004693359550020825
0.0005843731728557046
0.000533871395095694
0.0005231237048357735
0.0006429027224956307
0.0005486912994164541
0.00047358026634250873
0.000489848201956287
0.00047309531842151467
0.0005998190060290271
0.0006103111767394611
0.0005504853358379856
0.0006177601414311179
0.0005151336985910022
0.0005136022794941193
0.0004618178886420035
0.0004503779128557468
0.00044118282240043256
0.0005235800263499516
0.000499173775559251
0.00043442362075742
0.0003889273694620138
0.0006052212104578233
0.0005387979396429976
0.0004359063071005589
0.0004914333702021226
0.0005420661398534424
0.000528452994840907
0.0005328934619692844
0.000448706431080642
0.0004613405521928909
0.0005315603103192622
0.00044153456782611235
0.0004806386928451082
0.00047324530376472156
0.0005418309772841174
0.0005024867185103889
0.0005000334370757216
0.0005650090699356055
0.0004836215567988952
0.000455978066934598
0.0006114500279887728
0.0006103671400262015
0.000591031357369101
0.0005332891108918317
0.0005919992270804823
0.0005449048262696766
0.0005940882825767246
0.0005094198163540121
0.0004673423273913046
0.0005059860085256268
0.0005194709611459103
0.0005521473040209814
0.000497292595997446
0.0005822452482958036
0.0004415384757435385
0.0004327917321188731
0.000504165223007379
0.0005052282779871625
0.0005048105415219438
0.0005062539724624064
0.0005420266661018378
0.0004907595172481652
0.00043612169736131825
0.0005355530672733922
0.0005087501834239863
0.0004841278612321582
0.00044588414938715934
0.0005100453352450849
0.0005472415491438169
0.000551960419860959
0.0005631318967869334
0.00048748321913926265
0.0005798659415013261
0.0005017725474218927
0.0005081378643476332
0.0005551722360694219
0.0005278856151129317
0.00045800848285386636
0.00047363762208163794
0.0005537263974773
0.00043109532324013344
0.00050697393981309
0.0005359559880872741
0.0006029092495450053
0.0006109451955392619
0.0005597229956730857
0.0006888787131592972
0.0005099654958479557
0.0005537945788900917
0.000512947435870164
0.0005476752507253436
0.0005987998086173882
0.0006352957602575943
0.0005117182368967754
0.0004897979005313827
0.000489026416141636
0.0005255963357012925
0.0005317057115996961
0.0005275394797984827
0.0004645770970603416
0.00045362025096924263
0.0005454483892380624
0.0004847950644258213
0.0005268197676282136
0.0004573950680758046
0.00047076632061021585
0.0005443326095739882
0.0005539726020432506
0.0005735013886281087
0.0005346529207435175
0.0005264936604202443
0.0005916086085991705
0.0005005668440666897
0.0005520821993614128
0.0005802103770513183
0.0005429019361024506
0.0006218152667006669
0.0005874128069858615
0.0006397935680896521
0.0005562123641923998
0.0005567127857649894
0.0005017338107205091
0.0005962719931729611
0.0005217027311037604
0.0005434345173627789
0.0006162597632197234
0.0005224597309035593
0.0005354156011130332
0.0005723163322057227
0.0004710447929768982
0.00046809342546891183
0.0005335209692200597
0.0006018194574076398
0.0005295860684547512
0.0005457111008455635
0.00047979505260806535
0.0005347356629589105
0.00047545749083832375
0.0005189652047335928
0.0006942925390864516
0.00046786668280544136
0.00048085798248219
0.00046618047446139065
0.0004876778757878433
0.0004953599170805072
0.0005267896801523338
0.0005045527327310331
0.00058303111270025
0.0005167750464220642
0.0004880711193533265
0.0005238789767213636
0.000514696719234223
0.0005090206319945254
0.0004925797817378247
0.0005406265085535166
0.0005253375995681222
0.000575570916099098
0.0005238307365306504
0.0005143096332188874
0.0004732099717509965
0.000450349280395569
0.0005267511661377229
0.0005246818100885248
0.00047892312710329146
0.0005116432822523508
0.0005126885769237092
0.0005797609957823478
0.0005402660239127749
0.0004838331448980084
0.000463138216710038
0.0006743529809887678
0.0005704101177958431
0.0005450377930214525
0.0005041799188304342
0.0005597569885843163
0.0005212786181976241
0.0005682781124162495
0.0005948618556169033
0.0005162904553514747
0.00046636935280051553
0.0005901544849441868
0.0005110889676242887
0.0004793030427589091
0.0005164121256664322
0.0005106539898100965
0.000403439665906155
0.000518753038991045
0.0004061944508595715
0.0004123784572450301
0.0005309782103858732
0.0005168817154673697
0.00041973041110624827
0.0004423852864038354
0.00047947332682235434
0.0004210818525188336
0.0004891889630292005
0.0005108643569013421
0.0005173635118113963
0.0005367008584982509
0.000585107067151428
0.0005224096409882603
0.00048068724131980804
0.00049686693673901
0.0004973853364782562
0.0005527658582396277
0.00046375606258842447
0.0005541936139018189
0.0005303524432423292
0.0004767610986793603
0.0005521943300063334
0.0005233325891360965
0.000550327562988299
0.0004418037816833736
0.0004501061727854785
0.00048272769907478126
0.0005490920453146823
0.00041850491328557536
0.0004998078842251294
0.00046030061627977414
0.0004568578955298057
0.0004509577688120043
0.0005174791509282425
0.0005428727096420021
0.0005477686132633631
0.0005615887649660618
0.0005339883446044747
0.0006669682141244517
0.0006714160284187966
0.0005560944234793481
0.0005602580549577827
0.0005334331042580922
0.00047836569498886216
0.0005495713762265789
0.0003895427410670375
0.0005333190809952172
0.0005899593602737112
0.0005441186647679912
0.0005126403681857055
0.0005833599971440127
0.000490303978182855
0.0005221780052900913
0.0005132776746351784
0.0006002949701684047
0.0005340487003799121
0.0005582238308890646
0.0005133557408898925
0.000483868118022582
0.00043292762002776546
0.0005267525717786245
0.0006046237648690733
0.0005198106108659416
0.0005449457939168145
0.0004870064600444901
0.0005782472843340584
0.00048349508825705283
0.0004859126221037808
0.0005569532192569314
0.0004097405444555667
0.0004806821721119435
0.0004943697448409279
0.0004200536100350664
0.0004695727508548652
0.00047369251893051266
0.000505330399256324
0.0005945539433646127
0.0005489053638818699
0.0005566836065143437
0.0004360392904908089
0.0004892541132570212
0.00047719749331076827
0.0005762011771747232
0.0005845913891461339
0.0004852235252780963
0.0005217627396157139
0.0005553703629301329
0.0005405350232301287
0.0005268169810300867
0.0005147864610745421
0.0005283235740808313
0.00043153313721099376
0.0004858060344866186
0.0004530500926608875
0.0004572417561164282
0.0004563065130173046
0.00047776613531501935
0.0003932780750504424
0.00042789440084755443
0.0005150678571352827
0.0005754744280924219
0.0005278123629307378
0.0004064480272642664
0.00045604497548675036
0.00044698045221759847
0.0004764915577480644
0.0004492447610195878
0.0004745134897792876
0.0006385216241011927
0.00045922692038882263
0.0005276127862342152
0.0005651613397429493
0.0005688907200162306
0.0004808624257291158
0.0005070454174060834
0.0005136649629385853
0.0004768079695214094
0.00048719154163386454
0.0005235636254108277
0.00045078534545161283
0.0005328664972765361
0.0004303895162216516
0.0005725319869093278
0.00046733277733264903
0.0004908911441944476
0.00044835500039944567
0.0005596506411016304
0.0005339685590334778
0.000528452189467444
0.00041300725026048916
0.0005434618685353323
0.000542009239267793
0.0006704230421994465
0.00042795748271220167
0.0005025303487035475
0.0006508883964108612
0.0005610056369409037
0.0005381727145513941
0.0006096663916111559
0.0005296644869799994
0.0006279988484647672
0.0004587204518224972
0.000472994882069497
0.0005385524428238906
0.0004771994021782336
0.0005731314236026234
0.000566305970910997
0.0004434576508081123
0.0005028428166478428
0.00044966853438224827
0.000528695943323016
0.0006341309342284932
0.0005368430531582583
0.0005530450798529228
0.00046017222523232363
0.00043098224342781176
0.0005255032466103415
0.00047186974495924314
0.000614024969323459
0.0005729039245226374
0.0005079714602862188
0.0005336681247943036
0.0005679383551635461
0.0005039714566370604
0.0005464542209924372
0.0005385025171961155
0.0004967715275579862
0.0004172934513238382
0.0005692560323917759
0.0005650381349044565
0.0005331043196551927
0.0005113821313215671
0.0004797174867787262
0.0005948692630797757
0.0006143598845780599
0.0005731917148848713
0.0005241129584412573
0.0005089630837749296
0.0005465803302040159
0.000591654374733811
0.00048647822240629394
0.0005937624071488357
0.00048173946195135924
0.0005312288987608023
0.0005619679742843641
0.0005709230772093381
0.0005268207058869611
0.0005384851510838856
0.00047185862307758336
0.0004997180490812726
0.0006119344055236793
0.000483738508173885
0.0004877435078735945
0.0004109428227244654
0.0006598152447845108
0.0005534323855908138
0.0004939081735661392
0.0004939159412646119
0.00047433442021672993
0.0006086298630200964
0.0005497416907030864
0.0005308492644028562
0.0006824954490858373
0.0006059865867156462
0.0006179569313315874
0.000538495097033535
0.0007393723061069533
0.0005355014021586736
0.0006435181716118994
0.0005899007992613767
0.0005058061855418507
0.0004677660732055984
0.0005177976420793233
0.0005906039433476738
0.0005495009756323828
0.0005773660081186049
0.0004889986436808665
0.000555496073013486
0.0005305287429402336
0.0005375478909944745
0.0005683890774628136
0.0006620084966453397
0.0005355126153525154
0.0005565423830054866
0.0005745201452071457
0.0005544299520080981
0.0005945246602533857
0.000570021391807889
0.0005134963099490047
0.000584919011557426
0.0006458591310555454
0.0005819502144218196
0.0005660719497092145
0.0005511797286871764
0.0005688752010838049
0.0005077237397314954
0.0005674885692019537
0.0005410691436041121
0.0006404959796569382
0.0005842428963881484
0.0005500130712314732
0.0006393401364453198
0.0004990105447477447
0.0006189082615933274
0.0004989989612894431
0.0004973640547876688
0.0005089519537024455
0.0006290006091574608
0.0006503551462615899
0.00042276994103028937
0.0005537276858218557
0.000544472626697511
0.00048589882192519757
0.00045636499614710703
0.0005725478923338638
0.00044092120115904986
0.0005811273879990491
0.0005584937412854401
0.0005076018745114955
0.0005691014934148442
0.00048584991096186736
0.0005773105443828796
0.0005823524337954287
0.0005226499693342881
0.0004884080286306225
0.00045708929489821055
0.0005568756472153096
0.00043369552215144204
0.00043592635979457846
0.0005674317117885405
0.00042850152359589973
0.0004299915781859685
0.0004348181442471578
0.00035943084448350623
0.0006022737406388018
0.00044925790577423437
0.00046646178420705844
0.00046784387362822246
0.0004459040319405683
0.0004741586225507171
0.0004696576274400129
0.0005665076564831637
0.0004623309668782048
0.0004218017718968599
0.000475813206170193
0.00044668373192876105
0.0004790596212128628
0.000402154811626995
0.0004665643941945008
0.0004685219386491991
0.0005364343445754899
0.0005219890808996527
0.0005833454268376445
0.0005274494779931613
0.0004958956874809632
0.0004357217885524229
0.0005216401589547961
0.0005426745477068222
0.0005231511305503133
0.0005675661123066343
0.0005308315164331112
0.0006001876525477655
0.0005130172720167348
0.0005942676309448011
0.0005408816159242649
0.0004894642919821567
0.0006031446441154337
0.0006080552642538459
0.0005902314299769554
0.00048609179683982716
0.0005772274078040513
0.0005683273274289851
0.0005872155077596033
0.0004814606504182431
0.0005811735202044528
0.000559674358983094
0.0004936382232241022
0.0004476865331673595
0.0004662995757768779
0.0004961879136685891
0.0004693104376832541
0.0004619830277296925
0.0006134338424239207
0.0005413242203574052
0.0005062721480236318
0.0005532452145944032
0.0004917663890671543
0.00047024713504914783
0.0005220726027209199
0.0005587182284024939
0.0004650394235609947
0.0005352619471203835
0.0006160610018499599
0.0005166096689463806
0.0005436377227407637
0.0004894616752022165
0.00048768914031673786
0.000489871881133888
0.0005973614626868039
0.0006312045187185463
0.0005570306744139531
0.0004836696910228762
0.0004896464444620444
0.0005040220429716796
0.0004561783827394695
0.0005159028529456372
0.0004572580011478174
0.0005014272299428703
0.00039329592763567134
0.00041212788990298163
0.00046581037253054253
0.0005608658370471086
0.0005418399856771365
0.0004992571740215443
0.000507744430609538
0.00047757496523344653
0.0006123755644731475
0.0004913868430216072
0.0004173154643175992
0.000455105632279793
0.00045935717441066356
0.0004981342767851341
0.0004583473333704419
0.0004468738763811329
0.0005270501826586977
0.0006105627570149924
0.0005134195161760454
0.0005761164274806161
0.0004954163813092519
0.0006245219782970552
0.0005541957887712299
0.0004807473888919806
0.000576914677471792
0.0005494295669045095
0.0005672908550667302
0.0004788602741813723
0.0006176913074669536
0.0004719881348037822
0.0005454881834866718
0.00046153578771734736
0.00048560673134765217
0.0005219972083293943
0.00047308717342100566
0.0006173322165415698
0.0004569003237666283
0.000506320720801014
0.0005637297614180831
0.0005016058511095756
0.0005496578668987797
0.0005644522376976785
0.000525346886169637
0.0005123635339265627
0.0005229771626500976
0.000506263795404282
0.0005091599609753893
0.0004189832425057586
0.0005200244800067691
0.000427002468659884
0.00048114724765934775
0.0004469722748130107
0.0003979953294397175
0.0004705200058119434
0.000546707203910904
0.0005102627572355419
0.00043109625056101183
0.0003923328041609837
0.0005354809110203615
0.00043371028217715915
0.0005277335003692208
0.000508536837009242
0.0004957793223506531
0.0005425161253399394
0.0005538607280952914
0.0005049363957702229
0.000570753178725979
0.0004334555297977863
0.00045240197525558544
0.0004307119347981207
0.000467880045507389
0.00043300802433644434
0.0005185740907431623
0.0005713136569265969
0.00061627975225165
0.0005724357112382618
0.0005118345971897782
0.00042849753487627187
0.0005448292197769915
0.0005306026413151982
0.0005647532050014442
0.0005282632941700033
0.0005110621560725254
0.0005801648630850087
0.0005190142165981505
0.00052924663924584
0.000562776813208281
0.0005123636121347729
0.0005093083960668909
0.0006399451777970955
0.0004668749440392023
0.0004994322033034756
0.0004199045367978477
0.0005816187670933133
0.0003909935417275238
0.00045253231583374003
0.0004845773815299921
0.00046666701415156467
0.0005478675443027759
0.0005028818436706974
0.0005278568242540226
0.0004882916899280156
0.0005520544395623772
0.0004935701512271946
0.0005468615496097526
0.0005450337851063008
0.0005856213892876978
0.0005528084179712527
0.0006453395351564354
0.0005866898780415157
0.0005792962856210899
0.0005962359894568991
0.0005121014177684646
0.0004541865150308417
0.0004893299604309215
0.0004990854604364908
0.0004205474571899474
0.0005535077730843504
0.00046357531603503254
0.0004296591894985205
0.000457525142476213
0.0004980206980680252
0.0004630000211882862
0.00046864991447199945
0.0005242861823626521
0.000545151011967364
0.0004523819016687149
0.0005108699629957969
0.00048768661097746337
0.0006182988868612889
0.0005600068213879577
0.0005058090464626004
0.0005853537447325117
0.0005135776768306051
0.0006473857745263377
0.0004843773014108805
0.0006027782529800421
0.000530451090115328
0.0004514693058842414
0.00046445149329643463
0.0005156309444493064
0.0005607567009132947
0.0004845046305169995
0.0005430855333422561
0.0005918819142834628
0.0005023719760774099
0.0005810875552052711
0.0005131269839823276
0.00044492362103914194
0.0005383220878718417
0.0004462604188714221
0.0004383052800539322
0.0005396053582801978
0.000456279125266744
0.0004697458936448325
0.0005709602768029227
0.0004624886566511569
0.0004756735527057454
0.0006395772406396465
0.0006003596704286866
0.0005678669758888687
0.0004917019268806117
0.0004954123035509062
0.00043809198152770513
0.0004579215296528073
0.000526097965858961
0.0005484301311264191
0.0005631239856296518
0.0005306023398959905
0.0006814323953299624
0.0005042632189628423
0.0005774420181235497
0.0005168475494919339
0.0004820716718517734
0.0004787411144495826
0.00044141829614375194
0.00039525027853895914
0.0005706343480872641
0.0004753820733944271
0.0005269366026048796
0.0005019564256492434
0.0005759660623857812
0.00044148896191362164
0.0005039410979645411
0.0005308707224672071
0.0005018974885611162
0.0005948233796021098
0.0004958397363528227
0.0006031431685635124
0.0005400457922853032
0.000610333542562084
0.0005223982478999105
0.0006286246557847272
0.000490291407318534
0.0006545851835866497
0.0005844856623953358
0.00046133254436770316
0.0005233122346902698
0.0005474035938406024
0.0005623611180261586
0.00044743956290143905
0.0004798893205017577
0.0006032851689978278
0.0004899309464109523
0.0005959960377004061
0.0004574263942466914
0.0005723247888413068
0.0007077671397776203
0.0005418909727673489
0.0005872160222273112
0.0005300360017733382
0.00046874977670627744
0.0004353893440242689
0.0005791705347750234
0.0005973392678362833
0.0005307423289988157
0.00048659947182783743
0.0003835126560464625
0.0005071166340787005
0.0005250387338863981
0.0005485956309160369
0.0005133655961261698
0.0005711310208388859
0.000512196868131703
0.0005369532544846885
0.000483236733839128
0.0004950441232198085
0.0005599243206547001
0.0005216951424460665
0.0005334391923102811
0.00040029638645456487
0.00042990858677645946
0.00047475316178886314
0.0005364294748829303
0.000510848456855904
0.0005676122659771654
0.0006580314673312893
0.0006153451905850143
0.0006140944728569691
0.00044509503022169364
0.00045320953047970014
0.0005249239037262249
0.0005236354629128087
0.0005932761887484654
0.0005966947712885576
0.00048395755312151346
0.00048344344144237957
0.0005382256425450475
0.0005676088045940512
0.0005426288726042303
0.0005379122120826095
0.000405435264401786
0.0003897442809929935
0.000632023239306221
0.0005081490655965059
0.00048088812511372223
0.0004723203834113895
0.00047178151408759037
0.00049317533964278
0.0005502537141663577
0.0005559241977916626
0.0005525005271850163
0.00042764790968136135
0.00048003732340900286
0.00047885363580801285
0.0004670187767186048
0.0004328582071133966
0.0004733225725522744
0.0004621708514723131
0.0004400032728548693
0.0004716558154465297
0.0005164300109819792
0.0005346039129802677
0.0005337619308840636
0.00043469885298316177
0.0005214051425861549
0.00048423045031293315
0.0005117547614136655
0.000448506930844832
0.0006194468652230218
0.00048100732099208815
0.0004996339722272057
0.00042510771550131573
0.0005815310638905823
0.00047137611926585096
0.0004610236933342941
0.0006257018224481368
0.0004987046063554433
0.0005775948206518247
0.0005760486943123429
0.0005232416381496939
0.0005735447128434054
0.0005312010143535807
0.0004713052166307021
0.00047885295886920966
0.0005336119637907358
0.00045389546187543433
0.0004280466038115502
0.0005276209776158684
0.0004890376125499055
0.0005548791240499347
0.0006570620197510574
0.0006325605428266485
0.0006003015268648983
0.0005561649895001095
0.0005428016094587561
0.0005225222542780143
0.0005354880807542355
0.00046493432506730745
0.0005803669655538067
0.0005805559923167645
0.0005399582275353577
0.0005047652041812716
0.00040883690763789766
0.0005675645420097796
0.0004578045284062909
0.000596069024771719
0.0005098506342921014
0.0004907929426530986
0.0005303831782097899
0.0005430144553141249
0.0005150859541045819
0.0005839718301106938
0.000570808323546778
0.000504834340394403
0.0005256665841753671
0.0004494311010234934
0.000485058661277671
0.00044600086707915576
0.0004400488648160197
0.0005092067836075167
0.0005363567137427411
0.0004636620451340286
0.0005778425971792342
0.0005298219214427033
0.0005472371523357599
0.00047946146728985534
0.00042705374727342136
0.0004986290202926979
0.0005092458914437128
0.000493140991190711
0.0006092547564226528
0.0005375919844283733
0.0006095671462254505
0.00046044017000305173
0.0005070259646005069
0.0005797989925899064
0.0005589854455523251
0.00046965749224940097
0.0004728611775427331
0.0004987965278022835
0.0005156275712041073
0.00041735895807826245
0.0004600486853923195
0.0004390741343272951
0.00047556062118918135
0.0004535666063948666
0.0004951791499760193
0.000540264665596047
0.00047906215459645943
0.00043530798506982325
0.0004595544092547657
0.00045496471463041206
0.0005607144070968815
0.0004680585457176192
0.0004465638204863437
0.0005395554686451089
0.0004405467724745695
0.00040238189508401905
0.0004839712495999432
0.00057112358309303
0.0005525645489805535
0.0004990513956889541
0.000537698506310466
0.0005534118761507296
0.0005160828177100923
0.0005088851661532035
0.0006125870788345301
0.0005005920357567447
0.00047026210882334106
0.00045462745911180785
0.00046716316347731495
0.0005327271972419434
0.00047807435503300684
0.0005133538839691173
0.00043386641499849817
0.0004589399799027298
0.0005098078834066702
0.0004983102633975365
0.00046745140399191004
0.0004711273245917849
0.0005393636519967056
0.0005124132599550862
0.0005139959192576184
0.0005065523652843187
0.0005403379766511229
0.0005081655349983109
0.000636832966259065
0.0005136165986989535
0.0004221843221137492
0.0005185524781783106
0.00043839724137545016
0.0005282016346977215
0.0004942235681580927
0.0004034342941580509
0.0005622595742205902
0.0005550258380056565
0.00045040920227696794
0.0004945395362594592
0.0005981536112634384
0.0004952113861435218
0.0005802760579441139
0.00041836736879161265
0.00045884419919093683
0.0006209554353322223
0.0005140155125999034
0.00047919732231253143
0.0005016049065980134
0.0005092178156640404
0.00047218990700139817
0.00045515534581279854
0.0005341255248005313
0.00047048226283306053
0.0004348646681700044
0.0004894280026477936
0.0005404246915885111
0.0005155127161999822
0.0004746649823452568
0.0005827099727609072
0.0005660746593604764
0.0004597953469902163
0.0004944515957471384
0.0005735836920227851
0.0006235573726894356
0.0005572460993915656
0.00046985374726753073
0.0005701862981519209
0.0004627964931725846
0.0005163135220524151
0.0005180325395805679
0.0004832977970776647
0.0005000210834659169
0.0004749888686362598
0.0004907834603892054
0.0005765017229409546
0.0005100746397624019
0.00047381179015200246
0.0004337321408358883
0.0005549948469083261
0.0005096534870792879
0.0004993618246143096
0.00048220332326949
0.0005328309548920134
0.000459132702557225
0.0005514385603272354
0.0005377840268013881
0.00042642697374238944
0.0004746610644777125
0.00046636514467907926
0.0005049103583204564
0.00046994435947942553
0.0005058381083712182
0.0004983735991028126
0.0004662988533069963
0.000538057632451301
0.0005067043988769523
0.0004905836369657017
0.0005565605577506211
0.0005225365425263475
0.0006597609192178887
0.0005957058363367966
0.0004424189489151804
0.0004892189517783815
0.0006063918183105598
0.0005062889718069087
0.0005804855379139905
0.0005999691658136936
0.0005730841312093722
0.000473494984222854
0.0006798495503175632
0.00058709050903502
0.0005136422788561967
0.0006284543038647941
0.0004889186998001575
0.0004910152858985787
0.0005284025548519862
0.0005817934093927744
0.00046246522806432823
0.0005164562776899191
0.0005303852879090712
0.0005487928796360955
0.0005937215558497215
0.0006153930990580143
0.0005013393214092696
0.0005795415157999648
0.0005031262197449775
0.0004965617610895404
0.0005547527004363596
0.0004289234828990808
0.0005566031264232628
0.0005764415230793404
0.000544456242300517
0.0006019025320409344
0.0005368188710053437
0.000533920113377042
0.0005092461817885574
0.0005293827604238001
0.0005266257528274245
0.0005186378347402818
0.0005528828506882734
0.0005311709405448425
0.0004749966247915671
0.000426881431013239
0.0005723995549525413
0.0005020431547933703
0.0005444852665575542
0.000559654362314113
0.00048809051503864373
0.0005904624840056227
0.0005593709689499561
0.0005053425351233471
0.0006196515058070872
0.000646254326196362
0.0005987816550313427
0.0005156031468657359
0.00044846049293398706
0.00047022019328098056
0.00045907598846016445
0.0005084942797425236
0.0005404714142864629
0.0004789212297039828
0.0004798225743063466
0.00045257919444425333
0.0005584696717539957
0.0005344259417330002
0.0005268228772414114
0.0005657364943670454
0.0005364129256437229
0.0005446360057147327
0.0004705251231809363
0.00045196452844481944
0.0006077433531084367
0.0005544716922342377
0.0006411342861312183
0.00042182733843930566
0.0005324866941609182
0.0005348119616301885
0.0005765849108545763
0.0005435430685967933
0.000630654287446327
0.00042692226754754157
0.0005123482751471456
0.00044788304000794893
0.0004796633916344471
0.0005444299303016104
0.0004592381200276979
0.0004819605108780295
0.0004840324610355721
0.00047535344109569694
0.0005529826623554878
0.0005106832289010765
0.0004667703882837556
0.00038402618950945195
0.00047255660383986093
0.0004660673183080047
0.0005825361555379764
0.0004894146895087253
0.0005224897833289593
0.00047389373706126085
0.0005757553299689649
0.0005600498099299882
0.0005477835775752033
0.0006095498666763582
0.0005409853731054322
0.0005367029761806672
0.0005748034531826662
0.0005604850408475301
0.0005708611838364777
0.000517277887848588
0.0005597737497844727
0.0005290164412128174
0.0004151067610675111
0.0005447571836348577
0.00045030562390700507
0.0004865775768488946
0.0004610230502983856
0.0005084772992963273
0.00047782767228262107
0.00046038658778122237
0.0005223543382402076
0.0005454895221544197
0.0005281167820803524
0.00045918923012659496
0.0005734537059873335
0.0005850600829624116
0.0005832829183086413
0.0004965092169850752
0.0004693056508593247
0.00048506375344055993
0.0005641207760617734
0.0005180530784169048
0.00045610814467399765
0.0004978494445989192
0.0006219331224258445
0.0005898887083415083
0.0004730017754073513
0.0004719662075405271
0.0005013884711388523
0.0005241504315923887
0.0005253982213081843
0.0005246177273757121
0.0005261047646768081
0.0005758455732810273
0.0005244818492187272
0.0004898795513466009
0.000419195778676499
0.0005097833397492833
0.00044095804784980705
0.0005026796139787027
0.0005331004325195476
0.0005750359569452646
0.0005696026389100946
0.0005090323568768487
0.0006436697618908025
0.0006020888740376437
0.0005314942702195175
0.0005552409097805088
0.0004275462917102824
0.00044625905356665834
0.0004572661136113864
0.0005484653326773474
0.0004697314922711641
0.000410404570524165
0.0005302319547786756
0.0005072574158451426
0.00047836294529795246
0.0006099269627200143
0.00047508187489042175
0.0005159588825895992
0.0005220182376465558
0.0005979797447670124
0.0005490449345122635
0.0005689612792581778
0.0004458978990475958
0.0004961025627729996
0.0005786488619326531
0.000478385435647915
0.0004698557262258102
0.0004460856006526665
0.0004113860194642204
0.0005044503839725932
0.00043623988439485303
0.0005198882888701284
0.0005838957257917688
0.0005223634058838347
0.0004620486821793829
0.0004790223395696836
0.0005809203619607579
0.0005054578259768502
0.0004937796152829254
0.0005306601480138505
0.0005007581243019292
0.0006071379075351277
0.0005594132446430711
0.0005185488468118002
0.0005587628619385295
0.0006249622165315687
0.0005853136425757226
0.0005163880539072826
0.0005535069661517974
0.0004847344422599141
0.0005375629207546006
0.00041362855142208825
0.0005177021274338454
0.00048368021395499267
0.0005375302668470955
0.0006355082319253728
0.0005696404296311438
0.000628959281723035
0.0004931131044235987
0.0005788501079383619
0.0006313312471409603
0.0005608476551471468
0.0005530942833837017
0.00045739218153307843
0.0005667860796356078
0.0005139205424627829
0.0004755253462283631
0.0004923722430701245
0.0005013713015152159
0.0005156650608435381
0.0004932363963277773
0.0005268826023009321
0.0005043939377564709
0.0004914137390628941
0.0005250369009998643
0.0004121052631039074
0.00046676067919707633
0.0004963199494781192
0.0004472109915211144
0.0005159649183832869
0.0005160731378339535
0.0005537957930471588
0.0004768257752341557
0.0004942994000259841
0.0005770592995017916
0.0005386961415238593
0.0004909371409840196
0.00048691233008535086
0.0004586106192311626
0.0004443696005811727
0.000547505207262633
0.00046525310432197407
0.0005092660985531166
0.00048613709608663684
0.0004760357622082217
0.0004298838039774117
0.00044578068618906743
0.000460073445907281
0.0004346657513611609
0.0004234263473811816
0.000463776272347159
0.0004770085264308108
0.00038771041844392186
0.0005405388546791888
0.0004458954633012321
0.00044748727143005616
0.00043843976284955896
0.00044974711930080227
0.000442027509495546
0.0005793912304072001
0.00048658657809999323
0.0004989160395493859
0.00043212422023335384
0.0004332797049796391
0.0005461653773512284
0.0004652524494742416
0.00040225132998467864
0.00040845088956098545
0.0006222680158901282
0.00038879151967005627
0.0004466159956604858
0.0005629916500866115
0.0005637494202186097
0.00048086278748347066
0.0005550022637402606
0.0005172874902033141
0.0006087615475048494
0.0005119958919676282
0.0005573527767690606
0.0005026949553778201
0.0005820914565994932
0.0004558620819947302
0.0005385021222277264
0.0005916143950512594
0.00048553290420368236
0.00043727219819779633
0.0004594689183417253
0.0004693349825630682
0.0004103721280913327
0.00042853078120926583
0.0004357111101942603
0.0003537994019619044
0.0004416566495938838
0.00047037505109141727
0.0004537813107216499
0.0003968638318967564
0.0004951750823194359
0.0005360884136933477
0.0005101212562350069
0.0005094380108637604
0.00042482348606798985
0.00038292470056077035
0.0005382139732055591
0.0004277880913064619
0.00040377343119732693
0.00042809453388789495
0.0005574532038699707
0.0005382281561861043
0.0005515242501097105
0.0004658041337232246
0.0005276392325773413
0.0005655688401973133
0.0005399873136640009
0.0005300457767017277
0.000627401117105483
0.0005053874576738905
0.0004990474077081057
0.0005591845768619854
0.0005621359299172636
0.000636960901481973
0.0004285355248967944
0.0005363457463778673
0.0005484376502835278
0.0006023230245741854
0.0005286968189244244
0.0006091354917096597
0.0005372745107549675
0.0005725262422969371
0.0005903700772443035
0.0005976562783852675
0.0005434212980702796
0.0005685386616681182
0.0006161880702168989
0.000563889150578054
0.000536735389444827
0.000570525840401806
0.00048227548663754753
0.0004669181790102276
0.00044337211952748436
0.000469304613279433
0.0004800957544217054
0.0004150040423807914
0.0004357943517020645
0.000549256186086897
0.0005361699616990509
0.00047859672754901677
0.0005177866217978243
0.00046670452101795726
0.0005414233368243714
0.0005008616106927026
0.0004940973482351265
0.0005824610901088761
0.0005910120841892118
0.0004177027014401154
0.00044194590781697666
0.0005308567241606284
0.0005032576585366837
0.0005200231687351002
0.00048355241936618457
0.0006171254306301923
0.00048596702354450756
0.0005584894905802313
0.0004949471351293092
0.0004930703762869618
0.0005683829788116007
0.0005891539076122074
0.0005369938237018549
0.0005506687525501576
0.0004978450781748993
0.0004328210902607739
0.0004440212346396193
0.0006408951302014709
0.0005212958861944281
0.00047256481857861464
0.00048163312376286885
0.0004186111189615681
0.0005652449650489909
0.0004839759957978134
0.00047615358746117605
0.0005216545918410128
0.0005236370290495505
0.0005346283028386968
0.0005235546505222222
0.000455537232469554
0.00040927818324084026
0.0005272644291711996
0.0006268121689944557
0.0004916873441848543
0.000580283776200399
0.0004606780790239919
0.0005189571614247175
0.0005646101149969041
0.00037980611378197354
0.0004264291479925364
0.000481800183504555
0.00048603423974416814
0.0004897995343971022
0.000517840053110827
0.0005126543935149382
0.0004894456933124248
0.0005850248470530232
0.0005324506292207965
0.0005421639240069474
0.0005227266230533201
0.000529215899223777
0.0004933846396586544
0.0005155354976697703
0.00064135570352327
0.0004734643694881092
0.00048052575873173525
0.0005147918413396442
0.00044250104236096964
0.0004687259909860963
0.00043454232468137527
0.0004139955337863686
0.0005990858608662394
0.0004831979887959638
0.0005600353934165967
0.0005008035251741164
0.000531341295678081
0.00048623217362298536
0.0005705204446276549
0.0005940947252354798
0.0005595362540092056
0.0005025816936183214
0.00043659289590586856
0.0005622333033157988
0.0004857277571923992
0.0004752344521257915
0.0004955037774711293
0.0005791026385029961
0.0005489592668292981
0.00062552647838546
0.0005104681865859471
0.0005488895080056943
0.0005874799496888615
0.000536021793617402
0.00045913101508075494
0.00043298899546469525
0.0005054159319014415
0.0005268326656510917
0.0004829426395703279
0.000518812072097134
0.0004612252467907801
0.0005368817599268374
0.0004990166171596523
0.0004367978649940861
0.0005380149032919118
0.00042767064435006647
0.0005683957030146301
0.0005271136395213196
0.0006461371798568663
0.00047418279155936273
0.0005040784450017315
0.0004950741822984029
0.00047275690893717044
0.0004986567210022336
0.0005845881686456151
0.00048546338291373154
0.0005047028495168999
0.0005680612771925746
0.0005846998924622652
0.0006205495334156877
0.0005083795106097651
0.0005893056810952581
0.00044274783327874744
0.0005710563969787232
0.00044720761063269385
0.0005719611118969478
0.0005763931876076574
0.0004523414282483392
0.0005563212665056441
0.000484567382439766
0.000541246819005909
0.000522710062313347
0.00045609826533856573
0.0004944727578714602
0.0004735260351838164
0.0004753171721305466
0.00043114157790401567
0.0005602022731615069
0.0004392928233382188
0.0003775227138654019
0.0005198290278656444
0.000522086099078212
0.0005441229692692293
0.000640879362775741
0.0005299712973822492
0.0005142378262468574
0.00045029141940059164
0.0005099992762240618
0.0005952646044739149
0.0004614517337679876
0.0004972420455822742
0.0004968393448713578
0.0004554043870862389
0.0005235723967527928
0.0005107909662639861
0.0006001835174672638
0.0004337692056800559
0.0004574977807462973
0.0005289810404634222
0.0005644189039006962
0.0005245170808892924
0.0004695162217745033
0.0006357143811469477
0.0005252676605852834
0.0004532830980178443
0.0004778756353454358
0.0004264489919517659
0.0005478433884502715
0.0004777712129062367
0.0005481170505892987
0.0005067651154686947
0.00047375438876150807
0.0005015556076930645
0.000442203649837369
0.00042368089524530097
0.0004590265815059568
0.000514307120650745
0.00045076652038702916
0.0005185036179891562
0.0005735609726261526
0.0005741562951997875
0.00046452731609654364
0.0004982926120154506
0.0004321019833651605
0.0005192799675439822
0.00048628426911488665
0.0005529680085112252
0.0005519654645461025
0.0005009648428975137
0.0005007996311242781
0.0005930566554475138
0.000580000973019476
0.0004898968922840252
0.000521672188509175
0.0005385562238243361
0.000505517664455219
0.0005005043844239562
0.0005435764991125194
0.0005358253486828174
0.00046416297154904294
0.0004904570296791354
0.0005048308056820272
0.0005389311020358346
0.0006245047046671764
0.00044762005922694656
0.0005640779112821477
0.00042032093702753376
0.0004619248895317715
0.0004722331837750964
0.0004907840296554517
0.0005576382735139034
0.000577879183666859
0.0005548372683558969
0.00044101846712908297
0.0005608424762585265
0.0005868657594576639
0.000559836230060911
0.0005172545992192895
0.000546537016145716
0.0005654672864200575
0.0004988240571141913
0.0004671601403932681
0.0005386331425299727
0.0005328865919484047
0.0004281124604995171
0.000494584632834896
0.0005309400633582438
0.0005452045077578647
0.0004735979666433649
0.0004365762784576058
0.00044884803313140583
0.0005269138960022963
0.0004708617648086601
0.0005299000502671194
0.0004694757678075753
0.0004885164256239037
0.0004727107439200389
0.0005398328190141473
0.0005015309081943036
0.0003834074980645522
0.0003918442552262301
0.00037968584577026296
0.0005385155054450334
0.0004926253293130252
0.0004836800630327333
0.0004561052199970331
0.0004693319924209046
0.0005200921035840757
0.0005466591097703402
0.0004283460055725287
0.0005680998287772585
0.0004431777006838103
0.0005139095577772982
0.0004577964998066791
0.0004289493151250685
0.0005813216007392439
0.0005724362964154405
0.0004699279518081994
0.0005697317417075827
0.0006339740358884045
0.0004898606650490616
0.0006523337914050631
0.00048361993489420553
0.00045415387369911214
0.0005386236357341664
0.0005629823034823457
0.0005073907877028275
0.000493492727086371
0.00046390697169980426
0.0004949931418149863
0.000495781160991151
0.0005056940235904284
0.0005063123016881845
0.00046742529203082323
0.00047491803842523647
0.0005027670947837925
0.0004200476489720589
0.00045641225148619966
0.00041699161737716986
0.0005369859364099079
0.0004871038958295717
0.0004364105276372487
0.00039930418229261775
0.0004915669930521485
0.00044527613440726145
0.00046352771219595605
0.0004333298797173975
0.00043623521245250366
0.0004718297821236665
0.0005013312464470303
0.00043055116919243577
0.0005334493125281916
0.0004567717892109427
0.0004626444924875408
0.0004173376669138057
0.0005660214469727431
0.0005156600685901854
0.00043010645659305376
0.0005516745712470476
0.0004166379713778453
0.00044987338372472967
0.0004260939846705846
0.00046177397934869726
0.00045330466024125503
0.0004885828010076314
0.00044531786748471224
0.00040302496578979545
0.0003693450903302674
0.00047509452535811575
0.0005057529768742546
0.0005085638233887806
0.0004294422035608426
0.0005068492731282403
0.0005399438550665243
0.00045106908610387816
0.00047878268133104255
0.0005640858989856992
0.0005567278812157094
0.00046718760250138357
0.0005252821940672459
0.0004793256812847577
0.0004832089173581427
0.00039734180484023407
0.0004777440248027199
0.0005852633635883062
0.0004766379424944642
0.0005765137963196235
0.0005190611839503435
0.0004891444845576206
0.0003925762185389122
0.00045196434133638864
0.0005094396019838444
0.00045034439735541624
0.0005384797649163968
0.00048089490301069453
0.0004949993073126043
0.0004500464299576124
0.0005477544409945191
0.00046138037029190007
0.0005649499909472032
0.0005173006644207099
0.0004753868562829372
0.00048596399618790914
0.0004499887382245082
0.0005148316298073924
0.00044445410587289465
0.0004954011815256296
0.000557583795621991
0.0004948912587294297
0.0005426284841942865
0.00048588779838336415
0.0004897432646377977
0.000453775147126605
0.0004420437949030953
0.00045364734268176155
0.0005524554649607045
0.0005596705189070483
0.0005622985502730609
0.0006368366722271496
0.0005062127163111764
0.0005649224976355934
0.0004860409543645607
0.0004558359983781742
0.0005394540371595256
0.00049746645231933
0.000467495707193263
0.0004968574807678335
0.0004961598368032669
0.0005094141729735651
0.00048702356365705257
0.0006337723747266062
0.0005909777462869083
0.0005003220508729673
0.000510136315585841
0.0005068681216724575
0.0005446981136809309
0.0005230560235787379
0.0004938141254758117
0.0004908091150062914
0.0005824848084314756
0.00043759408604746947
0.0005257294423091721
0.0005255075847128935
0.00045383598153241284
0.0005780869661380575
0.0005010655366431275
0.0006843710080352014
0.0005014892714472403
0.0005061074786371337
0.0005662679488219825
0.0005143292173598176
0.0006128942007029352
0.0005814318340064505
0.0006007141682064435
0.0006239912554901554
0.0005605641308374704
0.0005077035607431972
0.0006299460085598077
0.0005015001581683757
0.000491627641718912
0.0005028628927585933
0.0004942222151728766
0.0004776287050474829
0.000589186140985213
0.0004875092808599411
0.0005429055760772582
0.0005214990815569665
0.0005328232229830424
0.0005440340240546825
0.0005131875914078173
0.0005454046531459252
0.0005359463166071209
0.0005164902674065127
0.0006570973723823538
0.0005813661910336153
0.0005898428564326349
0.0006086597620815591
0.0005542399295875698
0.0004165717972392316
0.000446261177590794
0.0005173856878143327
0.0005312978288760255
0.0004427633300060159
0.000453336937985938
0.00048651093757291736
0.00048252146203303566
0.0005147543474868407
0.00046535696666649576
0.0005805212131883573
0.0005249982198329618
0.0006018819523476276
0.0005453172076437094
0.000535318840229133
0.0005573242892243527
0.0005157138918887234
0.0005685046221934396
0.000520633100550789
0.0005192901075523518
0.0005344927362270053
0.00047609707401405154
0.000447612955368622
0.0005635915667599203
0.0004957439792477448
0.0004977044983246158
0.0005403276717536918
0.0005645997769637196
0.000557217419757992
0.0004990688408388171
0.0004729838359658413
0.0005117445930701792
0.0005676992064834006
0.0004790552167191926
0.0004988528659193059
0.0005425907658317372
0.0005840656982965327
0.0005980052641343177
0.00047838008080277217
0.0005528845218897774
0.0005908624667242238
0.0005087844914774734
0.0004074291043198457
0.0006201165795356686
0.00054580610639869
0.0005027827050097355
0.0005123706352794409
0.00047703499604129457
0.0005337689214433692
0.0005666013266527153
0.0005670941025168704
0.0005660502713184923
0.0005398933327923903
0.0006579276582868828
0.0005518639442765533
0.000617937089342855
0.0005569567814042171
0.000520176007552577
0.00046413446906834113
0.00047197045156779764
0.000514848937092317
0.0005267389426553647
0.0005734871148737149
0.0005002243495861794
0.0005138702932134569
0.0005094180383470277
0.0006186004507846456
0.0005399510854845214
0.0005229413738724701
0.0004626238305777199
0.000499368942163162
0.0004416942331184764
0.0005072475180234071
0.0005039405662882967
0.00046005045517028963
0.0004062583050537733
0.0005556770733975746
0.0005716712712497478
0.0004888958828846427
0.0005734284890322917
0.0004715683375921683
0.00045695115798320365
0.0005302660267101414
0.000513262838874987
0.00045447054422030435
0.0004038606650435406
0.0004677124598285056
0.0004041404739398515
0.0004588174108994107
0.0005177168564808128
0.0005145212341214853
0.0005449679825688337
0.0006016091813461158
0.0005229887184875855
0.0005963298877955993
0.000509724838044212
0.0005202600399322959
0.0006358491610629537
0.0005518816447258706
0.0005374043427996185
0.0004339433666148431
0.00043580990311141134
0.000468224730920062
0.0004198130597142818
0.0005335792755974669
0.00045692637363452514
0.0005665506684598164
0.00043351221783860717
0.0005249788702162751
0.0004955478932617448
0.00047092616514339867
0.00048738989030023823
0.0005177808634083825
0.0004903285240188626
0.0005128882815145251
0.0005064060460981554
0.00047692933097587937
0.0004000444156038537
0.00046936414834085837
0.0005068888285606609
0.0004548052106114693
0.00046127033082435235
0.0004656763928448212
0.0005405502528296449
0.000554986773519643
0.0005499501375881659
0.0005202673159003335
0.00048579991906142953
0.0005162951921489495
0.0005341451278835359
0.0006312419613451989
0.0005671300324136263
0.0004912040048859916
0.0004841381613914645
0.0005124322722245075
0.0004996678853477237
0.0004827057636374633
0.0004343502088068611
0.0005404428210382156
0.00045653047339753213
0.0005826327587532604
0.0005037278537910059
0.0003836780074303768
0.00035613117117802774
0.0004300747514666033
0.0004261089224372495
0.000488634844283798
0.00043040184606907506
0.0005058514330845045
0.0004801519568755066
0.00046879003288699935
0.00045285895900042984
0.0006050231982916141
0.00048393254261332674
0.0005187588095954554
0.0004552459333510918
0.0005125223107650588
0.0005074548315300532
0.0004077423092041442
0.0006037116447935193
0.0005531620617605124
0.0004974375787603518
0.00044422791498495526
0.0004913053696423824
0.0005527116872453233
0.000545243747663978
0.0005083574452339072
0.0004965032074531047
0.0005911580090305315
0.0004975356354539435
0.0005139021046164352
0.000437088903775104
0.0004540108945610386
0.0004958217200671456
0.00051244595229181
0.0005068308248228283
0.00047928640178225
0.0005014516362232447
0.0005561353612933647
0.0004738959061209118
0.00046569254976032334
0.0005450795172443878
0.00048010856680678383
0.0004536196738195472
0.0004473927616817991
0.0004864266074604581
0.0005309417334251826
0.0004704119068375218
0.00048257935297415063
0.0005829731409418888
0.00045576340866661306
0.000615858259754721
0.00048726380479030687
0.0004847102933016531
0.0005383205891143461
0.0005212495684384519
0.0004293005504361367
0.0005498258287148423
0.00043616760090268183
0.00041494689357294315
0.0005456282615926133
0.00044021045504144817
0.00046314976368184416
0.00048751064494906103
0.00047229153350138663
0.0004677262683586322
0.0005026292752806235
0.0005822678194107066
0.0005772107836952542
0.000640065995653603
0.0006268746928417132
0.0005504575097207444
0.0005483861907178146
0.0004899497743001781
0.0004430268648771698
0.0004564218218760274
0.00047930084564957846
0.0005129316959659116
0.0005206734553754349
0.0005359973417537357
0.0005125488655817068
0.0006062185913519757
0.0005232808443401899
0.0005276515981269836
0.0004812168621538105
0.0004958584371240807
0.00047226261014451644
0.0004505004512765545
0.0004802614979204889
0.0003848019896124734
0.00047344103502402666
0.0005721304562972018
0.0005528193098984374
0.0004556388604372654
0.0005133405999055679
0.0005775432476443895
0.0005039246650319776
0.0005252055694101683
0.0005244228680940195
0.0005424007803923571
0.0004990766846165166
0.0004780038593422075
0.000581959260109899
0.0005533034260619596
0.0005071004269717862
0.0005226130365398366
0.0005745623258857745
0.0004154064974808316
0.0004925900228658277
0.0004733631843915556
0.000489974510650273
0.0005631217886507139
0.0005444361768429807
0.0004709294475381583
0.0005329158809218962
0.0005400518728139013
0.000534725597234673
0.0005329581326602901
0.0006533344812440242
0.0005501515481794698
0.00047767269253353855
0.00044803919627928304
0.0004845044651312399
0.0004927330217789533
0.0004827389506434554
0.0004812878717892064
0.0004926085877431072
0.0004991062281597333
0.0005150450061748565
0.000558253859375851
0.00047212996091534014
0.00046103783363611253
0.0004833981256777422
0.0004144091732065081
0.0005162859348106037
0.0007136159020485539
0.0005421959888434872
0.0005500567982920624
0.0004402878763377332
0.0005134054063705738
0.0005426646796384329
0.0005902167177154795
0.0005323473024032477
0.0005268037633667851
0.0004741149398517914
0.0005998375008400159
0.0006049232940758297
0.0004361662444944313
0.000561590469113567
0.0005690661811236816
0.0005891596152122248
0.0005231913332735865
0.0005805236323097398
0.0006503082045871935
0.0005599013273976223
0.0005462367465264824
0.0005639549629635748
0.00046863139310267374
0.000541259223383556
0.0005127051988516026
0.0004729058057872055
0.0004388288286959807
0.00045962313933902056
0.0005846069637426561
0.0004843299431665956
0.00045484309178855096
0.0005826075985518022
0.0004615194169980829
0.0005007494845759661
0.0005104633237705769
0.0004918629170260102
0.0005088616063697532
0.0005820245073555157
