0.00033611568165040355
0.00037227115266606856
0.00036398612424049426
0.000347758422959326
0.00037988096351404993
0.00032695165702424026
0.000381510506738607
0.0003458103587261168
0.0003101863846369698
0.00033283421539024585
0.0003453850206757463
0.00034959849246779247
0.0002650694859386962
0.0002405172073139269
0.00035419702079095684
0.0002763809685052277
0.00039506890005584316
0.0002538304222404437
0.00031515959927968514
0.00025578922512372747
0.0003104123645005269
0.0002243819100278607
0.00032225746503123347
0.0003406191330144932
0.00028809145910638315
0.00030297691392316007
0.00032966924896234303
0.00032383322961112546
0.0003418119256863997
0.0003028737656758778
0.0003428194347090729
0.00036506574191036585
0.0002887871762255708
0.0003084201499422093
0.00025576706032986665
0.00026379832244674697
0.00036190161490103496
0.0003244450658159074
0.0003289492619727595
0.0002958967733029297
0.0003210297114319522
0.00032124801055493984
0.00032695077798523765
0.0002507621733707462
0.00037083259422876854
0.00044399000217146137
0.0004176113478280684
0.0003745301500864137
0.00027063099391189626
0.00036224759841463637
0.00025640466512911575
0.0003192745033311487
0.00044733991502268067
0.0002863065591132607
0.0003816928355624254
0.00034365979375757926
0.0003884924427329572
0.000328997484128409
0.0003526412919659331
0.00027362418977851694
0.00036991919063949157
0.00029225414751285245
0.00031913286526170156
0.0002869772973164211
0.0002728306971487881
0.0003935299079726402
0.00040286248732090784
0.0004081836327179432
0.00031510227386827067
0.00033114654313827957
0.00034333026090785623
0.00028253671767543596
0.0003682832120976307
0.00037883528346600365
0.00026894504432400663
0.0003842831188422968
0.0003394403521237792
0.0003686981381611401
0.0004172086105581335
0.00029999004755464217
0.00036952932051913966
0.00033588712873316214
0.00029103414276057205
0.00036905107670083586
0.00042123676212643484
0.00038020530265512996
0.0003752273446978904
0.0003678334934248381
0.00031865083701667284
0.0003450385037970711
0.00033436380837241616
0.00029062597960241034
0.00034672956459082
0.0003506091848173437
0.000382148145973521
0.00040772649448204534
0.00032908669832940084
0.00030174270972019995
0.0003074867202852756
0.0002930250560133316
0.0002988296344719724
0.00028446549900562807
0.00032959373174985297
0.0002744862452639247
0.00031545667848550474
0.00028112691322494204
0.0002962733701825558
0.00030994278695094555
0.0003666788654461003
0.0003793084854963944
0.00031784295961149447
0.0003079825885455193
0.0003328828262734704
0.00038544211048862514
0.0003556058282645872
0.00031623537280192084
0.00031397982090656146
0.0003128069751536285
0.00023598394286527437
0.0003330956943712916
0.0003231030254111553
0.0002785529842051334
0.00035072091265739064
0.00027004321793545395
0.0002812525432844007
0.0003383205205324241
0.0004189365222159257
0.00031953376245911206
0.0003716788769009467
0.00037429350594683585
0.00032626803820953395
0.0003039930052663708
0.0002870241237613827
0.00041962424145538905
0.00032190175099148545
0.0003439564904930809
0.0003132637943876827
0.0003417442725153715
0.0003589246220110136
0.0003803202439919664
0.00033229531607866224
0.0002818847072816165
0.0003060608675631521
0.00027733639447519723
0.000345570258215498
0.00034666297554897485
0.00027866386943381684
0.0003628064903307044
0.00035788161375098807
0.0003895352379552625
0.00036981392451222896
0.00039287842998021895
0.0003732151921188468
0.00034099279923920415
0.00035586712446516333
0.00035900274594010843
0.0004411150020790323
0.0003115787483368908
0.0003610441019525627
0.00041618027438604626
0.0003652457781631583
0.00037239714645641433
0.0003475417038291415
0.00045661331939224803
0.0004334158823199669
0.00033347077133253646
0.0003871949769452069
0.0003602866800078273
0.00033176036642627724
0.0003123914374675897
0.00037199666326885047
0.00038249584166821034
0.0003155404972326073
0.00030150106491623946
0.00022692279880450503
0.00038922824396874547
0.00034475110664241893
0.0003474926397057949
0.00031028436038500566
0.0002503880639671204
0.00019702158501076506
0.0003720756543147587
0.00028798346731500317
0.00037167603591051966
0.00028106747879041777
0.0002713158804318613
0.0002913937932237026
0.00031110886003982103
0.0002940737877249005
0.00031308997535325927
0.00046003959550881335
0.00031248602338804254
0.00034371588098047604
0.0002859220921544993
0.00032195455966143525
0.00035184217378157
0.00035798150536126927
0.0003192521630638855
0.00036213693041395426
0.00032337895057550344
0.0003247986719465498
0.00030001536815922874
0.00035364617661260214
0.00029522352365505313
0.00031448891598842473
0.0004049567075596369
0.00030677270618595755
0.0003476385925879123
0.0002469443959318951
0.00029843591268294566
0.0002501622960849947
0.00034170965001838
0.00030443307610202974
0.00028789626042330336
0.0002906944337191404
0.000304570702025715
0.0002636198755900204
0.0002547709528410846
0.00028484905324566184
0.0002849049902333911
0.0002946588770068511
0.0003052708841648414
0.0003781719199070095
0.00033538635530190646
0.0003131341345670307
0.00027252535089314014
0.00027464418658509947
0.00033329937287716
0.00023413205668487507
0.00023856373771558536
0.00025372865710870756
0.00033774003137916717
0.00033662288804492136
0.0002589753418896193
0.00028591906045989505
0.0003184676276499842
0.0002953354452711387
0.0003609255956472765
0.00026259399969848083
0.0002808117665057986
0.00031488128737477267
0.0003915410619457201
0.00027323716922449283
0.00031603086732600596
0.00030169576933860806
0.00029974572103619865
0.0003287075492300454
0.0002393833972856924
0.00031472386660041273
0.0002807949637390826
0.00034091616752300277
0.0003063248565900261
0.0002792088829548338
0.0003123051978914999
0.0003065585421698482
0.00033051521794599743
0.0002921099206860018
0.0003316179526288464
0.000290704580939679
0.00030386134480030284
0.0003005319902795055
0.0003021335813554507
0.0003437223587582387
0.00032776892620074613
0.00036592967573452533
0.00039002726698286457
0.0003024350150056235
0.0003152148449640954
0.0002628394188097178
0.0002714002317124827
0.0003494327454172673
0.000380150850589986
0.0003109482314747623
0.00028123067665575594
0.0002958365395849725
0.0003437775839059007
0.00025512956841586564
0.0002855863761744772
0.00024394332952015147
0.0002379660779692742
0.00036619548894263154
0.00029583115031201206
0.00036059431787285293
0.000349848487007287
0.0002823823482165296
0.00028951291287056583
0.00034064376195958707
0.0003653883619174423
0.00025029327030571424
0.0003206889649995708
0.00032674974728007694
0.0003744999885578849
0.00035418868315604667
0.0003801918742332326
0.00032562571781038813
0.0003251216606952613
0.0003349333019373589
0.00036857805340078715
0.0003815113033510282
0.0003327889556651476
0.00030941063220978743
0.0003502128104999751
0.0003319701359750018
0.0003783875484067518
0.0003801793506763123
0.00034963158481366265
0.00037022175463906874
0.0003134225094335859
0.0003555270578935851
0.00033299724751211136
0.0003865312018902735
0.0002963374741351374
0.0003245979285265481
0.00032849195603116145
0.0003167379194120111
0.0002804701875885429
0.00048614336332219516
0.0003298225126079795
0.0003568879763984722
0.0003461387876445363
0.00042309815172366234
0.0002979486719217464
0.00034999302056322153
0.0003368741736722079
0.0004018295547234063
0.00041993857656000207
0.0003218547545705999
0.0003826558654883298
0.00035976620101210125
0.0003698586419253876
0.0003410756167226689
0.00030676943526465324
0.0003566273373088377
0.0003972309684270305
0.00038791659128013144
0.0004170797248255935
0.0003712135873751698
0.0003148267094182526
0.0003222012004772375
0.00032951624621998556
0.00035802170701587817
0.0003865546552046749
0.00038109387652147746
0.0003168931994075107
0.0002960627308166368
0.00034733258408224763
0.0004531673332395271
0.0003606270860918589
0.00023221345076842632
0.0003035684526529352
0.0003241412757081932
0.00028331115647370467
0.000293844190806764
0.0003367532207399394
0.0002632607379543028
0.00032128155338930744
0.0003803532038663196
0.0004124162668211241
0.00034407148115308026
0.0003114679967753787
0.0003288875376419243
0.00031122117697378256
0.00038619133408234293
0.0003673113053086904
0.0003529323813531986
0.00033494581544719687
0.0003348093379325849
0.0003243478094930223
0.0002736989739372411
0.00031900740082558117
0.0002737051838828553
0.00033671187167160063
0.00029680527368367764
0.00039958019470428386
0.0003669554628296579
0.00038318961803078576
0.00037400107086457213
0.00038053309257970655
0.0003648495696821557
0.0003804455459171285
0.0003271574013367624
0.0004578008387096313
0.00034102979932585157
0.0003082577936837327
0.00031393302570216286
0.0002582153307075889
0.00034657564256898387
0.0003212494462441683
0.00032749456549113575
0.0003387146066186435
0.0003714711692393163
0.0003496183611913261
0.00030226637258999774
0.00035756449437634395
0.0003060262596320763
0.00034365751079332493
0.00034643645897323836
0.000411935776349932
0.0003733283260614954
0.0003790441143514177
0.00039345383121611643
0.0003715309337641223
0.0003599631011775064
0.00036111423050798623
0.0003797249313619551
0.00038585346557190695
0.00029487517978756743
0.0003096646231423947
0.0003013944327679833
0.00027389206649310646
0.00030524491800404803
0.000310356170378193
0.00038029312511619613
0.0002442516754051109
0.00032733826706550615
0.00030105666654639356
0.00023048565939317003
0.0002764424193838782
0.00037393533119593254
0.0003191895488458881
0.00030315820101079496
0.0003254316810995185
0.0003315457624682532
0.0003270868992439213
0.0003469998521048216
0.0003357637245993903
0.0003699740698752719
0.0002809189694203376
0.0003157446904709088
0.000284311986548037
0.0002972250463246387
0.00029000833742161367
0.0003606079524877905
0.00026724888909992144
0.00026516343563324146
0.0003835560169964594
0.0002885178388025664
0.0002909584347845925
0.00032503841464630697
0.0004057956982402142
0.000340812230081937
0.00039345213244642056
0.0003837071063333836
0.0002869506302776749
0.0003023763203147985
0.00025984277481470977
0.00033602597151644834
0.00038133667273219034
0.00034400575633233805
0.0003223551759326266
0.0004253084691992864
0.0003457761475382336
0.0003316163065138968
0.00038599225106445936
0.0004719284463956058
0.00037583362175940287
0.0004178613919426106
0.0004283242949588354
0.0003633935098600431
0.0003919550743173563
0.0004205103605052967
0.00037539629419416345
0.0003877565458046862
0.0002979207422347425
0.00036323719837012787
0.00033862202625735096
0.00042169811637524855
0.0003521530616487803
0.0003267991318773958
0.00027089066584267904
0.0003079452068657099
0.000298477524943006
0.00037585742680451735
0.0003916963983585944
0.00030369664950264584
0.00039609194724395314
0.0003490149249638224
0.00033076668604251584
0.000313302814272558
0.00036042275425984366
0.00039951470629196525
0.0003672189432028439
0.0003698955831529177
0.000345644665679715
0.00038492473689880785
0.0002677753157331945
0.00035537175094375704
0.00028069255979161945
0.0003787541371019181
0.0002965025979673164
0.00030531780129272834
0.00034488580431292466
0.0002770768686658992
0.0002215564416851711
0.0003467944696769757
0.00031534763720710517
0.00037367031792006624
0.0003833244819569859
0.00031980232796025265
0.00030103870533576744
0.00029198600655660714
0.00029998521098670983
0.00034553190312634703
0.0003134497694287242
0.00034265055530027436
0.0003840397034794357
0.0003666355212838432
0.0004132069768310988
0.0003505953897634277
0.00030743509142268
0.00035919850127717046
0.0002878219034839397
0.00029048966944016433
0.00037240136239608006
0.00030817926527397244
0.0003345392134623101
0.000315884315873061
0.0002708258380818699
0.00032957676056692643
0.0003230694360394328
0.00035862401072826847
0.00028615755653948956
0.0003003366924752446
0.00027027536516700617
0.00032555388555615533
0.00029399686096153794
0.0003662543821464058
0.00032265913978088954
0.0003019119094539095
0.0002770043737525602
0.00033721879862501727
0.0003328317748463028
0.0002597205053083777
0.0002976287408060458
0.0003482631388216725
0.0003177159168705616
0.0002428823387837664
0.0003558878614221842
0.00033085230568728286
0.00038839461145147476
0.00035837267538012843
0.0002913722765276289
0.0003032110547453171
0.0004040968498978945
0.0002874225486751609
0.0002994401625553834
0.0003744793507093279
0.0002851965003486414
0.00030384289450165636
0.00037952790920235777
0.0003352666868891636
0.00031504760794922524
0.0002830467641598865
0.0002823392627498263
0.000287022867701296
0.00032140982006933767
0.00027265086425659136
0.00029315945938118617
0.00034135264949070466
0.00032994966285051624
0.0002926734740513012
0.00035354124353992816
0.00036509749147176703
0.00035960743006094775
0.0002943624616431707
0.00038401329823371756
0.0002912872191285769
0.0003492233080645055
0.000330582966546625
0.000324968079506918
0.0003225729851992145
0.00030051840509820205
0.00045463382238909207
0.00030589451850353587
0.0003399163000828752
0.00030483181760223703
0.0002312468723535171
0.0003307312443996988
0.00029196696606212597
0.00036226950961046713
0.00028327344307516234
0.00032159937953438
0.00036445262277446446
0.00026018402351659953
0.000366838386247493
0.0003700456554728277
0.00040133132571286445
0.00033444344089513065
0.000304421180980732
0.0002547557250477724
0.00028128969946111305
0.00040557330947388353
0.0003188876695819746
0.0002803760495676691
0.00033614273951766823
0.00032669257471978577
0.00031286957539587094
0.0003131171537730656
0.0003944329712128514
0.00040719035757856635
0.00035118778070845983
0.00033530161037522246
0.00036800002942966525
0.00036670311065231057
0.0002821170255994651
0.00031514826451606244
0.0003851245298670853
0.000411917132397176
0.0003486756216782493
0.00036427431237087395
0.00037130022961993345
0.0003139112506971131
0.0003445935403371356
0.0003240501320905245
0.0003893341148894812
0.00034202223890678713
0.0003385407377851383
0.00034844826202180243
0.0003633290204464588
0.0003392836550213821
0.00035406787527001734
0.0003908279435118629
0.0003920082397700134
0.000330434527709541
0.00035548503784406897
0.0004029349796769061
0.0003676358325298764
0.0003721129418725109
0.00027411978196045046
0.00040812705502790003
0.0003071382289876992
0.0003102141117207952
0.00034910755458806235
0.00043219074265129945
0.00035602217499265855
0.00038700301875912264
0.0003814485294487582
0.00035222517864005605
0.0004333512574365212
0.00033884887703900283
0.00032836049600825805
0.0003242809883761195
0.0003029387138241974
0.00035750700109133456
0.00027582563365822143
0.0003815999428895192
0.0002731779414013259
0.00039012327455129644
0.0002945491414185229
0.00030089933139293364
0.00030760502287867245
0.0003054224550390622
0.0002777493164007551
0.0003257000254559936
0.00031060539347357397
0.0003751196201550794
0.0003504620940357044
0.0003051465707837603
0.0003051390408841992
0.0003588684425683756
0.0003825561736825336
0.0003180325549892444
0.0003414366440480357
0.00034750823761236046
0.000326463340085241
0.0003190634353926778
0.0002930592027570429
0.0004355417491655728
0.000334983483382892
0.0002731484156500077
0.0002622262587241013
0.0002559844460188816
0.0003466004406410039
0.0002926714043393728
0.0003173654980414721
0.00029597388295471774
0.000333952180350376
0.0004255388599761423
0.00036425718372582155
0.0003340312200961528
0.0002984534228052185
0.0003350867703366607
0.0003526578775660617
0.0003045963121788186
0.000431651897397599
0.00033072453749473943
0.00034458075059261436
0.00031985425116254677
0.0003215602396098293
0.0003499874316571778
0.00032088730338440083
0.0003520956554398548
0.0003532391765913386
0.00031091259864374774
0.00034265150984307127
0.00027709218505046816
0.00039737743153276674
0.0003347686888115334
0.00032492506851941453
0.0002711060644474856
0.0002988535254764385
0.0003002765260006113
0.0003123985580308322
0.00038113796401245497
0.00024098289675961821
0.0003010288409024245
0.0003318853469997644
0.0003246323344029096
0.0002565602877652666
0.0003012571572806945
0.0003459293508514661
0.00028237165101424464
0.0004141522736901397
0.0003375931664909458
0.0003259035013823942
0.00036867852700759175
0.000300868979989881
0.00035992335896889487
0.0003219858896805116
0.0003481387837478777
0.0003461184720178327
0.00035702371051110247
0.0003632188823067132
0.0002974029305727733
0.0002755804717740632
0.00023215811256018586
0.0003211272067185119
0.0004398773361400307
0.0002649112612400587
0.0003691811325590332
0.00028547350504101526
0.00022372367657486582
0.00036068366158683316
0.00041033416134141754
0.00027623745152747034
0.00023861860756590566
0.00025172686119177633
0.0003722743084992406
0.0003015339374420799
0.00030202365532365895
0.00026027163489525195
0.0002672949271184503
0.00029082538795853816
0.00031516580066634286
0.00031674141927846757
0.00036607078993705833
0.00032611058772470127
0.00032837373185892196
0.00027376044139079534
0.0002509389139857609
0.0003184199562482326
0.00035616906080979875
0.000279225030938952
0.00031032225137474754
0.00028573829332190453
0.0002780818913284369
0.00026230210054036955
0.0003642480723099323
0.0003105284456501992
0.0002910275705120871
0.0002710612899824736
0.0004099419243583825
0.0003244286821129422
0.0004013457840037913
0.0003474202865544848
0.0004051227296787419
0.0003598085769059465
0.0003445520784637711
0.00026964101411995254
0.00032279436074207266
0.00036107332157743813
0.00034673847137555775
0.00035482920896541694
0.00034449649484512117
0.00035230143063964044
0.0003385359249054464
0.0002951774208688869
0.0003507633454501005
0.0003725859633682832
0.0002340185130857017
0.00038668073321280506
0.0003365336764244723
0.00019537914653155683
0.0002419098891878457
0.0002811160402419708
0.0003818310313789826
0.0002861797956719512
0.0003337339480242466
0.0003440481048111072
0.0003641961338258474
0.00037977564247313015
0.0003205268772824174
0.0002951995085122968
0.0003629064689172019
0.0003557049939562641
0.00027015647804899554
0.0003634077057593443
0.0004097287067014606
0.0003457300932529105
0.00026922062965579113
0.00025267858790741816
0.0004106487124193862
0.0002550506642675108
0.0003610039286765917
0.00030927675667513784
0.00030633659346649826
0.000351492504233875
0.0003430055180007725
0.0003383331011337118
0.000372780945496565
0.0003659103306247895
0.0003543200578593637
0.00033712237432811123
0.00036852988163550986
0.00035669144322009996
0.0003853053433107335
0.00039834862354478056
0.000438534970991651
0.00041279402036505417
0.0004314543490794171
0.0003796841561103276
0.00035664738616000624
0.00036967981099369395
0.00034067805616564247
0.00026547962755245764
0.00033179946240090297
0.0004161865410973642
0.00044270325090580304
0.0003693642315361962
0.0003194795190585018
0.0003205417842082289
0.00040673646778822964
0.0003092775411106905
0.00038956252137221985
0.0003724675864515905
0.00034682927290272125
0.0003051754177781471
0.00025979057594477395
0.0002972250465743125
0.0003404414547983772
0.00034812584916702784
0.00032775467372469174
0.00034403480251055926
0.00034470529464099633
0.00030038815724987757
0.0003632488160206507
0.00029413630674974254
0.0003303370706548137
0.00033438203920674157
0.0002725646052207353
0.00034592386701299394
0.000360624373591737
0.00028943978369941803
0.0003093992972431274
0.0003330336464168667
0.0003335637155289815
0.0003525452975949879
0.00033090541805673603
0.00037192404778003214
0.00035740378824192394
0.0004207346568849926
0.0003553709211299099
0.00038826918354945716
0.00032928304845145025
0.0003328228387499406
0.00033679371554036345
0.00030765800288514486
0.0003453009214738207
0.00035288299184633044
0.0003161752566560406
0.0002891554371258289
0.00038179878293971716
0.000341307208854658
0.0003392667653735513
0.0002909976688950283
0.00032602964530107736
0.0003442046340197277
0.00034499828027939107
0.0003686709360190881
0.00036825006147615146
0.00034343378967380153
0.0003400711878536254
0.00036884527089525016
0.00038938065145338135
0.0003474258653394629
0.00034269583931292874
0.00032039332081633615
0.00041774320093703805
0.00037480300576706873
0.0003151821381327329
0.0003505227054101919
0.0002830421375082496
0.0003134457293961626
0.00033636663313254005
0.0002890878376859203
0.0003811406055878818
0.0003514273516149194
0.0003481157461995093
0.0003104039623430326
0.0003513287221500105
0.0003390478418225083
0.00039023951164374285
0.000322617893731447
0.00025625600250584125
0.00032979167735383677
0.0003802374396263545
0.00029097497313178614
0.00034733703247562416
0.00034168704472622
0.0003256846859812159
0.0003234477314686715
0.00037743814057297764
0.0003097723485116295
0.0004179751006410067
0.00038467427018291814
0.00031628217594936465
0.00036857313215068175
0.00033843815997667534
0.0003314259965377163
0.0002752895710061351
0.00031913624735542794
0.0002991131631949746
0.00028283594860791276
0.00025938707288124344
0.00030820196210586365
0.00024354234849571294
0.0002712107867581783
0.00028588199841761907
0.00025504939273660634
0.00031735300826376026
0.0003577611136935488
0.0002830501997533133
0.00026305579054507395
0.0003123012619733963
0.0003611575171417908
0.00041675976247262714
0.0003102701194800588
0.00035202783303130137
0.0003653411731156984
0.0003203074913456019
0.0003142535170089601
0.0003881680513508461
0.000258954696990844
0.00030795014101229383
0.0003108550201838137
0.00030606126281447504
0.0003334737233154351
0.0003117178172032539
0.0002863121520260377
0.0002578316040201009
0.00037392341814749516
0.00032360701844529315
0.000296308224997819
0.0002445637934728984
0.0002494215001182873
0.00032591069707715165
0.0002923776098917317
0.00034385558936104896
0.00041502533923113463
0.0002970372489495678
0.00037049843509131506
0.0002725938085204557
0.0002999497891799093
0.0002869104235830848
0.00029422698068387924
0.0003057026473174898
0.00032504723365637704
0.00031767307378427636
0.00024351669292734378
0.000298253573420358
0.00034648342523199905
0.00023594486787044912
0.00039784718003690623
0.00039787926771192735
0.0003750052453627669
0.0003033920209957562
0.00032600572645829926
0.0003299827442658941
0.00026331162186115845
0.0003063240757383043
0.0002818432947114034
0.00033528940390843904
0.00028999605537430556
0.00024775041157884233
0.00026010637006749094
0.00026562631690367597
0.0002655441597087458
0.0003258833564388583
0.00027981306645281787
0.0002563839939647384
0.0003268280956155625
0.0002825262901112128
0.0003351668574952369
0.0002695148520835225
0.0002599810765453799
0.0003163963463788502
0.00024087717888491216
0.0002152156296669418
0.00029398329920377416
0.00031484042394957666
0.0003123477165071085
0.00027793562003911206
0.0003456333213472194
0.0003955160082965158
0.00031500798351702207
0.0002701075702686009
0.0003157302145003355
0.00025353728897893157
0.0003947339635664304
0.00027697223941066404
0.0003773278841542301
0.00032275543109112345
0.0003809422679694132
0.0003585385303716708
0.0003107151206391651
0.0003046361895466454
0.00038236110136138446
0.0003055073295318581
0.00030336972521427253
0.00028507634419257737
0.00025848927899359644
0.00028816073065952424
0.000332231743671998
0.0003054282605597392
0.0003623575776111219
0.00034507674908793956
0.000330578803385192
0.00037145185737386886
0.00029317149501903667
0.0003996585942984409
0.00024306354218740764
0.0003122742204042656
0.0002938275646798979
0.00034949925245741074
0.000313457870831812
0.00037039812791961986
0.0002769524670861011
0.0003227701380891365
0.0002919711173527185
0.0002734190240160211
0.0003166280894180684
0.00031062396528341987
0.0002763808718950537
0.0002835068414919211
0.0003522605661578675
0.00030071176363117815
0.00032750221677167247
0.0003742813949332283
0.000317806564129002
0.00033173785938825855
0.00044420279980524714
0.0003995843974966485
0.000360566953124849
0.0003518040831417978
0.00032243937708856615
0.00034586727416299545
0.0002511926512125868
0.0003286257628604014
0.0003014601099477523
0.0003002834404849472
0.00024937357586062134
0.0002972762414369937
0.00034374164759579616
0.00026190465992625457
0.00029735507246757487
0.00022888251441468684
0.0002721128815994625
0.0003585014375554535
0.0003051728065900613
0.00035620700245582264
0.00027557350434955315
0.0003207703384680953
0.00037983881702142064
0.00032631455534424457
0.0003237967314399431
0.00028068942073804
0.00029759029966038784
0.00044339161670034564
0.0003180645098641519
0.00036549780285393763
0.00038656792650167756
0.00036513016270535605
0.0003184620927030557
0.00027854907684146706
0.00038526210811165134
0.0003612009081754199
0.00033648000914001525
0.00035077086799688853
0.0004761816995158758
0.00037672626470872117
0.00040890862643279684
0.00034361313985277833
0.00036630496815018255
0.00032220053412977066
0.00038335012831735367
0.00037627048007094307
0.00035819510378354123
0.0003301720395157232
0.0003400051206667431
0.00028399582153708797
0.0002667472372184943
0.00026799879626256227
0.00030007256790035746
0.0003136613746486928
0.0003606289700543436
0.0004163697100684682
0.0002925637338516428
0.00042001765174484094
0.0003344551218955658
0.0003165448918573037
0.00038004965241509935
0.00027836858894866835
0.0003100608929305259
0.0002482921495090017
0.00035928829911800476
0.0002758870637049503
0.00029412722314700693
0.0002898533702281279
0.0002649369207729397
0.0003312573020592021
0.00034269151710996385
0.0003059790431026763
0.0003161160400924343
0.00033989737959413014
0.0003354966556856862
0.0003975266058964394
0.0002996150340886661
0.00033185605351955424
0.00031361776766788887
0.0004416962038985028
0.0003401485059617942
0.0003095343751765301
0.0003338160532541668
0.0002491830007548366
0.00035452085785838387
0.00025833316370128286
0.00027499584633921127
0.00038621088766590395
0.0003319541438364244
0.0003903479592239699
0.0003216983123027734
0.0003788860293265381
0.0003024024713284135
0.00034623862600020167
0.0003819827184844192
0.00029520380317278903
0.0003280770201273557
0.0002864611223953337
0.00030564490175059736
0.0003723695128711539
0.00035089578606628584
0.00025812334732047313
0.0003405285868637071
0.0002885400733213878
0.00034368862524296486
0.0003201637486817026
0.0004008531348139205
0.000323187429507574
0.0004070628373811901
0.0003984319108609401
0.00027793951573255854
0.00025163232439499823
0.0003254289630570375
0.0003282877379366691
0.00033663092143949955
0.00032052063205307717
0.00032276189573089486
0.0003367299731623711
0.0003128930600910216
0.0003296309678924442
0.00037007328849168167
0.000296487642496718
0.0003576190822948915
0.00034939542221226944
0.0003070219400653012
0.0002680845195278383
0.00028689828852023684
0.00029086744030967554
0.00031282606845339274
0.0003108789834481412
0.00031224533465990624
0.00029415361043288394
0.0003399410213305382
0.00025052175210471187
0.0002213857844220977
0.00021880603514362604
0.0002468645776230773
0.00037210559823647383
0.00035021057531598886
0.0003791050141632888
0.0003587084303504207
0.0003941761102589992
0.00035104076128028745
0.0003487759585378757
0.00043831942962254896
0.0003679098471806283
0.00037313101606747603
0.00036667146040307217
0.0003895529674889316
0.0003817528440769421
0.00037871533619645686
0.0004539833330803203
0.0004225391841834611
0.0003331813591551792
0.0003563049521421012
0.0003093075000128225
0.00041980733171365927
0.00039837907294832346
0.000377208358194287
0.00029496038105741737
0.0003248482222473701
0.0003628612007664155
0.00037287682870167983
0.000313402501289519
0.00034074473534244105
0.0003218031269406065
0.00033182743463722745
0.0003714847869671015
0.00030738295419690224
0.00029862888000783765
0.0004060672709198126
0.00036752403343563126
0.00036897738515194315
0.00042448676686058986
0.00032867188952725784
0.00030938104737940125
0.00033041376583454974
0.00036719045162938324
0.00037082507778355165
0.00037659456684904476
0.0003791403297983185
0.00031320004897277464
0.0004069921678521554
0.00036947037564494733
0.0003431416000195613
0.000367060483526171
0.0002807321218939271
0.00030791729672016737
0.0004011898068125062
0.00033322145910637436
0.0003842598454415968
0.0003509155900318583
0.0003270455086548203
0.0002590935177785892
0.0003498338671651088
0.0003753081800815892
0.0002892714286661636
0.0003334936354655088
0.00038981643208003464
0.0003235188114824634
0.00034459118482791046
0.00031050840978182146
0.0002645409041716756
0.0002963732445684831
0.00033063643086224983
0.0003464119058638682
0.0003680077091196212
0.0003378962554586464
0.0003865793457418164
0.0004031430293265784
0.00031236290245137454
0.0003254813822468973
0.0003433328283242906
0.00029067644704937464
0.00038478914361825717
0.00030113137152789206
0.00033746888402636784
0.0003250395429942662
0.00046180978357050566
0.0003831345485353253
0.00032281162303339966
0.0003387622093514068
0.00036619956825223086
0.0003009841910544186
0.00035902148667062085
0.00042173386543028986
0.0002871205684057009
0.00030622243198797597
0.0002881544325596527
0.00035094985500669644
0.00033229010650591114
0.0003119877335262848
0.00034767875305716234
0.0002500898897361217
0.00033553163332783454
0.00035885614695311787
0.00040563070294732766
0.00034024825876811243
0.000293271308004573
0.0003837439939194889
0.00038625230656845423
0.0004559286569376469
0.0003998378354744775
0.00040941124710780035
0.0003010021978141651
0.00032194603621623177
0.0003343114430685458
0.00035903741636401064
0.000420069288181837
0.00040737739329155405
0.0003747413104939156
0.0004365492192243309
0.0003055700625733594
0.0004495378860608184
0.00038132543625602974
0.00025258865389398956
0.0003264445458363139
0.000387612072410358
0.0002851767147097079
0.0003549195119658779
0.0003658040636221133
0.0003300833437251203
0.00035120827948153995
0.0004668143789176717
0.00031244006807395585
0.0003893942617588428
0.00033521869596255904
0.00033498323473009524
0.00027601539539580204
0.0003430219911917222
0.0003422343670594395
0.0003639799602443884
0.0002951670931570778
0.0003755971243409429
0.0003839121660690652
0.0003638208287829029
0.0003457566301625883
0.00038902744979560366
0.00036105895191707493
0.0003553591028782272
0.0003951450410140638
0.00040053199688715543
0.00033183895328000527
0.00035500066904497
0.00022791654924416208
0.0002904814073758857
0.0003100694366468511
0.0003946984834792221
0.00033266388488074493
0.0003399691067357457
0.00035502472850500324
0.00039320087862539246
0.00031102030531403134
0.00037619087217083316
0.00036282098272079463
0.00033615709087785484
0.0003227118366870681
0.0002937513468709643
0.0003063751599491158
0.0003041775040461918
0.0003351459026701296
0.0004359963089970883
0.000396138793471715
0.00036870123492853445
0.00035354238594056454
0.00036328736720293414
0.0003107497276991292
0.0003338954552334956
0.0003156014097023966
0.00035224809576545345
0.00030968438046820036
0.00038025539645793286
0.0003175684548536654
0.00032833997647888736
0.00033128293363039247
0.00034488379616422345
0.00037186780380219213
0.00035752197817248476
0.00028620612289014376
0.0002979674986650924
0.0003500187023415295
0.0003810864991583786
0.00034958442192060013
0.0003041347108086438
0.0003509838261627941
0.00040868656998193666
0.00038288804384212455
0.0003362014987305709
0.00045587922697008044
0.0003663520276947068
0.00033033573852420307
0.0003339539709378868
0.0003493419031291365
0.0004902418283839405
0.0003826857691844095
0.00042709725791173606
0.0002914168542272744
0.0003123042171971446
0.00032813071739159686
0.0004088722436238275
0.00038495399702646014
0.0004103098111837133
0.000402895605155054
0.0003706265368491955
0.00044312468606538986
0.00034162747646875757
0.0004357700060689531
0.00035871979326791324
0.0002939930736783782
0.00034044472737763075
0.00041544002088037186
0.0003267347750969238
0.0004056595001976059
0.00040238039831213266
0.000361764951909756
0.0003783236009927643
0.00032440107783848337
0.00038641212835549375
0.00035645139679285555
0.00038954182621327106
0.000295911731257803
0.0003473830180356463
0.0003185424274581436
0.00028673923330585217
0.00028890716354559707
0.00040994283009158873
0.0003705213737367041
0.0003468380549833746
0.00035504654423144423
0.0004256611278640736
0.00038120407279083527
0.00033068380219778006
0.0003494069903280755
0.0003805683561070021
0.0003418856198372
0.00027980335413324185
0.0003192042708835061
0.00029975842761322127
0.0004240643119539752
0.0004276623735913434
0.00038730952570015584
0.0002949661174408911
0.00035431014956029713
0.00034527352466144244
0.00032319387988567565
0.00031484480438964766
0.0003381902735782828
0.00033575038251227864
0.0003398424014258187
0.00030545088767213797
0.0002939235634833804
0.00034281736244875073
0.000379611559301036
0.00045853932252386514
0.0003323449304753426
0.00033902613244714286
0.0003171100511323111
0.00022811272825659258
0.0003651023483992168
0.0002898712690017323
0.0003314280441569083
0.0002819924948678545
0.00040944502324758136
0.0003871720944648388
0.0003044293434719731
0.0003581802352723809
0.00032732821480319275
0.00033807564924621036
0.00034647385245467486
0.00028644348707351834
0.0003769025232911603
0.0003972884092809667
0.0002568364469819158
0.00040042207183288485
0.0003432528836893985
0.0002795786189669275
0.0003283295357127093
0.00035940920319681646
0.00034988744853092313
0.00029651916504626596
0.0003560104264667425
0.00040569573215498597
0.0002650007683558506
0.0004257461630280353
0.0003644512951221928
0.0003737887812438808
0.00034029146524471276
0.00031405833038841463
0.0003595030711857376
0.00042405022971227544
0.00036550136673877277
0.00043414919929564405
0.000406820484496998
0.0003837146242328506
0.00032555622947145883
0.00040614131527775356
0.00037921735139530174
0.0003704970930565523
0.00029551842757026585
0.0002866508438814628
0.0004148275835657391
0.0003607785453121163
0.0004107785949530023
0.000364413954195062
0.00029655984528102156
0.00032809260637129046
0.00031161048300765214
0.0003454711870346159
0.0003198905504355882
0.000301971768569306
0.00033495342357095265
0.0002595067734271137
0.0003160422111548143
0.0002793477097540813
0.0003094981684902939
0.00035638298622836
0.00032252939983889637
0.00024502651815183293
0.0002873869526900485
0.00029997605143720164
0.0003143869008782644
0.0002253307969586701
0.00033107057499483244
0.0003604145139033833
0.00032566313769418815
0.000317406553361854
0.00031785853230075563
0.00027207298334617103
0.00033966234894951963
0.0003744603297651095
0.00028362024165148506
0.0004054211471627555
0.00030046098894430184
0.00041502324827075697
0.0003094370225272138
0.00034608862352228826
0.00031520474737094077
0.0004009740249027114
0.00030299121769586645
0.000377089973623048
0.00035876306802689717
0.00038358855144507187
0.00029306841366002134
0.0002960868569692652
0.000310990680994378
0.0003467858250250763
0.00044402802819886193
0.00036728657920717043
0.00032881446979149946
0.00020868511706738927
0.00039223490006062286
0.00042130163965757215
0.00041439105266476167
0.0003272186892091025
0.0003419336516859722
0.00035162443533559963
0.00036160007701093133
0.00027954703709934806
0.00024185337063699965
0.00039930561347322553
0.0003175567079972705
0.0003139902896572846
0.00029847530097094264
0.0003058845722970977
0.00027198591451265157
0.00035213283409397163
0.0002909288123480061
0.00034248740746732685
0.00040329224730889583
0.00029624870173860693
0.0003388715743042199
0.0003818600674284978
0.00040666956921257407
0.00028839387928017007
0.0003925598637150151
0.0004399585393573451
0.00038434951758656137
0.00041231674176838817
0.00032697232018843905
0.00035015269800871534
0.00038967955822120714
0.00043637224331695483
0.00040017700153560795
0.0004197700858380542
0.0002935166964076789
0.0003733325341947599
0.00035675301851108347
0.00040819172101780153
0.00040819190627500006
0.00040452537668350853
0.00034653804562319096
0.0004163687829071559
0.0003944149838086331
0.00036391489617868417
0.00027834978615260563
0.0002914694166948959
0.0003751482647383561
0.0003219310006330412
0.0003282969385359567
0.0003535463479064372
0.000329088107152797
0.0003373397437071771
0.00031360341149339077
0.000320439631748628
0.0003620474821151822
0.0003554591706833329
0.0003321308285118941
0.00035972802528231625
0.00031593962980172255
0.0003086837540927165
0.0002840607449757469
0.0002576679876868931
0.00028150886794357755
0.00032530009174245174
0.0003272213653366958
0.0003461415109901574
0.00032844749400264944
0.0003180570193273157
0.0003304729300412896
0.00036269179093078723
0.0002944425246407229
0.0002677018912155314
0.00030157300687692743
0.0002929155100484483
0.0003240761887390165
0.00033052984726280563
0.0002708554903720997
0.0002581061167088335
0.00027188864071710515
0.0002521261224663949
0.0002619457623166505
0.0003374527658430706
0.0003161901744427204
0.00031458336241748747
0.0003156364393325517
0.00039626787567343324
0.00035027007673061857
0.00033535019237242847
0.00032618428469294346
0.0003581390258721815
0.00028786937914636226
0.00038826535175156407
0.0002904405658587072
0.000312354283336148
0.00029501606009019134
0.0003164435968968756
0.0003161595747301127
0.0003951464092137418
0.00026608054374485126
0.0003680496295900166
0.00034212194118620257
0.00036108320337274714
0.00031249405730191345
0.00030534949903485305
0.00036351793587321995
0.00032831122560960475
0.00023930765755931547
0.00032287892180797237
0.0003014820082114892
0.00025160054455812574
0.00033395580787864455
0.00028875594770764356
0.000314526640627751
0.0002881075835924219
0.00033628567784972066
0.000324521295104159
0.00031231831780974165
0.0003059137519388904
0.0003058702167733364
0.0002729113523992692
0.000348549907585314
0.00036637130616588723
0.000339084949686282
0.00030890114681820656
0.0003026038688841504
0.0003371441167843775
0.0002951671701494562
0.00040976242810882247
0.0003742703697524474
0.00029214877448463256
0.0002676656993410266
0.00035690777106361357
0.00034468263872463597
0.00035942440798910654
0.0003866908698635718
0.0004249351562325891
0.00037183831221305905
0.0002878401568461007
0.0002996608779514371
0.00037370927363844085
0.0004112953422502553
0.0003952988624030042
0.00033187557393750253
0.00048637229611418693
0.00036475093860737753
0.00034431168862154475
0.00038182914673718624
0.00028911412725398793
0.0002805382377627096
0.0003106340686856334
0.00034439215878734374
0.00031383567199322023
0.0003124062387066132
0.00032154960335275027
0.0002466801338178657
0.00030548922147322083
0.0002493231625900354
0.00024379747312120703
0.0002876192500132194
0.0002827945123826944
0.0003205249135136452
0.0002595665554803298
0.0002820991617968379
0.0003030299327835658
0.00025555399370769973
0.0003330232388062169
0.0002813966543087766
0.0003035192318787482
0.0003319271664426001
0.0003386884396770361
0.00040622119119009426
0.000300724127298204
0.00034479810984834364
0.0003094810373850463
0.0002803387932228037
0.00038146685052190194
0.00024078457672190682
0.00025015597586937815
0.0002458398973964156
0.00032841538871837263
0.00027785985864383657
0.00038380006540556633
0.00039634491724545426
0.0003387674712041452
0.00028974768708101033
0.0003670741537647734
0.0002516867527982646
0.0003542838552666747
0.00028298763715826057
0.0003045496051313518
0.00034800793248901055
0.0002617027101421561
0.00035298879448380984
0.00030028000225410846
0.0002826331140982455
0.0003721850081626642
0.0004093154930829672
0.0002927728832983503
0.0003489279163237497
0.0003796042168319825
0.0004091976674531416
0.0003733671001313414
0.0003184345503166035
0.00032671211830327456
0.0003211119635643139
0.0003156654922131424
0.00027076516840806875
0.00034490712526173884
0.0002968036160072371
0.0003145367810226865
0.00030715299416751593
0.0003698820120945044
0.00029143769849773233
0.00031292504108274965
0.0003568661609084353
0.0002982769596980349
0.00045825271376392213
0.00045003849928125923
0.00035743945897290165
0.00029521664677823633
0.0003580258718430497
0.00034169393422457065
0.00036405449073362815
0.0003637978943107458
0.00041652989346669745
0.0003286914388200712
0.0003530826364974202
0.00037072221554821397
0.0003701421259926491
0.0003912354933378573
0.00032932297100481903
0.00042084879868155777
0.00042652058534577847
0.0003305246023271191
0.00040213529285180067
0.0003040394662346318
0.0003497707787286403
0.0003090947082005035
0.0002938369486545555
0.0003675934985248892
0.0002681761906782253
0.00040756661146015507
0.00034898670682336597
0.0003719397724670736
0.00033262508171085333
0.00030482516459403686
0.0003400465065315913
0.0003402890057864087
0.00032791133413444614
0.00038245207649893666
0.00040324396700036283
0.00034790088322408236
0.00040673494317371384
0.0004148297162498171
0.00033712203656405113
0.00032642236420525833
0.0003353681977859953
0.00024548097688580783
0.00030971829958260835
0.00028807231433013766
0.0003601754178591411
0.0003276048009491639
0.00030549120010779694
0.00029272521179880227
0.0002853545558370509
0.00031914177063121585
0.0002860598828264639
0.0002702459123570561
0.0002676633250029236
0.00026504604004142223
0.00038816344911901196
0.0002551851573769484
0.0002652925881054256
0.0003412224990526995
0.00027612382917939195
0.00031427742241017315
0.00039059117050305425
0.0002920805354282624
0.0003981974937004541
0.00032938512730216747
0.0005119271077941268
0.00027631640562909425
0.0003109674935651983
0.00023189243280520816
0.0003191024107502288
0.00033914540478573776
0.0003320606697329212
0.00035011337565785334
0.000311757697374175
0.00027562874482958173
0.000283626878076999
0.00033243185104043057
0.0003077570323292103
0.00034553032449623563
0.0003520319791287696
0.0003453697229292605
0.00034948719672710525
0.000346491960411426
0.00030609613114051203
0.0003227637073307391
0.00025403430448772766
0.00030091965745732103
0.00033570390305566916
0.0002475181037896158
0.00032355831148853087
0.00029506873886840196
0.00018915161412057712
0.00025485458115219543
0.00032336810071210195
0.00035993994667488154
0.0003173016115901759
0.0003721426291253682
0.00034754426097060724
0.00037332470125414575
0.0003037095550660195
0.0003271529192849346
0.00032184389647664876
0.0003538174645477446
0.00030633353588702507
0.0003062555827947882
0.0004043759669998509
0.0003252906356204821
0.00036782220171972655
0.0003060611062072823
0.00028508650049054824
0.00038234754168867504
0.00037657503985891834
0.0003716196964702725
0.00028873701606538113
0.0002791932540931039
0.0003858159363259134
0.0003159370470311929
0.00022947849580909617
0.00029750444172974596
0.00032577127391372274
0.00035385097388082614
0.0003408589976225226
0.0003289195444677463
0.00033747631605375225
0.0002864090836469821
0.0003064120465937368
0.000290715284080284
0.000334897873250302
0.0003449128723082971
0.00028641206068686444
0.00030457904545809033
0.00031717531666445946
0.00027777878602301996
0.0002553356179418083
0.00033859046753950494
0.0003556232531315006
0.0003467687745867685
0.0003281310056738319
0.00042949195859487725
0.00031877033395896444
0.00034385867180308685
0.00030082869911864866
0.0003049263025427039
0.0002749009487854349
0.0002945446368922641
0.0003433023351603453
0.00026345175298837315
0.0003458836138408413
0.000325434015544459
0.0003481513752039258
0.00037292258677624026
0.00041127667781006336
0.0003146876775595238
0.00037690694680798194
0.00036020540720470555
0.00039637625942475125
0.0003336479424406414
0.00037090687607923943
0.0002729885841399296
0.00037298233208522835
0.0003173153026844137
0.00035869548730528366
0.0003556270753442831
0.0003786933755162214
0.0003852414146846142
0.0002695901076466193
0.0003235446041853523
0.0003858370739424996
0.0003506076699372487
0.00041160176626301115
0.0003611775271906353
0.0003372053938327653
0.00031335182128483795
0.00039276596625514306
0.0002977244051273376
0.00035333316143537185
0.0003105162295864654
0.0003792454831992099
0.00040764483501218134
0.00033943755556290416
0.0004216560781898399
0.00031763220922756923
0.0003888779682766996
0.0003864285953391795
0.0003242135520868881
0.00040360934967700066
0.00040796493589137126
0.0003495384193172711
0.0003176688313237099
0.00032897179683563746
0.0002969428799523122
0.0003251820084263697
0.0003600261971385431
0.00026950346834803335
0.00033301617900093983
0.00037854778079386854
0.0003699960079649284
0.0003670662074063711
0.0003002032179763473
0.0003080592805840086
0.00029888524181348724
0.00033647450714315995
0.0002679301331206644
0.0002683939368610789
0.00027849610544394924
0.00037036269480954134
0.00032155601178199505
0.00031799370526791284
0.00036743747240880497
0.00034032215318046305
0.00036781392563667764
0.00033389295910542824
0.0003554000797775982
0.00034679792161953517
0.00028231373944802643
0.0002867955200994804
0.0004192791157526766
0.0003303233348267332
0.0002611775621992615
0.00037811281992539906
0.0003270276948551423
0.00032214129238337393
0.0003398766823377814
0.00024808863211757046
0.00029402884323536375
0.0003542878307419397
0.0003453115705702233
0.00032535376120418813
0.00037878602583064355
0.00034628431772530297
0.0003703617628757045
0.00033932890230818424
0.0003362648057514939
0.0004178092425313385
0.000331910310341914
0.0003071768113220363
0.0002871045112952163
0.0003539997758149345
0.00036086461341239143
0.0003856296202301679
0.00034576955243117877
0.0003999786638463233
0.0003636886556546975
0.0004093441143764654
0.00031590699262062146
0.00040048338734604254
0.0003694753839870534
0.0004022064857147085
0.00037077318600213115
0.0003641251450544927
0.0003955577222575009
0.0003459007229180497
0.00035476037773631914
0.00033211063895919414
0.0003346201959515872
0.00025952962825347457
0.00032407070552467815
0.0002671614173878471
0.0002888609617559175
0.00035972004946557357
0.0003355817943056931
0.000323887650306513
0.00028317781832668096
0.00021405205224404896
0.0004022317421217568
0.00034215685571221304
0.0003321709943500018
0.00034075552916855396
0.0003629778659155672
0.0003172544561419066
0.0003311126006376362
0.000442520460166275
0.000343496425319426
0.00033632230325047796
0.0003829435087586066
0.00031368234425775655
0.0003273237330619539
0.0003734574710074564
0.00030190394174541344
0.00020471556705354557
0.0002665965171571525
0.0002715863546515157
0.00030631513662909344
0.0003499693697839675
0.00033140554957481367
0.00024981334131246596
0.00027027227426391106
0.00032623590321208376
0.0003036947884200596
0.0003720330375801176
0.0003406434670036793
0.00029276772143607807
0.00030951266086619826
0.0003117022749015814
0.00035395809472091495
0.00026082445787556396
0.0002758063555056892
0.00035324706153369806
0.00034475564470395973
0.00033452009041520304
0.00036896726907197964
0.0004088855102933739
0.00034462007667724877
0.00033609886168915146
0.0003897299636777781
0.00036140637273307275
0.0002992642688437812
0.0003415762739323549
0.00030187027134499306
0.0004546734981057267
0.0003223748112161778
0.00037056323643800304
0.0003567346232185015
0.0002948038627679112
0.000323277206366067
0.00030668591133370805
0.00026326289671862644
0.00028072136736669674
0.00045509454451062123
0.0003376612557394803
0.0004271869385763297
0.0004223262446742366
0.0004280601954677263
0.00036675434507908695
0.0003685902381956438
0.0002909183665987891
0.0003491803984266401
0.0002991392100571871
0.00039420917787583176
0.0003964069366656643
0.0003168963917680153
0.00027606726615295553
0.00038949481657646616
0.0004014492537008553
0.0003463105157976165
0.0003673287242439829
0.00031598916499361006
0.0004038356698092019
0.00045731798972316394
0.0003591660438821772
0.00034350102810852334
0.00031185345753433953
0.0003831345560992087
0.00042901474522599823
0.00042409113076664624
0.00029746080795915486
0.00033581251552572893
0.0004506948822472197
0.0002942702288897973
0.00034169746624823367
0.0003553365763175898
0.0003162262164954676
0.0003204060619043578
0.0002969199830276977
0.00033159587905941495
0.0002850192726614768
0.0002600242969897098
0.00031263046545617343
0.0003487094913992248
0.00039472240153436676
0.00031993867873716296
0.00036215432181265444
0.0003082893005718142
0.00030773827868309006
0.0003643443217616565
0.00037120236036198895
0.0003071329708511474
0.0003666930257366805
0.00042062145263644627
0.0003539895767735357
0.0002921604515072383
0.0003633775088744077
0.00039788670100125164
0.0003116740937509281
0.0002999822085531478
0.00033152034184172775
0.00029696845027439865
0.00029050850685512133
0.000306629553007835
0.00026102019765671683
0.00028032615934004204
0.0003602510330409428
0.000439461213710159
0.00035116852743352915
0.0003305328704773622
0.0002828700353479204
0.0003317155890487691
0.00036624771080789376
0.0003147842352893883
0.0003234561323911209
0.0003515277769022926
0.00027597625167412017
0.0003164131982750422
0.00036183944031375744
0.00036629592540784594
0.00041493757058795735
0.0003562368004091252
0.00032191662313912754
0.0003379102804917455
0.00034559765545168246
0.00040237302869000174
0.00036884642017741477
0.0003326511189545075
0.00029594552144955876
0.0003736492445103302
0.00032779277151005607
0.00028534122496082616
0.00031463155820604275
0.0003010793467120031
0.0002764115101533284
0.00034745755590759005
0.00030688178139085
0.0003225372488746557
0.00036595869528322297
0.00041839001915227973
0.0003094004251265181
0.0003961950409785868
0.00034961882350161504
0.00037723361134133946
0.0003399109079662047
0.000320991436702945
0.000275810950609067
0.0003590602468663161
0.0003046605251486908
0.00027301491102754726
0.0003397631883565044
0.0003262776271313578
0.0003629371887606793
0.00035895593335257925
0.00032907969544489267
0.00033939598748614444
0.0002752390785165596
0.0002819709790967133
0.0004292942187345849
0.00038017576926142275
0.0003554363574321236
0.0002913907990649067
0.00037937659806368815
0.00042464354122414893
0.0003915469226322374
0.00048387895694492297
0.0003657197852218338
0.000327703876822839
0.0003744729903168232
0.00044662235118788935
0.00033585395724589236
0.0004360001072983442
0.0003916660449644411
0.0004053583145483362
0.00031160657570631126
0.00033192695121690805
0.0003134911290734145
0.00033835168852050973
0.00037777498511690384
0.00039771361131421074
0.0004542434761766134
0.0004155007200091032
0.0003876231939549893
0.0003350138686558145
0.0003378491571272344
0.000327210354912889
0.00034051179584352156
0.0002932370165555854
0.00030832693030605354
0.00029262933393273875
0.00035058124733502956
0.00030656298909275553
0.0003903374911895912
0.00036378392595226783
0.0004234980289055319
0.0003372537051497886
0.0003642838709250484
0.0003519441582734045
0.00032788962753733464
0.0003042560912038367
0.00029277781607098214
0.0004413632252676521
0.0003942816931464594
0.0003374549295270012
0.00035365120777891036
0.00032994469331136105
0.00038919552643306853
0.00032436188372140487
0.00033416015967019076
0.00038710437418274445
0.00033005667363800346
0.0004131031544622547
0.0003602385294429945
0.00046991085003878684
0.00038996918752052113
0.00043033673929437303
0.0004709763143038631
0.00039679702700432174
0.00036143328332016695
0.0003997408208156691
0.0004859831512868043
0.000402885094903005
0.00038188230279566555
0.00036091246658480667
0.00042486269679396625
0.0003659098080154938
0.0003746481996900194
0.00037276163722184467
0.0003886773169162423
0.0003119274953501832
0.00036698049481824864
0.00042430691906713576
0.00039189921275007485
0.00031742615319144455
0.00037752278790026845
0.0003353880402820524
0.0002890020228336379
0.0003421635164035459
0.0003297365849005172
0.0003310143376590143
0.0002622640870932548
0.0003399238983675193
0.0003260580544680749
0.00033447530655454627
0.00032547916072463986
0.00031957111149524895
0.0003074343730156157
0.0003494302241379149
0.00030765979763267264
0.00031712177678667097
0.00035615190114665065
0.0003244505908160338
0.000276847995727308
0.0003448799245545093
0.00034356918071352764
0.00041594024795679627
0.00028927638695335747
0.00035070658538436327
0.0003439703649523357
0.00031840335171491076
0.00032555915892289975
0.0003844836423511042
0.0002721094966654145
0.0003924147961270974
0.00037020146716018967
0.00033035976690184933
0.0004070396180307578
0.00035351574509603933
0.0003417016083059594
0.00037238671093574175
0.0003905562910035943
0.0003629214323527173
0.00036108957725994203
0.0003499162200959145
0.00036942457057010156
0.000349500912074831
0.0004018998829085342
0.0003477337815301147
0.0003043972858074735
0.00032961670372965855
0.00026272412452193756
0.0004230934305339834
0.00033291697846486354
0.0002872838749070895
0.0003157585706732982
0.0002513325625549742
0.00030029446893244056
0.000308690323036618
0.0003077614926310932
0.00033003104191479954
0.0002847107426279671
0.000374457004313089
0.0003510901014656225
0.00032497757938814017
0.0002784966128574828
0.0002664535476382179
0.00031174045324444503
0.0003296063065690775
0.000353792023911714
0.000413069675037278
0.0003332555990524264
0.0003581512081739943
0.0003365428721610663
0.0003941345694713845
0.0004035323166781961
0.00039889757806393786
0.00031041713289348274
0.00036607517933148336
0.0002966888901578977
0.00033695521917999794
0.00028548244199581597
0.00031757527891321306
0.0002923073378803896
0.0003497814709820282
0.0003835123116931109
0.00031634249092745787
0.00036751327742191533
0.0004570929611143943
0.00042084913004867034
0.0003922459305971398
0.0003467500271975646
0.0004140131086194105
0.00036845173101789146
0.00031588902166933427
0.00029561304793364465
0.00029956849128976863
0.0003486902115827997
0.0002738988487688638
0.0003103821611439655
0.0004006018859018595
0.00032894073816366453
0.0003734572310890016
0.00031672787800303946
0.00035968119606806504
0.0003680298596104254
0.00037319370724767234
0.0004056543199845544
0.0003328972157319018
0.0004081423044644154
0.0004492725838441292
0.00031809773461778976
0.0003330299498124964
0.00027808830941538856
0.00034908016521878704
0.0003291009890796842
0.00036832579898702034
0.00040530620580797214
0.00034017921451057556
0.0003182101224472041
0.00034836486663866745
0.0003528067610617777
0.0003276860021379337
0.0003926255957682233
0.0003563343677861533
0.00040889913897676196
0.00028535619897045785
0.0003523433074963136
0.0003157720212237918
0.0003798605803975086
0.00035060178114435604
0.00041285136885828554
0.0003663057918457896
0.00032212583762559127
0.00038617553298811707
0.000358022975677258
0.0002588946840934291
0.0003090317911752639
0.000297028287261951
0.00032778366352133505
0.0003341793734588621
0.0003029570831989059
0.00030564481220602795
0.0003213413597989731
0.00030677869037850345
0.00032202161901139935
0.0002801476949099131
0.0002712174313906564
0.00027733883206942656
0.0002877804053985685
0.00031291650030423955
0.0003173801677465676
0.00033943915515687755
0.0003095101718317733
0.00037317001911934037
0.0002570386807199212
0.0002944815260345395
0.00026670144311856766
0.0002855931146312635
0.0003123933470186123
0.00025771624821123505
0.00038446598583166783
0.000245700150491457
0.0003479448106751822
0.00038509276886951555
0.00033211429188906256
0.000301976152106581
0.0003909176790161933
0.00032557189619265495
0.0003186456404466115
0.00033848711254852004
0.00027305275155584254
0.0004194259177147238
0.00027911294723837756
0.00042244346370437193
0.00032782873787376877
0.0003429550144447702
0.0002912566439720854
0.00029106818213575034
0.00030557057482295737
0.0004449657869628328
0.0003580124064138491
0.00034120295682389516
0.0002804676438737511
0.0004115825833461054
0.00026146718782630674
0.00037199512297152095
0.00028165730941322707
0.00037487544205689553
0.0003256655206620947
0.0003558531884132274
0.0003465800874517489
0.0003735337405093444
0.0002838860113656796
0.00029469601284923963
0.00029647562024061726
0.00029247755884444785
0.0003484271559274025
0.00030250964305680064
0.00036065994755737094
0.00030692633887829983
0.0003833139406770954
0.0003867502723358479
0.000328988311791994
0.0003099055961670922
0.0003257993452259452
0.0004060785227394387
0.0003205216786265221
0.00028402011554016403
0.00027979912878113523
0.0002962450486240454
0.0002784433981817247
0.0002779669253434104
0.00028931482569073566
0.0003066486077513898
0.000341924828605814
0.0002722830985706689
0.0003295833014623511
0.0003116181854291336
0.00041018941220739624
0.0002849754768268739
0.0003632270289998296
0.0002726264887579858
0.0003833912469040019
0.000378638668887084
0.00028351581891600345
0.00033681394098088326
0.00033735052394535177
0.00038887945567767166
0.0004109884444905163
0.00043320016667323084
0.00028970593978044353
0.0003747953387533841
0.00033274519905767183
0.00038437184416622786
0.00037207761792568724
0.0004139198687933327
0.0004166528908492058
0.0004033200484296523
0.00035387051263010996
0.0003680045609348531
0.00030272263354566337
0.0003266919808049743
0.0004023759529233797
0.00038874391957525604
0.00030624086096199137
0.00035458143595152295
0.0002628766342290919
0.0002810967133608275
0.0003317863524857986
0.0003701862896322536
0.00042276109222782657
0.0003479494594583251
0.0004045437276501457
0.0003018968702258256
0.0003425890315283212
0.0003300488667596718
0.0003117425404719357
0.00040414636785722567
0.00026915143434248355
0.0004469507495552417
0.00032949283454690215
0.00043375051446697136
0.00042199709374513786
0.0003231462957837904
0.00033555776931530455
0.00037735734475439635
0.0003319536768262562
0.0003542040877674529
0.0003700437323333303
0.00038158632095963404
0.000303520609082499
0.0002749834009223953
0.00032303795548198447
0.00030999352650378767
0.000337332716308339
0.0002558697265635768
0.0002939124486821676
0.00034392201992934114
0.00032650770794262474
0.00030494916164591833
0.00037172500991368575
0.0002670751631386907
0.0002988601283993485
0.00036199393748952396
0.00036924404699474237
0.0003997397824172076
0.00034593376437817624
0.00034337980594308245
0.00029027838864911044
0.0002632827212072584
0.00031437791800204934
0.00031181034883103663
0.0002957303392918159
0.00029643454842483564
0.0003750524110787854
0.00024708494420646134
0.0002942241234233227
0.00027899800464972974
0.00026256194697759695
0.00031019736415762746
0.00036544566696277363
0.0003040734469035586
0.0003904330075939709
0.00030596540525174465
0.00040853649102170976
0.0003319558262031005
0.0003950009349159485
0.0003053183073535271
0.00033396495768783573
0.00034680710521102585
0.00030563722678365575
0.0003282212875967085
0.00025704700197595694
0.0004044339735465238
0.00036171995994106304
0.0004375461763045433
0.00045096849997575215
0.00038769704063128696
0.00033204019533063066
0.00034282579936018915
0.0003869931847324454
0.0003232079470071659
0.00035327455376930525
0.00039226113979782976
0.0003738732293718286
0.0003390634771005241
0.0002848928601155762
0.0003996482099459099
0.0002678830561504133
0.0003128913149356839
0.00032953984084675063
0.0004275830436073745
0.0004274270333883611
0.00030384810762443243
0.00033331745507077324
0.0003560621021369963
0.0002542856569085691
0.00028949375821395824
0.0003239210034031583
0.0004140233390315956
0.00031541152198721607
0.00026774369832423446
0.0002742448395478237
0.0004438865498536503
0.00037087885545338716
0.00037842208247765513
0.0003671240257072783
0.0003408106870038512
0.00037508492081172833
0.00035617379266265816
0.0002524962497165035
0.0002800066156876819
0.0003827616635512677
0.0003840550502145343
0.000340816279548047
0.000286033016076025
0.00029164133020855064
0.0003954151816788176
0.00037808843011366425
0.0003353670765513584
0.0003179013712603693
0.00037249616276566617
0.000340959616588846
0.0003195344929594048
0.0002553348495423938
0.00026009029932400665
0.000297757052675293
0.0003426425784894516
0.0003932342027575981
0.0002788006253018468
0.00032555701585905097
0.00036209244003063243
0.0002888463121443912
0.0002867706294169243
0.0003773564602130802
0.0004053774281112513
0.00024294614127379937
0.0003082491135256127
0.00038659534699525295
0.0002816059328058775
0.00030701253275559036
0.0003111214070056058
0.0002903928288029506
0.000280652658550888
0.0003963057111941929
0.0004298404549015098
0.00034089580106732307
0.00030239329537577714
0.000270544016529593
0.00032660456402055414
0.0004013005843041855
0.0003119114272376579
0.00034979905649653735
0.00036425684324982595
0.0002908164396713684
0.00037419219235634393
0.0003917044957136615
0.0003750402292433622
0.00031810886889430763
0.000346309446267644
0.00029860015298854164
0.00030832133569729425
0.0003294374522167009
0.00030789464597832266
0.0003615810064658689
0.00032751058671769335
0.000338245120950613
0.0002621109852374131
0.0003764321598623695
0.0003042887670721626
0.0002905617536507475
0.00040872950359240333
0.0003414990515383832
0.0003159308697874963
0.00027355132548265675
0.0003182894558420745
0.0003884007822535348
0.0003494675844960434
0.00032376063288904833
0.0003270077571814141
0.0003743314780072627
0.0003329189359900126
0.0002680699395115713
0.0003687325968999912
0.00030003917679683584
0.0003599963864533837
0.00037048180817053357
0.00039312558610767913
0.0004182384687223919
0.00032639830733308567
0.0003873933247493449
0.0003318536965192789
0.0002824909343851076
0.00028662069928123065
0.0003141509860897898
0.00029497273765267696
0.000339501229677378
0.0002807043020856208
0.0002436038762687682
0.0003798750192478036
0.00026383740957953945
0.00029141475100978614
0.00023485068834098273
0.0003116405558639285
0.0002870900571013751
0.00023929915340751656
0.00025205962169298264
0.0003184981394301285
0.0003956609550358272
0.0002962114043182623
0.0003117175033209639
0.0002907410335284579
0.00033578033219262046
0.00030547765779656387
0.0002691828149592834
0.0003379854520626472
0.00036097938544079174
0.00033103291853457163
0.0003626257545853256
0.00037765575392622995
0.00048580866020662955
0.00029056421220554235
0.00029335650763661063
0.00035967728005325785
0.0002700151415437384
0.000309830088698119
0.000322372065462699
0.00037346768095151994
0.00042891413756334886
0.0003328778904906195
0.00034572419284346705
0.00038539531177081936
0.00029141026303100727
0.0002823181555744394
0.00028604780038742956
0.000321142439306184
0.0003626000892903236
0.00034041391731517626
0.0003212360312807652
0.0002863129868435552
0.0003582933892261338
0.0003348949149470936
0.0003151517639725238
0.0003598759620737135
0.0003288631465688878
0.0002768291422408375
0.0002453946807652645
0.0003150692426741291
0.0004135393668109563
0.0003473154080206581
0.0003344514694940622
0.000341408114532885
0.00033066613929305606
0.0003148557869480631
0.0003380730144951127
0.00047947097038895866
0.0003565874315579505
0.0003792182389497841
0.0003645711497104391
0.0004335628606131707
0.00026960885117945234
0.00033847021963189194
0.0003522838929977674
0.00031216291049352595
0.0002672980071725419
0.0003050114817473344
0.0003198621682468203
0.00033829981566274467
0.000300033191541834
0.0003323660655244374
0.000274550952456687
0.0003044499789532765
0.00035060585145309557
0.000264227674024316
0.00028035952480478317
0.000296666765507818
0.0003194775376573775
0.0002682178816506938
0.00034974502361309113
0.0003010718415015993
0.00033510671632039975
0.0003307045498860848
0.0003494810260878489
0.00026847369002041025
0.0002560103470877117
0.0002938292600157247
0.00024124729652450663
0.0003265495946325013
0.0003074688625565222
0.0002970892576615485
0.0004601555485329293
0.00040137490088145144
0.0003195480461516663
0.0003845162093638857
0.0003823961594415467
0.00028050852510404836
0.0003085981306081877
0.00030158567533248605
0.000286540279689557
0.0004092685791415258
0.00032516315256544287
0.0002940532458568017
0.00033227981931059446
0.00036077438345826954
0.000328641409644429
0.0003137266975694063
0.00033720538377570385
0.00035524802230516017
0.00030395168403593424
0.0003197826947937161
0.00038009972980247757
0.00038297070156842906
0.00035859571851826026
0.0004410354202772679
0.00042720457265933487
0.0003985113636637277
0.00030572393692406837
0.0004100300525059668
0.00044912701670100105
0.00041582708343779065
0.00031526503694967174
0.0003561150040643262
0.0003257252137907399
0.00038485327425312693
0.00035245227252078546
0.0004145721867141614
0.0003832504907734293
0.00036743637568189766
0.00035761183085049217
0.0004569662845690964
0.000437450996001879
0.0004154291865862861
0.00033597008509041995
0.0003771136547845834
0.0003001881204011507
0.00034511785220206096
0.00033665609489935396
0.00042824606317725755
0.00038419698659503815
0.0004093816281242571
0.0003997708277373879
0.0002915360974801358
0.00030886368534671833
0.0003177593073377834
0.0003505258857356857
0.0003219092764920792
0.00028693823039637855
0.0003617379282334988
0.000345707309123373
0.0003688943428350746
0.0003547626163251096
0.00030870947306562796
0.00029361518991391467
0.00032708005745562017
0.0003835082358273603
0.0003098804326841917
0.00031992965554259936
0.00025363952447336876
0.000298477910547573
0.0003142435751364752
0.0002846709455214364
0.0002867486855159437
0.00032599165385818665
0.00020954785156829207
0.00029212418521178227
0.00024225499281927724
0.00025864654076952477
0.00030707863867017097
0.0003125920294510921
0.0003218811357873276
0.00024616891542441206
0.00036477685420114746
0.0002823189493669125
0.0003552365506002713
0.0003260198884887891
0.00031900934350020526
0.0004059679344263298
0.00039279632369090557
0.000287968818650276
0.00034615245191888227
0.000280165739833762
0.0003516139258286038
0.000366435698951726
0.00032144657918921853
0.0002876952067620818
0.0003352880572785451
0.0003280712948667291
0.0003442421010176288
0.0003483618873921603
0.0003145740348933241
0.00031634758328088244
0.00033918916414691453
0.00033615901667552694
0.00032046624824991736
0.0003999220019465686
0.0003051207052104081
0.00032425800190985054
0.0003034893518553338
0.0002697964233003331
0.00024957010239829585
0.0003047137881893291
0.00033131742280407503
0.00032325019074618835
0.0003491616819016685
0.0004010319590334228
0.00034442746324609953
0.000463298609061944
0.00046386957611578404
0.00047817425075031064
0.00044563698674871026
0.0003070375166559798
0.0003441953391063248
0.0003295208736042215
0.0003563644538459145
0.0003843748039095883
0.00035642860377846315
0.00035427955107893096
0.00037373614002915445
0.0003506984194315677
0.0003483627901555767
0.0003718062151037515
0.00043465535338270476
0.000393315621608414
0.0004202878142929579
0.00033392533276793403
0.000344094388875437
0.0004935180276436788
0.00041497787923092474
0.00040082122609454005
0.0003063709978379389
0.000348269224397476
0.0003413925843169099
0.0003996577506578521
0.00032516946046599464
0.0004285673816045234
0.0003134361712408695
0.00031507804624145586
0.0003099393518907573
0.0003197301412790911
0.0002635236680348327
0.0003208653429602653
0.0003033036137311777
0.0002875849762714915
0.00028504710093506616
0.0003282732489766529
0.0003602424303293881
0.0002975878279283565
0.0003071178127386286
0.00024962861662714355
0.0002688318036310355
0.0004026220192498672
0.0003453851788208706
0.00037908805453914775
0.0002781716466284285
0.0003702841346804288
0.0003633543459370695
0.00034404796676232806
0.00035201843166832376
0.0003271189165257683
0.00028555697676474733
0.0002844471881378785
0.0003094340533657769
0.0003814434119852719
0.0002931688101724067
0.00039767475356529625
0.00034217019286375734
0.00028705672137295025
0.0003463515558255368
0.00033267903823682045
0.00027212210592165244
0.00031808030502994476
0.00032453535570264896
0.0003198921476060366
0.0003147078596254059
0.0002919097797280983
0.00037328650684413374
0.0003150369638357319
0.00031225598223749473
0.00032140377468220657
0.0003410772232838535
0.0003861540451533299
0.00036051401454251664
0.0002967174088062424
0.0003375046751349333
0.0003754590231074572
0.00037724886510612395
0.0003455677587982218
0.00036039107055362154
0.0004483868950195273
0.000403054648025491
0.0003213738920292114
0.0003765222496216031
0.00033016977440221716
0.00035135777767755067
0.0003681962250756983
0.00037999887195920914
0.00029656642110784397
0.0004059755544975781
0.0003756716525135622
0.0003501087804197761
0.0002923621124722484
0.0003346842099076816
0.00029292787685405834
0.0002794321643959152
0.00036780300458884085
0.000399672063001159
0.00037443876201363334
0.0002632596660738235
0.00029632928146137674
0.00045010647338594365
0.0002568007650187952
0.00033356107267188203
0.00028199059001196943
0.0003330119988076791
0.00029583377268739823
0.0003880356769353309
0.0003127662825633056
0.00033476005193978144
0.0003715070001884587
0.0002978986503150041
0.000355649308212484
0.0003614877643605666
0.0002972233729118591
0.0003466369382704122
0.00032436749718398413
0.00031666557535616206
0.00032585345600107124
0.00033132689490340025
0.00026594191567577333
0.00029063302210643994
0.0003172849402867346
0.00032581604743676647
0.00028682407660489265
0.0003530179994517355
0.00028497781902348554
0.0003338433867845633
0.00029854603456719075
0.00040367647721672805
0.00040049697389126063
0.000444544846746218
0.00032411165163994955
0.0003175561317462971
0.0003526136440632443
0.0003517191697229101
0.00030940256497687444
0.00029736439553669866
0.00023519766041531497
0.0003292357791013394
0.00030563514359257865
0.00032500021484705777
0.0003756903872741976
0.0003884690271573535
0.0003463627440019643
0.000374323299120104
0.0003846617890926597
0.00025454637984390814
0.0003339372915992221
0.0002957177395446807
0.0003093589324238733
0.00029874246175428065
0.0002844767961611091
0.0003450848883158332
0.0003649634940128114
0.0003248710430845728
0.00028029843786024763
0.0002611243960640892
0.00029020962599052833
0.0003011310539273063
0.0003318242065152639
0.0003147218523807067
0.0003401311091975893
0.0003174172577384256
0.00034014430729472755
0.0004072759912785949
0.00040058864919522547
0.00039847285265699907
0.00041686438695163043
0.00036615893491320295
0.0003469059527107788
0.0003393115341246374
0.00034923113872852653
0.0003136135506379174
0.0003163528472682658
0.00032405837405230297
0.0002939090336273751
0.00035251892025972196
0.00033714464719627996
0.00035019318962343544
0.000306627693488558
0.0003251440792473531
0.00031483010388807424
0.0003686353297473908
0.00031567621299917757
0.00032303119684706766
0.00027730779427640015
0.0003035875317726522
0.00037989221846049357
0.0003384236421390545
0.0003375004219454921
0.00037945459467449285
0.0003089006533460131
0.0003257954949858362
0.00031793490340085133
0.0003701196475770502
0.00033542034152557595
0.00031294628737190734
0.0003922931813305615
0.00030905326310621585
0.00023447919730821873
0.0003956746487667377
0.00027820092901246574
0.00033304637079993664
0.0003145985237814098
0.00028117798422269214
0.00026796289971703477
0.0003966835505913575
0.0003531797636480313
0.00032100277123842867
0.0003193039909454879
0.00029163970068543264
0.0003274815305217863
0.0003159486584690393
0.0002627545469041286
0.00023852580394638848
0.00033417615329684526
0.0002752828141251578
0.0003052633934991438
0.0003387722419457055
0.0004142432268040492
0.00027335303543673975
0.00028435471149639154
0.0002808974909206445
0.00029479816806444943
0.0002422255920102084
0.0002814529109685479
0.0003149252812786865
0.00031636068126049914
0.00021657160195191077
0.0002682687057910367
0.00028209936637289834
0.00030210086012613885
0.0002590426509592391
0.0002642735056320429
0.00028576265072804003
0.0002834857822710699
0.0002671784997623963
0.00032712779775565085
0.0002649729834845227
0.0003253812346705186
0.0003732554410991483
0.0003030419237856636
0.0003412506101777786
0.000303363356796258
0.000363092941681049
0.000283120597020778
0.00038908228142593617
0.0002814144635769133
0.00028012863944631815
0.00036662634532989244
0.00023737825230741596
0.00032379836074866806
0.0003343891972034474
0.00038537258196604874
0.0003644158118093767
0.00038159118139362796
0.0002957853557841609
0.00036777518125226155
0.0003168379249396841
0.0003238374053741808
0.0003470727408680503
0.0004429388970703844
0.00033144761334817836
0.0003499742545310896
0.0003336637319309708
0.0003132862457815441
0.00032387561369012785
0.0002867695444193854
0.0003434771046430466
0.0002793901250475057
0.00038326254457662733
0.0003339019398676725
0.0004367281444264022
0.0004115236762054679
0.00033355932921689787
0.00038346383686435647
0.0003815910449015106
0.0003838628132460422
0.0003885469955442087
0.00031600416796395946
0.00032663376559331227
0.0003751541698415905
0.0003497221048794665
0.0003253111349736774
0.0003620696659187228
0.00028812456574982514
0.00031701733240255866
0.00027203979846623493
0.0002755941262025252
0.00029855956390808776
0.0003145674256166977
0.00039254475665875875
0.0003043810276792779
0.0003383786003090758
0.0002539441891030616
0.0002762134154422445
0.0003239154004512138
0.00029947982283973137
0.0003754018423554492
0.0003942951374964004
0.0003173675078020938
0.0002906211035557841
0.00028482561294349934
0.00025456958916606805
0.0003054383990865903
0.0002321600846480083
0.00033620282842055234
0.00030038350192319494
0.0003434511933138384
0.0003042291815116596
0.0003288478081551915
0.0003252000905636513
0.00039600866631913224
0.000256679726643586
0.0002951325755450124
0.0003076892281477238
0.0002372899424584272
0.00029911629009894035
0.0004732408757330996
0.0003115263074539475
0.00034991115243243956
0.0002869369592549528
0.0002491070535455695
0.00040691453139400007
0.0003597700868179661
0.0003308510963933805
0.00029727883310680863
0.0003199635573292778
0.00040375633771741687
0.0003342937709323235
0.0003187405107892368
0.0002946999955311469
0.00038784335209775993
0.0003425942568297146
0.0002970790666081927
0.00032350333001452276
0.00027955394725248976
0.0002999626157051151
0.0003487079352909343
0.00024585993728070424
0.0003251492399920202
0.0002713217539479495
0.00029301650914256914
0.0003754352042135899
0.0003522892092415952
0.00031977653051788507
0.00026952349911434103
0.0002741248844034744
0.00028698734310785283
0.0003834116108547192
0.00028965776480118
0.0003631217254986632
0.00034080074702645045
0.00036326374290235265
0.0004346956238426874
0.0002980302406698692
0.00036069148833159105
0.0003438097082853825
0.0002893598643009468
0.00030066139783854393
0.0003499152392300152
0.0002855206673655557
0.000371190329383641
0.0003374821885380786
0.0003248064808743716
0.00031629965800469736
0.000327552789828542
0.00030007970988439625
0.00036366142047501303
0.0003926457806853669
0.0003176361110289737
0.0003497071063758625
0.0002613252537832462
0.00035942382765440307
0.00033504182228058656
0.00033734881623178015
0.00033510941498807943
0.0003188674911925505
0.0003442050482577001
0.000381591788670056
0.0003085506930674606
0.00032504635816934103
0.00033996352436198486
0.0003476240186908855
0.00027653821842583677
0.00028483479254044964
0.00031793599189625294
0.00027653779219867763
0.00026304364749632454
0.0003036660207883545
0.0002852852998325866
0.00032917902112005327
0.0003638659074485415
0.0003358092825170545
0.00033969925797941284
0.0003172462064761699
0.0003380547349833247
0.0002690622066080781
0.0004290311832346152
0.0003318804815209941
0.0003668245612725813
0.00035237889426134654
0.00031010428357062516
0.00031055532996751524
0.00042378271630135513
0.00030707589493897164
0.00028032743839964626
0.0003911665733675686
0.00036267516149207565
0.0004081124209671392
0.00030734100616001427
0.00046911106149152696
0.0002899361959436193
0.0003646977679980472
0.0002967834043817873
0.0003800587135519204
0.00030136242802976946
0.00031115249990920624
0.0003206819700278024
0.00034226083881989613
0.00033332480688985086
0.0003600070027106056
0.0003373107377106551
0.00036016048590470123
0.0003981135562280579
0.00043089034339630116
0.0003490647593626425
0.00039504521195130266
0.00032159022844952505
0.00027836314390732595
0.0004123038990937027
0.00033690401073260584
0.0004652937756662102
0.0004310888712565095
0.0004005444758108009
0.00039978669966756066
0.00033767806186450007
0.0002797463420908475
0.0004028189590040807
0.0003309182001372359
0.00043929847314362196
0.0004085690904828822
0.0003351541683747264
0.00038911121020888587
0.00035943905887290663
0.000456596253159206
0.00036072814566516303
0.0002768595593884629
0.0003532585515784937
0.0004118528053697791
0.000360496372980712
0.00033415984672760225
0.00041452955179565806
0.0003627829403026889
0.0003655211450345183
0.0003431628900120729
0.00033733852147143137
0.0003475303384644098
0.00028118398185837836
0.0003597823981616614
0.00030036552224854815
0.0003149081864064351
0.00037609413314050794
0.0003202881840999231
0.000298990217022702
0.00032123849887905564
0.0004244818564152126
0.0003143368082035317
0.0004004193787769374
0.00042122585143104585
0.00039184205739412715
0.00034244023902271255
0.0003288080084815742
0.0003737498186365719
0.0002487762590745317
0.0003027394232862483
0.00036691380678200347
0.00034590856368349053
0.00026355982802784693
0.0002755737188196957
0.00038686536356673555
0.00033425002683593703
0.0002939055146181016
0.0003495586267401801
0.0003216670023988523
0.00031709162714354215
0.00037231327544807167
0.0003738355654025384
0.00029807873619455016
0.0002852878099151991
0.00031697937641550494
0.0003046585413945157
0.0003582561771807681
0.00044907428887201994
0.00029989141975765647
0.0003493190346191833
0.0002823638486696106
0.0002911364843854062
0.0003141273162592441
0.0003086361213147323
0.0003026881682138822
0.0004095145342492048
0.0003684386143178694
0.00031813088500710625
0.0003204709369518447
0.00032036632784696663
0.0003386717262059675
0.00034054450888509343
0.000383253262253474
0.0004482612946279626
0.0003424136180500847
0.00027252062421375344
0.0003404137059312894
0.0003362983339759063
0.00031678852093341547
0.0002875338846668274
0.0003499170345508296
0.00040297294647931623
0.00038473329925212677
0.0003443980413602992
0.00028686293264834644
0.0002987668966177406
0.00028022891200814266
0.0003313575491329724
0.00034812319344151496
0.0003430297336145689
0.00037369388425701177
0.0003476642581463254
0.00030296683569696746
0.00032930842021928515
0.0003096533951386371
0.0002745468479648297
0.0004199063216151866
0.0003644380387367408
0.0003776698677464508
0.0003558177999466968
0.000251501302049651
0.00032098925900910153
0.00043319773361430973
0.0003591144240930594
0.00043841478233478846
0.0003527990256616391
0.000361361483402333
0.00027054369929355827
0.0002904364297170454
0.0003320894470515075
0.00031296748519641466
0.00029196435746441454
0.00041299379256338483
0.00042043765958988153
0.00032154300398089047
0.00033943715403515816
0.00026669498368362847
0.0002933681665130663
0.00031413255879316225
0.0003303130133752237
0.0003422086455084633
0.0003562437508203712
0.00033282525524557064
0.0003172950476340949
0.00024427654518338214
0.00023480327939246
0.00035146470226435437
0.00032567143660188364
0.0002768982419583284
0.00024521151150096296
0.0002689164847195338
0.00024373164858189765
0.00023561538405494965
0.00025562336803871074
0.0003007192530845674
0.0002676875583293947
0.000260758566585587
0.0003641871142430085
0.0003275630519619075
0.00028414885798189155
0.0002904481306145414
0.0002545921062087003
0.00033796673209323975
0.0003231912952253775
0.00022134393941524266
0.0003356437100570162
0.0003163246504650662
0.00032627971448778606
0.0002804457872202736
0.0003867416511002273
0.00041349301512512226
0.0003469306121686001
0.0003356996761445939
0.00028509276344378305
0.0003171513159668317
0.00031304026656166136
0.0003232730433436955
0.0003502040687829954
0.00033237212432454436
0.00035442764012094235
0.000294901702539749
0.0002838323718790171
0.0003137989951594363
0.0003465074145285228
0.00034059533775500833
0.0002845786583469274
0.00038461253268615023
0.0003545017506228695
0.00028140517061253395
0.000310422728764956
0.00036136062007870374
0.0004069956045925006
0.00037965204873072965
0.000348724037398074
0.00031980413781373
0.0003174498712273577
0.00029836307936353165
0.0003076525508097957
0.00038796696145802236
0.0003864537167443923
0.0003822159653641396
0.00036084760164576757
0.00037211345911361614
0.00030729440079903334
0.0002895273419360033
0.0003452773437449567
0.0003008964804346481
0.0004105421403124018
0.00032610561286604327
0.0003241514920510648
0.00031634277257009313
0.0003785338744573312
0.00035329960428601387
0.00045547033530198255
0.0003089326185191338
0.0002733959039538712
0.0002875945987807333
0.0002574942252328549
0.0003660792861537964
0.00028109114607041447
0.00032547999636401434
0.0003057831446468479
0.0003117148943196603
0.00035722275279009754
0.0002789473063774377
0.0003312852826162739
0.0002878148291272585
0.0002993609568298683
0.00035112381017022914
0.0003543643929539187
0.00034381238178721006
0.0003884999586912773
0.00041443599332296815
0.00035197508134194574
0.0003927911694313192
0.00033132456354719163
0.00034485584339887963
0.0003518247046879136
0.0003444147716848663
0.0003605376144564386
0.0003393084804007356
0.00032959625811199454
0.0003475452806407035
0.000351324524077864
0.00037087565043948185
0.0004084866502227165
0.00033485062489624725
0.0003463817179286629
0.0003664070265692331
0.00038633105106201135
0.0003504521943406768
0.0003115922730035438
0.00034321371114614315
0.00039959836068886894
0.00031704697627501127
0.0003860650026042195
0.0003101882290437955
0.0003197347495029723
0.000379926762431804
0.00030835948707749544
0.00031211266220753633
0.00026175327476871975
0.0002947809451285928
0.00037800661371787737
0.00027027909790720167
0.0003654112052832172
0.00036000718958959985
0.0003651086178631964
0.00037692968246590407
0.00031318010710707303
0.00032542515600024187
0.0003437447154492569
0.00036294465900746505
0.00030315352234621046
0.00030447048483613634
0.00032877134391116826
0.00028028316720428193
0.00032890435235892
0.00033134863346748753
0.0004385097434543506
0.00033937054612052865
0.00037184555118046313
0.00036476564638941825
0.0003171123917944312
0.000364676621144249
0.0003876570927062136
0.0003131987756526416
0.00038946039215105225
0.00031929004086649857
0.00034877833409410975
0.00037779615891792516
0.00038341327040708375
0.0002520071035069967
0.00027236216242554253
0.00036378700799602335
0.00035073857572976574
0.0002467015968570593
0.00028605897649186887
0.0003718854967311056
0.00035385213821910276
0.0003309715013442296
0.000313187838197668
0.00037074903685123823
0.00033377474468516976
0.00026514892783545
0.00024965389724810705
0.00034011308500193015
0.0003399723252784547
0.0003165575588764936
0.0004395205276622051
0.0003480716995171098
0.00037916123376890645
0.0003145303238342295
0.00032540688772886333
0.0003291209808600151
0.0003550360532174388
0.00029063022904596357
0.0003092052742737614
0.00033530743605125334
0.0003511072178965361
0.00035567930282775053
0.0004074773830429366
0.00038386876490735885
0.000380953167042898
0.00039337651504290743
0.00038817209402910774
0.0004132142449322203
0.00037837315437906833
0.0003855719084445688
0.00046920870007345205
0.00037508891017883935
0.0003764123873937105
0.00042323454366120783
0.0002949659871163332
0.0002945977141888761
0.00040700169143906506
0.0004293791320374716
0.00036509356019463665
0.00040061957285898487
0.0003470362043214426
0.0003676422659315021
0.00036617805561582834
0.0003628820525518892
0.00035528970922506583
0.000239888740094017
0.00030820804695222816
0.00023177192460546755
0.00021459896496673952
0.0002559564975633786
0.0002743114023128796
0.00028251393874072006
0.0003348179405451764
0.0003393712393413006
0.00034036560713172497
0.00033458350991485546
0.0003194270449046367
0.0003575765006983791
0.0003564870224711882
0.0003633507663298264
0.0003050886033811665
0.0003995931748657576
0.0003032809510093852
0.00033866797170207873
0.0003258809269037422
0.00037544809895707703
0.00035997440776646577
0.0002655417566547985
0.00023452188584733118
0.0003117349600171069
0.00034904913118410805
0.00033277192194092745
0.0003604868431912643
0.00032961650606418776
0.000261348276687948
0.00031559712970061394
0.00042287179514910613
0.0003468330370238453
0.0003074436005399829
0.0003875532464018912
0.0003006028414932425
0.0003496428706746433
0.000320834548354024
0.0003145259120203277
0.00035367843577459047
0.00033377338437389463
0.0002882030357770027
0.0003161020677024804
0.000234328408041125
0.0003204731597322664
0.00036550787395708286
0.00032665493549403657
0.000294589209604703
0.0002340367161759367
0.00022960211737460252
0.00040304773217776315
0.00024916101979937847
0.0003238084656884523
0.0003171800486887094
0.0003594924098886214
0.00023730862807374483
0.0003923684218947013
0.0003481279157390168
0.00034126406036092576
0.0003115171741351045
0.0003582968330282018
0.0003328598710644081
0.0003869960984374301
0.00039236069651236343
0.00031703977433478246
0.00029359107126775656
0.0003348784047994437
0.0003786556744728062
0.0002556672154932498
0.0003417419404805278
0.0002731508616423172
0.0002694518626645991
0.0004067586358793086
0.0003483549055329762
0.0003606973104883333
0.00029501664846958483
0.0003469015561753534
0.000333401014094597
0.00040190716658714676
0.0003324773178213741
0.0003574652403987003
0.0003448797400285206
0.0003636294283361592
0.0003767503115554985
0.00032695334009379476
0.0002939183635029234
0.0002979088368177662
0.0003025706257861165
0.00034108402083634504
0.0003065364999506871
0.000273928413137395
0.00019139777291977535
0.0002740503529135158
0.0003213684234073411
0.000302890583586623
0.0002890586324587058
0.0002968158342380795
0.0002915402033184293
0.00030164763173718426
0.00033920241374042607
0.00034544241717806515
0.0003287892206652501
0.0003571336492291076
0.00023663463489367482
0.00025593253764875316
0.0002899316222948485
0.00028269054678520565
0.000412605288336476
0.00036054961109134814
0.0004049879205911253
0.0003391435251668707
0.00038481439503112677
0.0003993986214413529
0.0003284202695229663
0.000266879989378529
0.00028753670600478043
0.0003532875038351305
0.0002735986081883624
0.00036834257624660324
0.0003122122152168634
0.00030952911677394166
0.0003747119583319924
0.0002366614273402477
0.0003736620305501813
0.00037740510249913525
0.0003346640856017126
0.000378674006725775
0.00031055141246015213
0.0003781050133104989
0.0004098939749154322
0.00037032382311323543
0.0003424585711934372
0.00033604015311463703
0.0003267165863064672
0.00039093324666243466
0.0003241598968606195
0.0003589451146166397
0.00032710129546914313
0.0003154614263312394
0.0003325507841233645
0.00032556828730953406
0.0003706923134753025
0.00040826239384332574
0.0003268363847032596
0.00028023542101909046
0.000336087065218233
0.00031242363339853223
0.00032547691308229234
0.0003233469277329253
0.00028383940498447557
0.00028364379354226844
0.0002632108427493129
0.0002739944193796231
0.00032310235742785817
0.0003288324929204994
0.0003226631115293654
0.000424029670887636
0.00036517915915359295
0.00036863415983413834
0.00044558664773815027
0.0004050380307273028
0.00032652511987664543
0.0003603933966625152
0.0003410190604804371
0.0002712911464916707
0.0003325060195172804
0.0003238820704332268
0.0003219117254972645
0.00025383714042953495
0.00034595591491960986
0.0002811780752591753
0.0003361497287077095
0.0003112733687520843
0.00033053638318225235
0.0002729561561563955
0.0003319856555341917
0.00037818031146193474
0.00027931340586261164
0.0003562774637736731
0.00032632075580371866
0.0004140668362740037
0.00029269669676573886
0.0003109236291780546
0.00034894691301314533
0.0002948435768353768
0.0003975759971685577
0.000434064398309408
0.0003902650037205542
0.00028890579726688917
0.0003263751217232278
0.00033143423029236257
0.00030568839185363486
0.0003050432854734925
0.0003431053027735168
0.00035462743173163936
0.0003196052144717622
0.00029902251691086564
0.0002818213337779879
0.00040646143252318876
0.00037591238466502575
0.00037878943579816083
0.00037848885785983136
0.00034842733895785734
0.0002813232327047679
0.00031412402853517654
0.0003386062639086418
0.00035097455619559494
0.000301030082894141
0.00029145861738019474
0.0002874512806146871
0.0003183266096242337
0.000280729565211639
0.0003305145192571913
0.0003058625183784064
0.00037429161073440593
0.0002998486280879767
0.000305971158260084
0.0003408304151194832
0.0002984451656978145
0.00033945086391914476
0.00033241569800814105
0.0003112449893431119
0.0003051885954253427
0.000583042766255459
0.00037038783546803364
0.0003459483112308614
0.00026405215735148804
0.0003750029162684661
0.000359336898416264
0.00042334893477746424
0.00034024191593225785
0.0003635070560457284
0.00039481457067866454
0.00034601936489107654
0.0004777525229152545
0.00029421840410391576
0.0003728878339723823
0.0003386873420572978
0.0003445280675086503
0.0003113777145622178
0.0003239997389421475
0.0004205907145990437
0.0003287033874473909
0.00032985883162774826
0.0002849566546318314
0.0003047649956630228
0.00040604394888218
0.0003447887230435591
0.00031468530805919424
0.00034147207127399674
0.00029587847110504735
0.00038966322935162976
0.0003714765398578662
0.0003510575954340443
0.00038155475755691557
0.00030671453429843815
0.00023845222573322963
0.00027070494292837587
0.00027606224202606335
0.00030855636948823133
0.0003930540634625272
