count      fraction               similarity             nclusters  e1--0 d1--0 z1--0 y1--0 x1--0 d2--0 e2--0 x2--0 z2--0 e1--1 d1--1 z1--1 y1--1 x1--1 d2--1 e2--1 x2--1 z2--1 
625        0.09408399819358723    6523.222222222358      9          1    3    5    7    8    4    2    9    6    1    3    5    7    8    4    2    9    6    
1421       0.21390937829293993    5923.215686274575      10         3    5    7    8    9    6    4    10   1    3    5    7    8    9    6    4    10   2    
219        0.03296703296703297    4484.705882353037      11         5    1    8    9    10   7    6    11   2    5    3    8    9    10   7    6    11   4    
9          0.0013548095739876562  4239.568627451035      12         7    1    10   11   2    9    8    12   3    7    4    10   11   5    9    8    12   6    
78         0.011741682974559686   4222.261437908522      12         7    1    9    10   11   2    8    12   3    7    4    9    10   11   5    8    12   6    
23         0.00346229113352401    4219.673202614403      10         4    6    8    9    10   7    5    1    2    4    6    8    9    10   7    5    3    8    
1          1.505343971097396E-4   4204.137254902022      13         9    10   1    12   13   11   2    3    4    9    10   5    12   13   11   6    7    8    
443        0.06668673791961463    4127.8758169935545     9          3    5    6    7    8    5    4    9    1    3    5    6    7    8    5    4    9    2    
287        0.04320337197049526    3705.568627450968      9          2    4    6    7    8    5    3    9    1    2    4    6    7    8    5    3    9    6    
11         0.0016558783682071353  3652.045751634037      11         1    8    9    10   11   8    7    2    3    4    8    9    10   11   8    7    5    6    
40         0.006021375884389583   3427.5228758170006     12         7    9    10   11   12   1    8    2    3    7    9    10   11   12   4    8    5    6    
318        0.04786993828089719    3403.4836601307657     11         5    7    8    9    10   1    6    11   2    5    7    8    9    10   3    6    11   4    
43         0.006472979075718802   3071.2549019608077     12         1    2    9    10   11   8    7    12   3    4    5    9    10   11   8    7    12   6    
40         0.006021375884389583   3033.7581699346642     11         5    6    8    9    10   7    1    11   2    5    6    8    9    10   7    3    11   4    
28         0.004214963119072708   2987.8888888889132     12         1    8    10   11   12   9    7    2    3    4    8    10   11   12   9    7    5    6    
186        0.02799939786241156    2974.3071895425064     11         1    6    8    9    10   7    5    11   2    3    6    8    9    10   7    5    11   4    
49         0.007376185458377239   2768.973856209192      10         4    6    7    8    9    1    5    10   2    4    6    7    8    9    3    5    10   7    
1          1.505343971097396E-4   2750.6209150327118     14         1    11   12   13   14   2    3    4    5    6    11   12   13   14   7    8    9    10   
52         0.007827788649706457   2706.300653594761      10         1    6    7    8    9    6    5    10   2    3    6    7    8    9    6    5    10   4    
86         0.012945958151437604   2643.189542483674      8          2    4    5    6    7    4    3    8    1    2    4    5    6    7    4    3    8    5    
185        0.027848863465301823   2577.960784313734      8          1    3    4    6    7    3    2    8    5    1    3    4    6    7    3    2    8    5    
112        0.01685985247629083    2429.3137254902185     10         3    5    6    8    9    1    4    10   7    3    5    6    8    9    2    4    10   7    
10         0.0015053439710973958  2308.071895424848      11         1    6    7    9    10   2    5    11   8    3    6    7    9    10   4    5    11   8    
89         0.013397561342766822   2306.032679738572      10         3    1    6    8    9    5    4    10   7    3    2    6    8    9    5    4    10   7    
83         0.012494354960108384   2216.4444444444475     10         1    4    6    8    9    5    3    10   7    2    4    6    8    9    5    3    10   7    
46         0.00692458226704802    2111.7777777777837     12         1    8    9    10   11   2    7    12   3    4    8    9    10   11   5    7    12   6    
1          1.505343971097396E-4   2108.1633986927977     11         6    1    9    10   2    8    7    11   9    6    3    9    10   4    8    7    11   5    
23         0.00346229113352401    2104.7254901960705     10         5    7    1    8    9    7    6    10   2    5    7    3    8    9    7    6    10   4    
45         0.006774047869938281   2067.045751633985      10         3    5    7    9    10   6    4    1    8    3    5    7    9    10   6    4    2    8    
14         0.002107481559536354   2013.6470588235215     12         1    8    10   11   2    9    7    12   3    4    8    10   11   5    9    7    12   6    
19         0.002860153545085052   2004.4444444444437     10         3    5    1    8    9    6    4    10   7    3    5    2    8    9    6    4    10   7    
2          3.010687942194792E-4   1999.8431372549023     13         9    1    11   13   2    3    10   4    12   9    5    11   13   6    7    10   8    12   
1          1.505343971097396E-4   1981.477124182983      12         1    7    9    11   2    8    3    12   10   4    7    9    11   5    8    6    12   10   
5          7.526719855486979E-4   1979.111111111108      11         5    1    8    10   11   7    6    2    9    5    3    8    10   11   7    6    4    9    
14         0.002107481559536354   1941.483660130704      8          1    3    5    7    8    4    2    8    6    1    3    5    7    8    4    2    8    6    
67         0.010085804606352552   1937.607843137248      8          1    3    5    6    7    4    2    8    5    1    3    5    6    7    4    2    8    5    
1          1.505343971097396E-4   1935.2614379084714     9          3    1    6    8    9    5    4    9    7    3    2    6    8    9    5    4    9    7    
8          0.0012042751768779167  1888.1568627450947     10         4    6    8    9    1    7    5    10   2    4    6    8    9    3    7    5    10   8    
32         0.004817100707511667   1886.568627450982      12         7    1    10   11   12   9    8    2    3    7    4    10   11   12   9    8    5    6    
2          3.010687942194792E-4   1883.0588235293967     11         6    8    10   11   1    9    7    2    3    6    8    10   11   4    9    7    5    10   
5          7.526719855486979E-4   1875.9411764705749     11         6    1    9    10   11   8    7    2    3    6    4    9    10   11   8    7    5    9    
1          1.505343971097396E-4   1872.7189542483495     11         6    1    9    10   11   8    7    2    9    6    3    9    10   11   8    7    4    5    
135        0.020322143609814842   1859.8692810457544     11         5    7    9    10   11   8    6    1    2    5    7    9    10   11   8    6    3    4    
2          3.010687942194792E-4   1823.4771241829887     11         7    9    10   11   1    9    8    2    3    7    9    10   11   4    9    8    5    6    
10         0.0015053439710973958  1718.862745098035      10         3    5    7    8    9    6    4    10   1    3    5    2    8    9    6    4    10   7    
32         0.004817100707511667   1697.078431372548      10         4    1    7    8    9    6    5    10   2    4    6    7    8    9    6    5    10   3    
1          1.505343971097396E-4   1691.5751633986883     10         4    1    7    8    9    6    5    10   2    4    6    3    8    9    6    5    10   7    
4          6.021375884389584E-4   1690.5098039215616     9          3    1    6    7    8    5    4    9    2    3    5    6    7    8    5    4    9    6    
2          3.010687942194792E-4   1687.339869281045      10         4    1    7    8    9    6    5    10   2    4    6    7    8    9    3    5    10   7    
1          1.505343971097396E-4   1682.4640522875563     11         6    1    9    10   11   8    7    2    3    6    8    4    10   11   8    7    5    9    
3          4.516031913292187E-4   1658.1699346405114     11         6    1    2    9    10   8    7    11   3    6    8    4    9    10   8    7    11   5    
1          1.505343971097396E-4   1655.8169934640375     8          3    1    5    6    7    4    3    8    2    3    4    5    6    7    4    3    8    5    
14         0.002107481559536354   1655.1568627450943     11         6    1    8    9    10   2    7    11   3    6    4    8    9    10   5    7    11   8    
4          6.021375884389584E-4   1649.751633986924      10         3    5    1    8    9    6    4    10   2    3    5    7    8    9    6    4    10   7    
2          3.010687942194792E-4   1648.2156862745062     10         4    1    2    8    9    6    5    10   3    4    6    7    8    9    6    5    10   7    
1          1.505343971097396E-4   1644.9738562091416     11         5    1    2    9    10   7    6    11   3    5    4    8    9    10   7    6    11   8    
40         0.006021375884389583   1639.8431372548976     10         4    1    7    8    9    6    5    10   2    4    3    7    8    9    6    5    10   7    
69         0.01038687340057203    1602.0130718954185     10         4    6    7    8    9    1    5    10   2    4    6    7    8    9    6    5    10   3    
7          0.001053740779768177   1601.4444444444418     11         6    8    1    9    10   2    7    11   3    6    8    4    9    10   8    7    11   5    
28         0.004214963119072708   1519.3529411764678     9          3    5    6    7    8    1    4    9    2    3    5    6    7    8    5    4    9    6    
49         0.007376185458377239   1497.1633986928084     11         5    7    9    10   1    8    6    11   2    5    7    9    10   3    8    6    11   4    
1          1.505343971097396E-4   1495.555555555547      12         7    8    9    10   11   1    2    12   3    7    4    9    10   11   8    5    12   6    
5          7.526719855486979E-4   1488.9346405228684     11         1    7    8    9    10   2    6    11   3    4    7    8    9    10   7    6    11   5    
9          0.0013548095739876562  1486.7516339869221     10         5    6    7    8    9    6    1    10   2    5    6    7    8    9    6    3    10   4    
97         0.014601836519644739   1450.111111111108      11         5    7    1    9    10   8    6    11   2    5    7    3    9    10   8    6    11   4    
30         0.004516031913292187   1335.0457516339848     8          1    2    4    6    7    3    1    8    5    1    2    4    6    7    3    1    8    5    
66         0.009935270209242812   1308.3333333333273     9          3    4    6    7    8    5    3    9    1    3    4    6    7    8    5    3    9    2    
33         0.004967635104621406   1237.8104575163368     9          3    5    7    8    9    6    4    9    1    3    5    7    8    9    6    4    9    2    
5          7.526719855486979E-4   1221.6535947712389     11         5    7    1    9    10   2    6    11   8    5    7    3    9    10   4    6    11   8    
28         0.004214963119072708   1219.3464052287563     12         7    9    1    10   11   2    8    12   3    7    9    4    10   11   5    8    12   6    
3          4.516031913292187E-4   1217.529411764701      10         4    6    1    8    9    2    5    10   7    4    6    3    8    9    6    5    10   7    
7          0.001053740779768177   1189.5620915032678     11         5    1    8    9    10   2    6    11   3    5    7    8    9    10   7    6    11   4    
27         0.004064428721962969   1179.9607843137217     9          2    4    5    7    8    1    3    9    6    2    4    5    7    8    4    3    9    6    
1          1.505343971097396E-4   1161.2222222222222     9          4    6    7    8    9    1    5    9    2    4    6    7    8    9    6    5    9    3    
9          0.0013548095739876562  1140.457516339864      10         4    6    7    8    9    1    5    10   7    4    6    7    8    9    2    5    10   3    
12         0.0018064127653168748  1140.287581699344      10         5    1    7    8    9    6    5    10   2    5    3    7    8    9    6    5    10   4    
6          9.032063826584374E-4   1132.686274509803      13         9    11   1    12   13   2    10   3    4    9    11   5    12   13   6    10   7    8    
29         0.004365497516182448   1130.0457516339814     10         4    6    7    8    9    6    5    10   1    4    6    7    8    9    2    5    10   3    
17         0.002559084750865573   1090.5228758169897     10         5    7    8    9    1    7    6    10   2    5    7    8    9    3    7    6    10   4    
2          3.010687942194792E-4   1071.614379084969      11         5    1    8    10   2    7    6    11   9    5    3    8    10   4    7    6    11   9    
12         0.0018064127653168748  1067.8758169934642     8          2    4    5    6    7    4    3    8    5    2    4    5    6    7    4    3    8    1    
11         0.0016558783682071353  1058.5947712418292     10         5    6    7    8    9    1    5    10   2    5    6    7    8    9    3    5    10   4    
11         0.0016558783682071353  1049.2026143790813     12         7    9    1    11   12   10   8    2    3    7    9    4    11   12   10   8    5    6    
6          9.032063826584374E-4   1034.4705882352957     11         6    8    9    10   11   1    7    2    3    6    8    9    10   11   4    7    5    9    
3          4.516031913292187E-4   1028.1111111111081     10         4    6    7    9    10   1    5    2    8    4    6    7    9    10   6    5    3    8    
2          3.010687942194792E-4   1026.2287581699334     12         1    2    9    10   11   3    7    12   4    5    8    9    10   11   8    7    12   6    
8          0.0012042751768779167  1021.8300653594777     8          3    5    6    7    8    5    4    8    1    3    5    6    7    8    5    4    8    2    
1          1.505343971097396E-4   1010.8104575163381     10         5    1    8    9    10   7    6    2    8    5    7    8    9    10   7    6    3    4    
2          3.010687942194792E-4   1009.274509803923      8          2    3    4    6    7    1    2    8    5    2    3    4    6    7    3    2    8    5    
16         0.0024085503537558334  1006.3660130718922     10         4    6    7    8    9    6    5    10   1    4    2    7    8    9    6    5    10   3    
19         0.002860153545085052   999.6862745098045      8          3    4    5    6    7    4    3    8    1    3    4    5    6    7    4    3    8    2    
13         0.0019569471624266144  983.0849673202632      11         5    7    8    10   11   1    6    2    9    5    7    8    10   11   3    6    4    9    
11         0.0016558783682071353  979.908496732025       9          3    5    6    8    9    5    4    1    7    3    5    6    8    9    5    4    2    7    
3          4.516031913292187E-4   972.4379084967309      7          1    3    5    6    7    4    2    7    5    1    3    5    6    7    4    2    7    5    
20         0.0030106879421947915  970.8169934640515      10         3    5    7    9    1    6    4    10   8    3    5    7    9    2    6    4    10   8    
5          7.526719855486979E-4   947.6209150326779      12         7    9    1    11   2    10   8    12   3    7    9    4    11   5    10   8    12   6    
36         0.005419238295950625   938.2875816993422      9          2    4    6    7    8    5    3    9    6    2    4    6    7    8    5    3    9    1    
1          1.505343971097396E-4   936.4509803921574      13         1    2    3    12   4    10   9    13   11   5    6    7    12   8    10   9    13   11   
5          7.526719855486979E-4   919.7058823529441      9          4    5    6    7    8    1    4    9    2    4    5    6    7    8    3    4    9    6    
1          1.505343971097396E-4   899.3267973856209      13         1    9    11   12   13   10   2    3    4    5    9    11   12   13   10   6    7    8    
1          1.505343971097396E-4   897.7516339869293      11         6    8    9    10   11   1    7    2    9    6    8    9    10   11   3    7    4    5    
7          0.001053740779768177   896.6797385620924      11         1    6    8    10   11   7    5    2    9    3    6    8    10   11   7    5    4    9    
14         0.002107481559536354   889.9869281045742      12         1    8    2    10   11   9    7    12   3    4    8    5    10   11   9    7    12   6    
6          9.032063826584374E-4   885.3856209150331      11         7    8    9    10   11   1    7    2    3    7    8    9    10   11   4    7    5    6    
4          6.021375884389584E-4   871.7973856209168      11         1    7    8    9    10   7    6    11   2    3    4    8    9    10   7    6    11   5    
3          4.516031913292187E-4   870.9803921568641      10         3    5    6    8    9    1    4    10   7    3    2    6    8    9    5    4    10   7    
1          1.505343971097396E-4   863.7843137254891      13         1    2    3    12   4    11   10   13   5    6    11   7    12   8    11   10   13   9    
12         0.0018064127653168748  845.4313725490193      10         3    4    6    8    9    5    1    10   7    3    4    6    8    9    5    2    10   7    
1          1.505343971097396E-4   842.3594771241819      10         1    5    6    8    9    2    4    10   7    3    5    6    8    9    5    4    10   7    
24         0.0036128255306337497  839.3921568627441      7          1    3    4    5    6    3    2    7    4    1    3    4    5    6    3    2    7    4    
1          1.505343971097396E-4   827.398692810458       10         1    2    6    8    9    5    4    10   7    3    5    6    8    9    5    4    10   7    
1          1.505343971097396E-4   826.8888888888903      11         1    2    8    9    10   7    6    11   8    3    4    8    9    10   7    6    11   5    
4          6.021375884389584E-4   815.6470588235281      10         4    1    7    8    9    6    5    10   7    4    2    7    8    9    6    5    10   3    
10         0.0015053439710973958  811.6862745098041      11         1    7    8    9    10   2    6    11   3    4    7    8    9    10   5    6    11   8    
1          1.505343971097396E-4   809.2614379084974      11         6    1    8    9    10   7    2    11   3    6    4    8    9    10   7    5    11   8    
13         0.0019569471624266144  805.1764705882352      7          1    2    3    5    6    2    1    7    4    1    2    3    5    6    2    1    7    4    
12         0.0018064127653168748  805.1503267973844      12         7    1    2    10   11   9    8    12   3    7    4    5    10   11   9    8    12   6    
26         0.003913894324853229   778.8888888888857      10         5    7    8    9    10   7    6    1    2    5    7    8    9    10   7    6    3    4    
3          4.516031913292187E-4   777.6405228758173      9          3    1    5    7    8    4    3    9    6    3    2    5    7    8    4    3    9    6    
2          3.010687942194792E-4   770.3071895424848      9          4    6    7    8    9    6    5    9    1    4    2    7    8    9    6    5    9    3    
1          1.505343971097396E-4   769.8758169934638      8          2    3    4    6    7    3    2    8    5    2    1    4    6    7    3    2    8    5    
28         0.004214963119072708   755.3660130718963      11         5    1    7    9    10   2    6    11   8    5    3    7    9    10   4    6    11   8    
4          6.021375884389584E-4   755.3529411764708      11         6    8    9    10   11   1    7    2    3    6    8    9    10   11   8    7    4    5    
2          3.010687942194792E-4   749.9346405228753      12         1    9    10   11   12   2    8    3    4    5    9    10   11   12   9    8    6    7    
1          1.505343971097396E-4   747.4379084967325      12         1    9    10   11   2    3    8    12   4    5    9    10   11   6    9    8    12   7    
3          4.516031913292187E-4   715.0522875816985      8          3    5    6    7    8    5    4    1    6    3    5    6    7    8    5    4    2    6    
7          0.001053740779768177   708.8496732026141      9          1    5    6    7    8    5    4    9    2    3    5    6    7    8    5    4    9    6    
13         0.0019569471624266144  708.7189542483649      9          1    4    5    7    8    4    3    9    6    2    4    5    7    8    4    3    9    6    
4          6.021375884389584E-4   704.1699346405217      10         4    5    7    8    9    6    4    10   1    2    5    7    8    9    6    4    10   3    
12         0.0018064127653168748  698.6209150326797      13         1    10   11   12   13   2    9    3    4    5    10   11   12   13   6    9    7    8    
2          3.010687942194792E-4   698.398692810457       11         1    5    7    9    10   6    2    11   8    3    5    7    9    10   6    4    11   8    
2          3.010687942194792E-4   697.3333333333335      11         6    7    8    9    10   1    2    11   3    6    7    8    9    10   7    4    11   5    
25         0.003763359927743489   683.4575163398682      10         1    5    7    8    9    6    4    10   2    3    5    7    8    9    6    4    10   7    
2          3.010687942194792E-4   683.4117647058816      11         1    2    8    9    10   7    6    11   3    4    5    8    9    10   7    6    11   8    
1          1.505343971097396E-4   682.908496732026       10         5    7    8    10   1    7    6    2    9    5    7    8    10   3    7    6    4    9    
16         0.0024085503537558334  659.9869281045749      13         1    2    10   11   12   3    9    13   4    5    6    10   11   12   7    9    13   8    
2          3.010687942194792E-4   650.0392156862724      10         5    7    8    9    1    7    6    10   2    5    3    8    9    4    7    6    10   8    
4          6.021375884389584E-4   633.7581699346397      11         5    1    2    9    10   7    6    11   8    5    3    4    9    10   7    6    11   8    
1          1.505343971097396E-4   631.9346405228758      10         4    5    7    8    9    6    1    10   7    4    5    7    8    9    6    2    10   3    
1          1.505343971097396E-4   631.0915032679718      12         7    1    2    11   3    9    8    12   10   7    4    5    11   6    9    8    12   10   
6          9.032063826584374E-4   626.4640522875808      8          2    3    5    6    7    4    2    8    5    2    3    5    6    7    4    2    8    1    
2          3.010687942194792E-4   626.4444444444441      11         6    8    9    10   11   8    7    1    2    6    8    9    10   11   3    7    4    5    
4          6.021375884389584E-4   624.2352941176462      11         6    8    1    9    10   8    7    11   2    6    8    3    9    10   4    7    11   5    
1          1.505343971097396E-4   622.0980392156848      11         7    1    9    10   2    8    7    11   3    7    4    9    10   5    8    7    11   6    
5          7.526719855486979E-4   615.1830065359474      11         5    7    8    9    10   1    6    11   2    5    3    8    9    10   7    6    11   4    
3          4.516031913292187E-4   614.6666666666663      10         4    6    7    8    9    1    5    10   2    4    3    7    8    9    6    5    10   7    
1          1.505343971097396E-4   614.0653594771239      11         6    7    8    9    10   7    1    11   2    6    3    8    9    10   7    4    11   5    
1          1.505343971097396E-4   612.9215686274496      12         7    9    1    10   11   9    8    12   2    7    3    4    10   11   5    8    12   6    
5          7.526719855486979E-4   607.3725490196078      9          4    6    7    8    9    6    5    1    2    4    6    7    8    9    6    5    3    7    
2          3.010687942194792E-4   602.4117647058813      14         11   1    2    13   14   3    12   4    5    11   6    7    13   14   8    12   9    10   
2          3.010687942194792E-4   599.3660130718938      9          3    5    6    8    1    5    4    9    7    3    5    6    8    2    5    4    9    7    
3          4.516031913292187E-4   595.8366013071883      11         7    8    9    10   11   8    1    2    3    7    8    9    10   11   8    4    5    6    
4          6.021375884389584E-4   592.3464052287575      13         1    2    3    11   12   10   9    13   4    5    6    7    11   12   10   9    13   8    
5          7.526719855486979E-4   589.2091503267966      9          3    4    5    7    8    1    3    9    6    3    4    5    7    8    2    3    9    6    
18         0.0027096191479753125  586.4117647058807      12         7    9    10   11   1    2    8    12   3    7    9    10   11   4    5    8    12   6    
4          6.021375884389584E-4   586.0392156862741      10         4    5    7    8    9    6    1    10   2    4    5    7    8    9    6    3    10   7    
1          1.505343971097396E-4   575.1176470588227      9          4    6    7    8    9    1    5    9    2    4    6    7    8    9    3    5    9    7    
1          1.505343971097396E-4   568.8954248366006      9          4    1    7    8    9    6    5    9    2    4    3    7    8    9    6    5    9    7    
4          6.021375884389584E-4   567.3464052287577      8          3    4    6    7    8    5    3    8    1    3    4    6    7    8    5    3    8    2    
1          1.505343971097396E-4   561.1503267973839      11         6    1    2    9    10   3    7    11   8    6    4    8    9    10   5    7    11   8    
1          1.505343971097396E-4   556.2156862745093      11         5    7    1    10   2    8    6    11   9    5    7    3    10   4    8    6    11   9    
1          1.505343971097396E-4   551.1437908496715      8          3    4    5    6    7    4    3    8    1    3    4    5    6    7    2    3    8    5    
5          7.526719855486979E-4   550.3529411764697      10         1    6    7    9    10   6    5    2    8    3    6    7    9    10   6    5    4    8    
1          1.505343971097396E-4   549.6209150326791      10         1    5    6    8    9    5    2    10   7    3    5    6    8    9    5    4    10   7    
4          6.021375884389584E-4   549.0326797385598      10         1    6    7    8    9    2    5    10   3    4    6    7    8    9    6    5    10   7    
1          1.505343971097396E-4   548.2745098039203      9          1    5    6    7    8    5    4    9    6    4    5    2    7    8    5    4    9    3    
13         0.0019569471624266144  547.4901960784296      9          2    1    5    7    8    4    3    9    6    2    4    5    7    8    4    3    9    6    
1          1.505343971097396E-4   547.0130718954238      11         6    1    9    10   2    8    7    11   3    6    8    9    10   4    8    7    11   5    
2          3.010687942194792E-4   546.6666666666652      9          3    4    5    7    8    4    1    9    6    3    4    5    7    8    4    2    9    6    
1          1.505343971097396E-4   540.3529411764695      9          1    5    6    7    8    5    4    9    6    2    5    6    7    8    5    4    9    3    
2          3.010687942194792E-4   537.2156862745088      11         5    7    8    9    10   7    6    11   1    5    2    8    9    10   3    6    11   4    
1          1.505343971097396E-4   537.1241830065346      10         3    5    6    8    9    5    4    10   7    3    1    6    8    9    2    4    10   7    
4          6.021375884389584E-4   529.2745098039203      13         1    10   2    11   12   3    9    13   4    5    10   6    11   12   7    9    13   8    
5          7.526719855486979E-4   526.0915032679725      9          3    1    6    7    8    5    4    9    6    3    2    6    7    8    5    4    9    6    
2          3.010687942194792E-4   523.0261437908484      13         9    1    12   13   2    11   10   3    4    9    5    12   13   6    11   10   7    8    
2          3.010687942194792E-4   522.4509803921559      13         9    11   12   13   1    2    10   3    4    9    11   12   13   5    6    10   7    8    
1          1.505343971097396E-4   521.1830065359474      9          4    1    7    8    9    6    5    9    2    4    6    7    8    9    6    5    9    3    
2          3.010687942194792E-4   518.2810457516324      13         1    2    11   12   13   10   9    3    4    5    6    11   12   13   10   9    7    8    
1          1.505343971097396E-4   518.1633986928089      10         4    6    8    9    10   7    5    1    8    4    6    8    9    10   7    5    2    3    
6          9.032063826584374E-4   511.40522875816913     11         1    6    2    9    10   7    5    11   8    3    6    4    9    10   7    5    11   8    
1          1.505343971097396E-4   505.48366013071757     10         1    6    8    9    2    7    5    10   8    3    6    8    9    4    7    5    10   8    
2          3.010687942194792E-4   505.30065359477        11         5    1    7    9    10   6    2    11   8    5    3    7    9    10   6    4    11   8    
4          6.021375884389584E-4   503.248366013071       11         1    6    8    10   2    7    5    11   9    3    6    8    10   4    7    5    11   9    
8          0.0012042751768779167  493.4705882352925      10         5    6    1    8    9    7    5    10   2    5    6    3    8    9    7    5    10   4    
6          9.032063826584374E-4   489.1503267973846      7          2    3    4    5    6    3    2    7    1    2    3    4    5    6    3    2    7    4    
11         0.0016558783682071353  483.81045751633894     13         9    1    11   12   13   2    10   3    4    9    5    11   12   13   6    10   7    8    
4          6.021375884389584E-4   481.37908496731944     9          4    5    6    7    8    1    4    9    2    4    5    6    7    8    5    4    9    3    
4          6.021375884389584E-4   477.9934640522863      11         7    1    8    9    10   2    7    11   3    7    4    8    9    10   5    7    11   6    
2          3.010687942194792E-4   471.28104575163275     9          4    5    7    8    9    6    4    1    7    4    5    7    8    9    6    4    2    3    
2          3.010687942194792E-4   464.30065359477004     13         1    2    11   12   3    10   9    13   4    5    6    11   12   7    10   9    13   8    
7          0.001053740779768177   464.0392156862737      8          2    3    5    6    7    4    2    8    1    2    3    5    6    7    4    2    8    5    
8          0.0012042751768779167  462.40522875816845     12         7    9    11   12   1    10   8    2    3    7    9    11   12   4    10   8    5    6    
3          4.516031913292187E-4   454.2352941176456      12         7    8    1    10   11   9    2    12   3    7    8    4    10   11   9    5    12   6    
4          6.021375884389584E-4   451.0065359477114      13         9    1    2    12   13   11   10   3    4    9    5    6    12   13   11   10   7    8    
4          6.021375884389584E-4   446.4052287581686      10         1    5    7    8    9    6    4    10   2    4    5    7    8    9    6    4    10   3    
1          1.505343971097396E-4   446.11111111110984     14         1    2    3    13   14   12   11   4    5    6    7    8    13   14   12   11   9    10   
1          1.505343971097396E-4   437.0196078431363      13         1    10   12   13   2    11   9    3    4    5    10   12   13   6    11   9    7    8    
5          7.526719855486979E-4   436.1111111111099      11         1    8    2    9    10   8    7    11   3    4    8    5    9    10   8    7    11   6    
2          3.010687942194792E-4   431.9084967320252      9          3    5    6    8    9    1    4    9    7    3    5    6    8    9    2    4    9    7    
3          4.516031913292187E-4   428.07843137254804     11         6    7    8    9    10   1    6    11   2    3    7    8    9    10   4    6    11   5    
1          1.505343971097396E-4   423.7516339869275      12         1    2    9    10   11   3    8    12   9    4    5    9    10   11   6    8    12   7    
4          6.021375884389584E-4   419.45751633986833     10         5    6    8    9    1    7    5    10   2    5    6    8    9    3    7    5    10   4    
7          0.001053740779768177   416.1111111111103      7          1    3    4    6    7    3    2    7    5    1    3    4    6    7    3    2    7    5    
5          7.526719855486979E-4   412.8888888888883      11         7    8    1    9    10   2    7    11   3    7    8    4    9    10   5    7    11   6    
10         0.0015053439710973958  410.4444444444431      12         7    1    9    10   11   8    2    12   3    7    4    9    10   11   8    5    12   6    
2          3.010687942194792E-4   409.411764705881       11         1    6    8    9    10   7    2    11   3    4    6    8    9    10   7    5    11   8    
2          3.010687942194792E-4   403.94771241829994     9          4    5    6    7    8    5    1    9    2    4    5    6    7    8    5    3    9    6    
7          0.001053740779768177   401.73202614379016     13         9    1    2    11   12   3    10   13   4    9    5    6    11   12   7    10   13   8    
5          7.526719855486979E-4   395.0784313725477      12         7    8    9    10   11   1    2    12   3    7    8    9    10   11   4    5    12   6    
1          1.505343971097396E-4   388.7058823529403      13         9    10   11   12   13   1    2    3    4    9    10   11   12   13   5    6    7    8    
3          4.516031913292187E-4   385.37254901960733     7          2    4    5    6    7    4    3    7    1    2    4    5    6    7    4    3    7    5    
4          6.021375884389584E-4   380.5882352941166      11         1    7    8    9    10   7    2    11   3    4    7    8    9    10   7    5    11   6    
3          4.516031913292187E-4   379.12418300653536     9          3    5    6    7    8    5    4    9    1    3    5    6    7    8    2    4    9    6    
5          7.526719855486979E-4   376.85620915032575     11         1    7    8    9    10   7    6    11   2    3    7    8    9    10   4    6    11   5    
2          3.010687942194792E-4   376.08496732026055     9          1    5    6    7    8    5    4    9    2    4    5    6    7    8    5    4    9    3    
1          1.505343971097396E-4   375.9934640522871      11         1    8    9    10   11   2    7    3    4    5    8    9    10   11   8    7    6    9    
1          1.505343971097396E-4   371.22222222222143     12         1    2    9    10   11   3    8    12   4    5    6    9    10   11   7    8    12   9    
4          6.021375884389584E-4   370.35294117646976     9          1    3    5    7    8    4    2    9    6    2    3    5    7    8    4    2    9    6    
1          1.505343971097396E-4   365.8758169934633      11         1    2    9    10   11   8    7    11   3    4    5    9    10   11   8    7    11   6    
1          1.505343971097396E-4   364.8104575163391      10         1    5    2    8    9    6    4    10   7    4    5    3    8    9    6    4    10   7    
7          0.001053740779768177   361.6666666666663      9          1    4    6    7    8    5    3    9    6    2    4    6    7    8    5    3    9    6    
2          3.010687942194792E-4   360.4117647058812      12         1    8    9    11   2    3    7    12   10   4    8    9    11   5    6    7    12   10   
2          3.010687942194792E-4   358.7516339869269      12         1    8    9    11   12   2    7    3    10   4    8    9    11   12   5    7    6    10   
1          1.505343971097396E-4   354.9084967320258      12         1    9    10   11   12   2    8    3    4    5    9    10   11   12   6    8    7    10   
1          1.505343971097396E-4   353.5294117647049      14         1    12   2    13   3    4    11   14   5    6    12   7    13   8    9    11   14   10   
1          1.505343971097396E-4   351.79738562091404     14         1    2    3    12   13   4    11   14   5    6    7    8    12   13   9    11   14   10   
2          3.010687942194792E-4   349.307189542483       11         6    1    9    10   11   8    7    2    3    6    8    9    10   11   8    7    4    5    
1          1.505343971097396E-4   348.4052287581689      13         1    10   11   12   2    10   3    13   4    5    10   11   12   6    7    8    13   9    
1          1.505343971097396E-4   347.5424836601299      12         7    1    9    11   2    3    8    12   10   7    4    10   11   5    6    8    12   9    
3          4.516031913292187E-4   345.28104575163337     10         5    7    8    9    10   1    6    10   2    5    7    8    9    10   3    6    10   4    
8          0.0012042751768779167  342.62091503267874     9          2    4    5    7    8    4    3    9    6    2    4    5    7    8    1    3    9    6    
4          6.021375884389584E-4   341.4836601307183      10         1    6    8    9    10   7    5    10   2    3    6    8    9    10   7    5    10   4    
4          6.021375884389584E-4   334.3790849673197      12         7    1    10   11   12   2    8    3    4    7    9    10   11   12   9    8    5    6    
7          0.001053740779768177   332.1895424836598      11         5    7    8    10   1    2    6    11   9    5    7    8    10   3    4    6    11   9    
12         0.0018064127653168748  320.4052287581691      10         5    6    8    9    10   7    5    1    2    5    6    8    9    10   7    5    3    4    
1          1.505343971097396E-4   307.4836601307186      10         3    5    7    8    9    6    4    10   7    3    5    1    8    9    6    4    10   2    
3          4.516031913292187E-4   305.75163398692735     8          1    3    4    6    7    3    2    8    5    2    3    4    6    7    3    2    8    5    
1          1.505343971097396E-4   305.274509803921       14         11   1    2    13   3    4    12   14   5    11   6    7    13   8    9    12   14   10   
3          4.516031913292187E-4   305.2026143790843      9          1    4    6    8    9    5    3    9    7    2    4    6    8    9    5    3    9    7    
4          6.021375884389584E-4   303.50326797385594     13         9    1    11   12   2    3    10   13   4    9    5    11   12   6    7    10   13   8    
1          1.505343971097396E-4   301.6535947712414      13         1    9    2    11   12   10   3    13   4    5    9    6    11   12   10   7    13   8    
1          1.505343971097396E-4   301.1895424836597      12         7    1    10   12   2    9    8    3    10   7    4    11   12   5    9    8    6    11   
1          1.505343971097396E-4   294.5751633986922      11         1    7    9    10   11   8    6    2    3    6    7    9    10   11   8    6    4    5    
1          1.505343971097396E-4   293.4967320261432      8          1    3    4    6    7    3    2    8    5    1    3    5    6    7    3    2    8    4    
3          4.516031913292187E-4   291.444444444444       11         6    7    8    9    10   7    1    11   2    6    7    8    9    10   3    4    11   5    
3          4.516031913292187E-4   290.5620915032676      14         1    2    12   13   14   3    11   4    5    6    7    12   13   14   8    11   9    10   
1          1.505343971097396E-4   289.4705882352932      10         6    1    8    9    2    7    6    10   3    6    4    8    9    5    7    6    10   8    
1          1.505343971097396E-4   289.04575163398624     9          4    5    6    7    8    5    4    9    1    4    5    6    7    8    2    4    9    3    
1          1.505343971097396E-4   288.8039215686267      10         6    7    1    8    9    7    6    10   2    6    3    4    8    9    7    6    10   5    
1          1.505343971097396E-4   287.7973856209148      9          1    3    5    7    8    3    2    9    6    1    4    5    7    8    4    2    9    6    
15         0.0022580159566460934  285.614379084967       11         1    2    7    9    10   6    5    11   8    3    4    7    9    10   6    5    11   8    
1          1.505343971097396E-4   284.9803921568621      13         1    12   2    13   3    12   11   4    5    6    12   7    13   8    12   11   9    10   
1          1.505343971097396E-4   280.05882352941114     9          4    6    7    8    9    6    5    9    1    4    6    7    8    9    2    5    9    3    
2          3.010687942194792E-4   263.7973856209148      9          5    6    1    7    8    6    5    9    2    5    6    3    7    8    6    5    9    4    
9          0.0013548095739876562  263.3986928104567      8          2    4    6    7    8    5    3    8    1    2    4    6    7    8    5    3    8    6    
3          4.516031913292187E-4   260.39215686274514     10         3    5    7    8    9    5    4    10   1    3    6    7    8    9    6    4    10   2    
1          1.505343971097396E-4   258.156862745098       11         5    1    2    9    10   3    6    11   8    5    7    4    9    10   7    6    11   8    
7          0.001053740779768177   255.92810457516336     9          2    4    5    7    8    4    3    9    6    2    1    5    7    8    4    3    9    6    
2          3.010687942194792E-4   249.61437908496717     10         1    5    6    8    9    5    4    10   7    2    5    6    8    9    3    4    10   7    
7          0.001053740779768177   248.64052287581706     12         1    2    8    10   11   3    7    12   9    4    5    8    10   11   6    7    12   9    
1          1.505343971097396E-4   238.99346405228738     11         6    8    9    10   1    8    7    11   2    6    8    9    10   3    4    7    11   5    
1          1.505343971097396E-4   237.31372549019557     11         7    1    2    9    10   8    7    11   3    7    4    5    9    10   8    7    11   6    
5          7.526719855486979E-4   236.9150326797383      10         5    1    7    8    9    2    6    10   7    5    3    7    8    9    4    6    10   7    
2          3.010687942194792E-4   233.8562091503265      12         8    10   11   12   1    2    9    3    11   8    10   11   12   4    5    9    6    7    
1          1.505343971097396E-4   233.55555555555546     12         7    1    9    11   2    3    8    12   10   7    4    9    11   5    6    8    12   10   
4          6.021375884389584E-4   230.66666666666654     12         1    7    9    10   11   8    2    12   3    4    7    9    10   11   8    5    12   6    
2          3.010687942194792E-4   225.82352941176447     9          3    5    6    7    8    5    4    9    6    3    5    6    7    8    1    4    9    2    
1          1.505343971097396E-4   224.74509803921558     12         7    1    8    10   11   2    3    12   9    7    4    8    10   11   5    6    12   9    
5          7.526719855486979E-4   224.64705882352936     11         5    7    1    10   11   8    6    2    9    5    7    3    10   11   8    6    4    9    
1          1.505343971097396E-4   223.9738562091499      15         1    2    3    15   4    13   5    6    14   7    8    9    15   10   13   11   12   14   
1          1.505343971097396E-4   218.8300653594768      11         6    1    8    9    10   2    7    11   8    6    3    8    9    10   4    7    11   5    
1          1.505343971097396E-4   218.13071895424824     10         4    1    7    8    9    2    5    10   7    4    6    7    8    9    6    5    10   3    
1          1.505343971097396E-4   216.8562091503266      12         8    1    10   11   2    3    9    12   10   8    4    10   11   5    6    9    12   7    
2          3.010687942194792E-4   212.50980392156828     8          2    4    5    6    7    1    3    8    5    2    4    5    6    7    4    3    8    5    
9          0.0013548095739876562  210.03921568627428     9          3    5    6    7    8    1    4    9    6    3    5    6    7    8    2    4    9    6    
2          3.010687942194792E-4   209.3071895424833      8          2    4    5    6    7    4    3    8    5    2    4    5    6    7    1    3    8    5    
1          1.505343971097396E-4   208.4509803921565      9          1    5    6    7    8    2    4    9    6    3    5    6    7    8    5    4    9    6    
1          1.505343971097396E-4   201.2614379084966      11         1    6    8    9    10   7    5    11   8    2    6    3    9    10   7    5    11   4    
1          1.505343971097396E-4   197.12418300653596     12         1    8    10   11   2    9    7    12   3    4    8    5    11   6    9    7    12   10   
1          1.505343971097396E-4   196.67973856209113     10         5    1    7    9    2    6    5    10   8    5    3    7    9    4    6    5    10   8    
1          1.505343971097396E-4   196.28104575163354     9          3    5    1    7    8    5    4    9    2    3    5    6    7    8    5    4    9    6    
1          1.505343971097396E-4   195.96078431372536     13         9    1    2    12   3    11   10   13   4    9    5    6    12   7    11   10   13   8    
1          1.505343971097396E-4   195.3267973856204      8          1    3    5    7    8    4    2    8    5    1    3    6    7    8    4    2    8    6    
1          1.505343971097396E-4   194.67320261437894     13         1    10   2    12   3    11   9    13   4    5    10   6    12   7    11   9    13   8    
2          3.010687942194792E-4   194.0065359477124      12         1    8    2    10   11   3    7    12   9    4    8    5    10   11   6    7    12   9    
1          1.505343971097396E-4   193.78431372548974     8          1    3    4    6    7    3    2    8    4    1    3    5    6    7    3    2    8    5    
8          0.0012042751768779167  192.44444444444434     10         1    5    7    8    9    6    4    10   7    2    5    7    8    9    6    4    10   3    
1          1.505343971097396E-4   190.09150326797348     10         5    6    7    9    10   6    1    2    8    5    6    7    9    10   6    3    4    8    
2          3.010687942194792E-4   183.111111111111       11         5    1    8    9    10   7    6    11   2    5    7    8    9    10   3    6    11   4    
2          3.010687942194792E-4   181.5228758169931      9          3    5    7    8    9    6    4    1    7    3    5    7    8    9    6    4    2    7    
1          1.505343971097396E-4   180.08496732026103     9          3    4    6    8    9    5    3    1    7    3    4    6    8    9    5    3    2    7    
1          1.505343971097396E-4   179.60784313725478     10         4    6    8    9    10   7    5    10   1    4    6    8    9    10   7    5    2    3    
1          1.505343971097396E-4   178.032679738562       13         1    9    11   12   2    10   3    13   4    5    9    11   12   6    10   7    13   8    
2          3.010687942194792E-4   176.9411764705881      14         1    2    12   13   3    11   4    14   5    6    7    12   13   8    11   9    14   10   
1          1.505343971097396E-4   173.67320261437894     12         8    1    10   11   12   2    3    4    5    8    9    10   11   12   9    6    7    10   
4          6.021375884389584E-4   172.87581699346384     9          3    1    6    7    8    2    4    9    6    3    5    6    7    8    5    4    9    6    
1          1.505343971097396E-4   171.15032679738545     12         7    1    10   11   2    3    8    12   4    7    9    10   11   5    9    8    12   6    
1          1.505343971097396E-4   170.90849673202598     10         4    1    7    8    9    2    5    10   3    4    6    7    8    9    6    5    10   7    
3          4.516031913292187E-4   169.4052287581698      10         3    1    6    8    9    2    4    10   7    3    5    6    8    9    5    4    10   7    
3          4.516031913292187E-4   165.99999999999983     11         5    7    9    11   1    8    6    2    10   5    7    9    11   3    8    6    4    10   
1          1.505343971097396E-4   165.15032679738545     11         7    1    9    10   11   2    8    3    9    7    4    9    10   11   5    8    6    9    
1          1.505343971097396E-4   161.34640522875802     10         3    5    7    8    9    6    4    10   1    3    6    7    8    9    5    4    10   2    
1          1.505343971097396E-4   159.51633986928096     12         1    2    9    10   11   8    7    12   3    4    8    9    10   11   5    7    12   6    
1          1.505343971097396E-4   159.46405228758147     14         1    2    11   12   13   3    4    14   5    6    7    11   12   13   8    9    14   10   
1          1.505343971097396E-4   157.6535947712417      11         6    7    9    10   11   8    6    1    2    3    7    9    10   11   8    6    4    5    
1          1.505343971097396E-4   156.58823529411754     11         6    7    1    9    10   8    6    11   2    3    7    4    9    10   8    6    11   5    
2          3.010687942194792E-4   155.29411764705873     11         1    2    8    9    10   7    6    11   3    4    7    8    9    10   7    6    11   5    
2          3.010687942194792E-4   151.60784313725458     9          4    1    6    7    8    5    4    9    2    4    3    6    7    8    5    4    9    6    
1          1.505343971097396E-4   151.29411764705853     11         8    1    9    10   11   2    8    3    4    8    5    9    10   11   6    8    7    9    
1          1.505343971097396E-4   150.85620915032652     8          3    4    5    7    8    4    3    1    6    3    4    5    7    8    4    3    2    6    
1          1.505343971097396E-4   150.71895424836578     10         4    5    6    8    9    1    4    10   7    4    5    6    8    9    2    3    10   7    
1          1.505343971097396E-4   150.1503267973855      11         6    8    9    10   11   1    7    2    3    6    8    9    10   11   4    7    11   5    
1          1.505343971097396E-4   149.41176470588223     11         1    7    8    9    10   2    6    11   3    6    7    8    9    10   4    6    11   5    
1          1.505343971097396E-4   147.28104575163383     11         1    7    8    9    10   2    6    11   8    3    7    8    9    10   4    6    11   5    
1          1.505343971097396E-4   146.35294117647044     7          2    3    5    6    7    4    2    7    1    2    3    5    6    7    4    2    7    5    
2          3.010687942194792E-4   144.8169934640521      11         7    8    10   11   1    9    7    2    3    7    8    10   11   4    9    7    5    6    
3          4.516031913292187E-4   139.1307189542482      10         5    7    1    9    10   8    6    10   2    5    7    3    9    10   8    6    10   4    
2          3.010687942194792E-4   138.61437908496714     13         1    9    10   11   12   2    3    13   4    5    9    10   11   12   6    7    13   8    
2          3.010687942194792E-4   133.76470588235279     8          1    4    5    6    7    4    3    8    2    3    4    5    6    7    4    3    8    5    
2          3.010687942194792E-4   133.5686274509802      12         7    8    9    11   12   1    2    3    10   7    8    9    11   12   4    5    6    10   
1          1.505343971097396E-4   133.49019607843124     11         6    8    9    10   11   8    7    1    2    6    3    9    10   11   8    7    4    5    
2          3.010687942194792E-4   132.39869281045736     7          1    2    4    6    7    3    1    7    5    1    2    4    6    7    3    1    7    5    
1          1.505343971097396E-4   132.14379084967302     13         9    1    10   11   12   2    3    13   4    9    5    10   11   12   6    7    13   8    
2          3.010687942194792E-4   131.12418300653584     9          5    6    7    8    9    1    5    9    2    5    6    7    8    9    3    5    9    4    
2          3.010687942194792E-4   130.05882352941163     14         11   1    13   14   2    3    12   4    5    11   6    13   14   7    8    12   9    10   
1          1.505343971097396E-4   127.91503267973846     13         1    10   2    12   13   11   9    3    4    5    10   6    12   13   11   9    7    8    
1          1.505343971097396E-4   127.35947712418294     12         8    1    9    10   11   2    8    12   3    4    5    9    10   11   6    8    12   7    
1          1.505343971097396E-4   125.32679738562072     10         5    1    6    8    9    2    5    10   7    5    3    6    8    9    4    5    10   7    
1          1.505343971097396E-4   124.39869281045729     12         7    8    10   12   1    9    2    3    11   7    8    10   12   4    9    5    6    11   
3          4.516031913292187E-4   121.9999999999999      9          3    5    1    7    8    5    4    9    6    3    5    2    7    8    5    4    9    6    
3          4.516031913292187E-4   121.32026143790837     11         6    1    9    10   2    8    7    11   3    6    4    9    10   5    8    7    11   9    
1          1.505343971097396E-4   120.62745098039204     12         1    10   2    11   3    10   9    12   4    5    10   6    11   7    10   9    12   8    
1          1.505343971097396E-4   117.96732026143766     8          3    4    5    6    7    4    3    8    1    3    4    5    6    8    4    3    7    2    
1          1.505343971097396E-4   116.84967320261421     12         1    9    11   12   2    10   8    3    4    5    9    11   12   6    10   8    7    11   
3          4.516031913292187E-4   115.76470588235287     10         5    1    8    9    10   7    6    10   2    5    3    8    9    10   7    6    10   4    
3          4.516031913292187E-4   110.62091503267966     10         1    2    7    8    9    6    5    10   7    3    4    7    8    9    6    5    10   7    
1          1.505343971097396E-4   110.56209150326781     12         1    7    8    10   11   2    3    12   9    4    7    8    10   11   5    6    12   9    
1          1.505343971097396E-4   109.06535947712406     11         1    7    9    10   11   8    2    3    9    4    7    9    10   11   8    5    6    9    
1          1.505343971097396E-4   107.50980392156848     13         1    2    10   11   12   3    4    13   5    6    7    10   11   12   8    9    13   10   
1          1.505343971097396E-4   107.20261437908488     12         7    1    9    11   12   2    8    3    10   7    4    9    11   12   5    8    6    10   
1          1.505343971097396E-4   105.49673202614362     10         6    1    8    9    10   7    6    2    8    6    3    8    9    10   7    6    4    5    
1          1.505343971097396E-4   105.39869281045736     9          3    4    1    7    8    5    3    9    6    3    4    2    7    8    5    3    9    6    
1          1.505343971097396E-4   104.31372549019595     12         7    9    1    10   11   2    8    12   3    7    4    5    10   11   9    8    12   6    
1          1.505343971097396E-4   104.09803921568617     11         1    6    8    9    10   7    5    11   2    3    6    4    9    10   7    5    11   8    
2          3.010687942194792E-4   103.46405228758165     11         5    7    1    9    10   2    6    11   3    5    7    8    9    10   4    6    11   8    
1          1.505343971097396E-4   101.2810457516339      9          4    5    1    7    8    2    4    9    6    4    5    3    7    8    5    4    9    6    
2          3.010687942194792E-4   101.04575163398681     9          2    4    6    7    8    4    3    9    1    2    5    6    7    8    5    3    9    6    
1          1.505343971097396E-4   97.98039215686264      12         7    1    2    10   11   8    3    12   9    7    4    5    10   11   8    6    12   9    
2          3.010687942194792E-4   96.69281045751622      9          4    1    6    7    8    5    4    9    2    4    5    6    7    8    5    4    9    3    
1          1.505343971097396E-4   94.9019607843136       10         5    1    8    9    2    7    6    10   3    5    7    8    9    4    7    6    10   8    
1          1.505343971097396E-4   93.34640522875809      9          3    4    6    7    8    5    1    9    6    3    4    6    7    8    5    2    9    6    
4          6.021375884389584E-4   92.78431372549014      9          3    5    6    7    8    5    4    9    1    3    5    2    7    8    5    4    9    6    
2          3.010687942194792E-4   88.31372549019603      9          3    4    6    8    1    5    3    9    7    3    4    6    8    2    5    3    9    7    
1          1.505343971097396E-4   88.24183006535944      13         10   1    11   12   13   2    10   3    4    5    6    11   12   13   7    10   8    9    
1          1.505343971097396E-4   87.13725490196072      11         6    7    8    10   11   1    6    2    9    3    7    8    10   11   4    6    5    9    
1          1.505343971097396E-4   84.68627450980382      12         8    10   1    11   12   10   9    2    3    8    10   4    11   12   5    9    6    7    
2          3.010687942194792E-4   84.22222222222213      9          3    1    6    7    8    5    4    9    6    3    5    6    7    8    5    4    9    2    
1          1.505343971097396E-4   83.62745098039206      7          1    2    4    5    6    3    1    7    4    1    2    4    5    6    3    1    7    4    
2          3.010687942194792E-4   82.90196078431362      10         4    6    7    9    1    2    5    10   8    4    6    7    9    3    6    5    10   8    
1          1.505343971097396E-4   81.2810457516339       13         9    11   1    12   2    3    10   13   4    9    11   5    12   6    7    10   13   8    
2          3.010687942194792E-4   78.16993464052283      11         1    8    9    10   11   2    7    11   3    4    8    9    10   11   5    7    11   6    
1          1.505343971097396E-4   76.4771241830065       9          3    5    7    8    1    6    4    9    7    3    5    7    8    2    6    4    9    7    
1          1.505343971097396E-4   76.4444444444444       12         7    9    1    11   12   2    8    3    10   7    9    4    11   12   5    8    6    10   
1          1.505343971097396E-4   75.39869281045742      13         9    10   11   12   1    2    3    13   4    9    10   11   12   5    6    7    13   8    
1          1.505343971097396E-4   75.1307189542483       10         5    1    7    9    10   6    5    2    8    5    3    7    9    10   6    5    4    8    
2          3.010687942194792E-4   72.81045751633984      11         7    9    1    10   11   9    8    2    3    7    9    4    10   11   9    8    5    6    
2          3.010687942194792E-4   71.22222222222214      10         4    1    2    8    9    6    5    10   7    4    6    3    8    9    6    5    10   7    
2          3.010687942194792E-4   69.66013071895419      12         1    2    9    11   12   8    7    3    10   4    5    9    11   12   8    7    6    10   
1          1.505343971097396E-4   68.08496732026141      9          3    5    6    7    8    1    4    9    6    3    2    6    7    8    5    4    9    6    
1          1.505343971097396E-4   67.516339869281        10         1    6    7    8    9    6    5    10   2    3    6    7    8    9    4    5    10   7    
2          3.010687942194792E-4   66.13725490196072      11         5    7    8    9    10   1    6    11   2    5    7    3    9    10   4    6    11   8    
1          1.505343971097396E-4   64.10457516339865      12         7    1    9    10   11   2    8    12   3    7    4    5    10   11   6    8    12   9    
1          1.505343971097396E-4   63.392156862745054     9          1    6    7    8    9    6    5    9    2    3    6    7    8    9    4    5    9    7    
2          3.010687942194792E-4   62.88235294117642      10         4    6    1    8    9    2    5    10   3    4    6    7    8    9    6    5    10   7    
1          1.505343971097396E-4   59.88235294117643      11         6    8    1    10   11   2    7    3    4    6    8    9    10   11   8    7    5    9    
1          1.505343971097396E-4   59.14379084967315      11         6    8    9    10   1    2    7    11   3    6    8    9    10   4    8    7    11   5    
1          1.505343971097396E-4   58.1895424836601       12         9    10   1    11   12   2    9    3    4    9    10   5    11   12   6    9    7    8    
1          1.505343971097396E-4   57.156862745097996     11         7    1    2    9    10   3    7    11   4    7    8    5    9    10   8    7    11   6    
1          1.505343971097396E-4   56.326797385620885     10         5    1    7    8    9    6    5    10   2    5    6    7    8    9    3    5    10   4    
1          1.505343971097396E-4   53.55555555555553      9          1    5    7    8    9    6    4    9    2    3    5    7    8    9    6    4    9    7    
2          3.010687942194792E-4   53.25490196078429      10         1    5    6    8    9    5    4    10   7    2    3    6    8    9    5    4    10   7    
2          3.010687942194792E-4   51.6535947712418       11         6    1    9    10   11   2    7    3    4    6    8    9    10   11   8    7    5    9    
1          1.505343971097396E-4   51.39869281045749      12         8    10   1    11   12   2    9    3    4    8    10   5    11   12   10   9    6    7    
1          1.505343971097396E-4   49.18300653594768      10         5    1    8    9    10   2    6    10   3    5    7    8    9    10   7    6    4    8    
1          1.505343971097396E-4   49.11111111111108      8          3    4    5    7    1    4    3    8    6    3    4    5    7    2    4    3    8    6    
1          1.505343971097396E-4   47.84313725490194      12         8    1    10   11   12   2    9    3    4    8    5    10   11   12   6    9    7    10   
1          1.505343971097396E-4   46.64052287581697      11         6    1    8    9    10   2    3    11   4    6    7    8    9    10   7    5    11   8    
1          1.505343971097396E-4   46.34640522875815      10         5    1    8    9    10   2    6    3    8    5    7    8    9    10   7    6    4    8    
1          1.505343971097396E-4   45.209150326797364     11         7    1    9    10   11   2    8    11   3    7    4    9    10   11   5    8    11   6    
1          1.505343971097396E-4   44.84313725490195      12         8    1    9    10   11   2    3    12   4    8    5    9    10   11   6    7    12   9    
1          1.505343971097396E-4   42.882352941176464     11         5    7    8    10   11   1    6    2    9    5    3    8    10   11   7    6    4    9    
1          1.505343971097396E-4   41.73856209150326      12         8    1    11   12   2    3    9    4    5    8    10   11   12   6    10   9    7    11   
1          1.505343971097396E-4   41.54901960784313      9          4    6    7    8    1    6    5    9    2    4    6    7    8    3    6    5    9    7    
1          1.505343971097396E-4   39.50326797385621      8          1    3    5    6    7    3    2    8    5    1    4    5    6    7    4    2    8    5    
1          1.505343971097396E-4   38.620915032679726     9          3    5    6    7    8    5    4    9    6    3    1    6    7    8    2    4    9    6    
1          1.505343971097396E-4   37.62745098039215      10         6    8    9    10   1    8    7    2    3    6    8    9    10   4    8    7    5    9    
1          1.505343971097396E-4   35.77124183006535      11         7    9    1    10   11   2    8    11   3    7    9    4    10   11   5    8    11   6    
1          1.505343971097396E-4   35.74509803921568      10         1    6    7    8    9    6    2    10   3    4    6    7    8    9    6    5    10   7    
1          1.505343971097396E-4   35.006535947712415     10         1    6    8    9    10   7    5    2    8    3    6    8    9    10   7    5    4    8    
1          1.505343971097396E-4   34.503267973856204     12         7    8    10   11   12   9    1    2    3    7    8    10   11   12   9    4    5    6    
1          1.505343971097396E-4   34.28104575163399      12         8    10   11   12   1    2    9    3    4    8    10   11   12   5    6    9    7    11   
1          1.505343971097396E-4   32.47058823529412      14         1    2    3    13   4    12   11   14   5    6    7    8    13   9    12   11   14   10   
1          1.505343971097396E-4   31.274509803921575     11         1    2    8    10   11   7    6    3    9    4    7    8    10   11   7    6    5    9    
2          3.010687942194792E-4   30.359477124183012     11         1    7    9    10   11   8    6    2    9    3    7    9    10   11   8    6    4    5    
1          1.505343971097396E-4   29.20915032679739      12         1    9    10   11   12   9    2    3    4    5    9    10   11   12   9    6    7    8    
1          1.505343971097396E-4   27.405228758169937     11         1    2    8    9    10   3    7    11   8    4    5    8    9    10   6    7    11   8    
2          3.010687942194792E-4   26.22222222222223      9          3    5    1    8    9    6    4    9    7    3    5    2    8    9    6    4    9    7    
1          1.505343971097396E-4   25.339869281045758     9          4    5    7    8    9    6    1    9    2    4    5    7    8    9    6    3    9    7    
1          1.505343971097396E-4   23.875816993464056     11         6    7    8    9    10   1    2    11   3    6    7    8    9    10   4    5    11   8    
1          1.505343971097396E-4   23.86274509803922      14         1    2    12   13   14   11   3    4    5    6    7    12   13   14   11   8    9    10   
1          1.505343971097396E-4   22.862745098039216     12         7    9    10   11   12   1    8    2    3    7    9    4    11   12   5    8    6    10   
1          1.505343971097396E-4   21.80392156862745      10         4    5    6    8    9    5    1    10   7    4    5    6    8    9    2    3    10   7    
1          1.505343971097396E-4   18.849673202614383     8          3    4    5    6    7    1    3    8    2    3    4    5    6    7    4    3    8    5    
1          1.505343971097396E-4   18.601307189542485     9          5    6    7    8    9    1    5    9    2    5    3    7    8    9    6    5    9    4    
1          1.505343971097396E-4   18.09150326797386      10         5    6    7    8    9    1    5    10   2    3    6    7    8    9    6    5    10   4    
1          1.505343971097396E-4   17.339869281045754     12         7    9    10   11   1    2    8    12   3    7    4    10   11   5    9    8    12   6    
1          1.505343971097396E-4   16.098039215686274     10         5    1    7    8    9    2    5    10   3    5    6    7    8    9    6    5    10   4    
1          1.505343971097396E-4   15.385620915032682     15         1    2    14   15   3    4    13   5    6    7    8    14   15   9    10   13   11   12   
1          1.505343971097396E-4   14.209150326797388     10         1    2    7    8    9    6    5    10   7    5    3    7    8    9    6    5    10   4    
1          1.505343971097396E-4   13.882352941176473     7          3    4    5    6    7    1    3    7    5    3    4    5    6    7    2    3    7    5    
1          1.505343971097396E-4   13.35294117647059      12         1    9    2    10   11   9    8    12   3    4    5    6    10   11   9    8    12   7    
1          1.505343971097396E-4   12.359477124183009     10         1    6    7    8    9    6    5    10   2    3    4    7    8    9    6    5    10   7    
1          1.505343971097396E-4   11.555555555555555     14         1    2    12   13   3    4    11   14   5    6    7    12   13   8    9    11   14   10   
1          1.505343971097396E-4   10.313725490196079     9          1    5    6    8    9    5    4    2    7    4    5    6    8    9    5    4    3    7    
1          1.505343971097396E-4   9.535947712418302      12         1    9    10   12   2    9    8    3    11   4    9    10   12   5    6    8    7    11   
1          1.505343971097396E-4   8.712418300653596      11         6    8    9    10   1    2    7    11   3    6    8    9    10   4    5    7    11   9    
1          1.505343971097396E-4   7.66013071895425       12         1    8    9    10   11   2    3    12   4    5    8    9    10   11   6    7    12   9    
1          1.505343971097396E-4   6.745098039215686      12         7    9    10   11   1    2    8    12   3    7    9    4    11   5    6    8    12   10   
1          1.505343971097396E-4   5.666666666666667      9          4    5    7    8    9    6    4    1    2    4    5    7    8    9    6    4    3    7    
1          1.505343971097396E-4   4.830065359477124      12         7    1    2    10   11   3    8    12   9    7    4    5    10   11   6    8    12   9    
1          1.505343971097396E-4   3.856209150326798      10         4    6    8    9    1    7    5    10   8    4    6    8    9    2    7    5    10   3    
1          1.505343971097396E-4   2.908496732026144      11         5    6    7    9    10   1    2    11   8    5    6    7    9    10   3    4    11   8    
1          1.505343971097396E-4   1.9215686274509804     9          5    6    7    8    1    6    5    9    2    5    6    7    8    3    6    5    9    4    
1          1.505343971097396E-4   1.0                    13         9    1    10   12   2    3    4    13   11   9    5    10   12   6    7    8    13   11   

