count      fraction               similarity             nclusters  e1--0 d1--0 z1--0 y1--0 x1--0 d2--0 e2--0 x2--0 z2--0 e1--1 d1--1 z1--1 y1--1 x1--1 d2--1 e2--1 x2--1 z2--1 
4604       0.693060364293241      6333.3921568627475     5          1    2    3    4    5    2    1    5    3    1    2    3    4    5    2    1    5    3    
1241       0.18681318681318682    1746.7124183006583     4          1    2    3    3    4    2    1    4    3    1    2    3    3    4    2    1    4    3    
125        0.018816799638717446   549.169934640523       6          2    3    4    5    6    3    2    6    1    2    3    4    5    6    3    2    6    4    
96         0.014451302122534999   394.6339869281025      6          1    2    3    4    5    2    1    6    3    1    2    3    4    5    2    1    6    3    
101        0.015203974108083697   306.71241830065304     6          1    3    4    5    6    3    2    6    4    1    3    4    5    6    3    2    6    4    
67         0.010085804606352552   220.16339869281015     6          1    2    4    5    6    3    1    6    4    1    2    4    5    6    3    1    6    4    
88         0.013247026945657082   218.69281045751634     3          1    1    2    2    3    1    1    3    2    1    1    2    2    3    1    1    3    2    
7          0.001053740779768177   179.02614379084966     5          1    2    3    3    4    2    1    5    3    1    2    3    3    4    2    1    5    3    
14         0.002107481559536354   177.58823529411765     5          1    3    4    4    5    3    2    5    4    1    3    4    4    5    3    2    5    4    
49         0.007376185458377239   143.44444444444437     6          1    2    3    5    6    2    1    6    4    1    2    3    5    6    2    1    6    4    
134        0.020171609212705104   135.94771241830065     4          1    1    2    3    4    1    1    4    2    1    1    2    3    4    1    1    4    2    
2          3.010687942194792E-4   135.28104575163403     5          2    2    3    4    5    2    2    5    1    2    2    3    4    5    2    2    5    3    
7          0.001053740779768177   106.59477124182996     6          2    3    4    5    6    1    2    6    4    2    3    4    5    6    3    2    6    4    
3          4.516031913292187E-4   87.15686274509797      7          2    3    4    5    6    3    2    7    1    2    3    4    5    6    3    2    7    4    
26         0.003913894324853229   85.29411764705878      6          2    3    4    5    6    3    2    6    4    2    3    4    5    6    3    2    6    1    
12         0.0018064127653168748  65.07843137254896      5          1    2    4    4    5    3    1    5    4    1    2    4    4    5    3    1    5    4    
3          4.516031913292187E-4   59.57516339869278      7          2    4    5    6    7    4    3    7    1    2    4    5    6    7    4    3    7    5    
2          3.010687942194792E-4   55.18300653594766      7          1    3    4    6    7    3    2    7    5    1    3    4    6    7    3    2    7    5    
16         0.0024085503537558334  54.5816993464052       7          3    4    5    6    7    4    3    7    1    3    4    5    6    7    4    3    7    2    
5          7.526719855486979E-4   39.99346405228757      7          2    3    5    6    7    4    2    7    1    2    3    5    6    7    4    2    7    5    
5          7.526719855486979E-4   33.411764705882355     7          1    2    4    5    6    3    1    7    4    1    2    4    5    6    3    1    7    4    
2          3.010687942194792E-4   30.3921568627451       6          2    1    4    5    6    3    2    6    4    2    3    4    5    6    3    2    6    4    
1          1.505343971097396E-4   25.54248366013072      6          1    3    4    5    6    3    2    6    4    2    3    4    5    6    3    2    6    4    
2          3.010687942194792E-4   25.522875816993466     7          2    3    5    6    7    4    2    7    5    2    3    5    6    7    4    2    7    1    
1          1.505343971097396E-4   25.35947712418301      8          3    5    6    7    8    5    4    8    1    3    5    6    7    8    5    4    8    2    
1          1.505343971097396E-4   23.529411764705884     8          1    3    5    7    8    4    2    8    6    1    3    5    7    8    4    2    8    6    
2          3.010687942194792E-4   23.490196078431378     8          3    4    5    6    7    4    3    8    1    3    4    5    6    7    4    3    8    2    
1          1.505343971097396E-4   19.065359477124183     7          1    3    5    6    7    3    2    7    5    1    4    5    6    7    4    2    7    5    
3          4.516031913292187E-4   17.281045751633986     7          1    3    5    6    7    4    2    7    5    1    3    5    6    7    4    2    7    5    
3          4.516031913292187E-4   15.333333333333334     7          1    2    4    6    7    3    1    7    5    1    2    4    6    7    3    1    7    5    
6          9.032063826584374E-4   15.333333333333334     7          1    3    4    5    6    3    2    7    4    1    3    4    5    6    3    2    7    4    
1          1.505343971097396E-4   12.947712418300656     6          2    4    5    5    6    1    3    6    5    2    4    5    5    6    4    3    6    5    
5          7.526719855486979E-4   9.712418300653596      6          2    3    4    5    6    3    2    6    4    2    3    4    5    6    1    2    6    4    
1          1.505343971097396E-4   4.686274509803922      8          2    4    6    7    8    5    3    8    1    2    4    6    7    8    5    3    8    6    
1          1.505343971097396E-4   2.869281045751634      7          1    2    3    5    6    2    1    7    4    1    2    3    5    6    2    1    7    4    
1          1.505343971097396E-4   2.8627450980392157     6          1    3    5    5    6    4    2    6    5    1    3    5    5    6    4    2    6    5    
2          3.010687942194792E-4   2.0                    5          1    1    2    3    4    1    1    5    2    1    1    2    3    4    1    1    5    2    
1          1.505343971097396E-4   1.9477124183006536     6          2    3    4    5    6    3    2    6    4    2    3    4    5    6    3    2    1    4    
1          1.505343971097396E-4   1.9019607843137254     6          1    3    4    4    5    3    2    6    4    1    3    4    4    5    3    2    6    4    
1          1.505343971097396E-4   1.0                    7          3    4    5    6    7    1    3    7    5    3    4    5    6    7    2    3    7    5    

