count      fraction               similarity             nclusters  e1--0 d1--0 z1--0 y1--0 x1--0 d2--0 e2--0 x2--0 z2--0 e1--1 d1--1 z1--1 y1--1 x1--1 d2--1 e2--1 x2--1 z2--1 
72         0.006903825870169719   10085.732026143498     10         3    5    1    8    9    6    4    10   7    3    5    2    8    9    6    4    10   7    
278        0.02665643877648864    9803.705882353193      8          1    3    5    6    7    4    2    8    5    1    3    5    6    7    4    2    8    5    
723        0.06932591811295426    9700.993464052091      10         3    4    6    8    9    5    1    10   7    3    4    6    8    9    5    2    10   7    
84         0.008054463515198005   9123.359477124457      6          1    2    3    4    5    2    1    6    3    1    2    3    4    5    2    1    6    3    
384        0.03682040464090517    8806.294117647321      7          1    2    4    5    6    3    1    7    4    1    2    4    5    6    3    1    7    4    
1981       0.1899510979000863     8651.901960784591      9          1    3    5    7    8    4    2    9    6    1    3    5    7    8    4    2    9    6    
280        0.026848211717326684   6522.189542483755      8          1    3    4    6    7    3    2    8    5    1    3    4    6    7    3    2    8    5    
2531       0.24268865663054942    6479.0718954250215     8          1    2    4    6    7    3    1    8    5    1    2    4    6    7    3    1    8    5    
642        0.06155911400901333    3859.823529411712      9          2    3    5    7    8    4    2    9    6    2    3    5    7    8    4    1    9    6    
101        0.009684533512321411   3839.8300653595284     9          3    4    5    7    8    4    1    9    6    3    4    5    7    8    4    2    9    6    
87         0.008342122926455078   3138.908496732141      8          2    3    5    6    7    4    2    8    5    2    3    5    6    7    4    1    8    5    
142        0.01361587879950139    3082.607843137317      8          2    3    4    6    7    3    2    8    5    2    3    4    6    7    3    1    8    5    
11         0.0010547511746092626  3049.372549019646      7          2    3    5    6    7    4    2    7    5    2    3    5    6    7    4    1    7    5    
454        0.04353245757023684    2921.6274509804384     7          1    2    3    5    6    2    1    7    4    1    2    3    5    6    2    1    7    4    
73         0.006999712340588743   2536.5098039215695     8          2    3    5    7    8    4    2    8    6    2    3    5    7    8    4    1    8    6    
96         0.009205101160226293   2464.758169934663      9          3    1    5    7    8    4    3    9    6    3    2    5    7    8    4    3    9    6    
1          9.588647041902388E-5   2442.9477124182877     10         5    6    7    9    1    2    5    10   8    5    6    7    9    3    4    5    10   8    
44         0.0042190046984370505  2317.9673202614504     9          3    4    6    8    1    5    3    9    7    3    4    6    8    2    5    3    9    7    
246        0.023588071723079872   2294.8235294117853     8          1    3    5    7    8    4    2    8    6    1    3    5    7    8    4    2    8    6    
378        0.036245085818391025   2009.235294117638      7          1    2    4    6    7    3    1    7    5    1    2    4    6    7    3    1    7    5    
33         0.0031642535238277877  1958.8954248365899     7          1    3    5    6    7    4    2    7    5    1    3    5    6    7    4    2    7    5    
51         0.004890209991370218   1920.418300653592      7          1    3    4    5    6    3    2    7    4    1    3    4    5    6    3    2    7    4    
29         0.0027807076421516924  1638.5555555555554     8          2    1    4    6    7    3    2    8    5    2    3    4    6    7    3    2    8    5    
15         0.0014382970562853582  1618.503267973842      9          2    1    5    7    8    4    3    9    6    2    4    5    7    8    4    3    9    6    
60         0.005753188225141433   1603.4052287581762     10         3    1    6    8    9    5    4    10   7    3    2    6    8    9    5    4    10   7    
14         0.0013424105858663342  1539.7450980392207     10         1    4    6    8    9    5    3    10   7    2    4    6    8    9    5    3    10   7    
1          9.588647041902388E-5   1537.8758169934702     10         4    1    2    8    9    6    5    10   7    4    6    3    8    9    6    5    10   7    
2          1.9177294083804776E-4  1524.013071895433      12         7    1    2    10   11   8    3    12   9    7    4    5    10   11   8    6    12   9    
5          4.794323520951194E-4   1503.2614379084855     7          2    1    4    5    6    3    2    7    4    2    3    4    5    6    3    2    7    4    
33         0.0031642535238277877  1464.1503267973749     11         5    6    8    10   1    7    2    11   9    5    6    8    10   3    7    4    11   9    
20         0.0019177294083804776  1437.2091503268002     8          3    4    6    7    8    5    3    8    1    3    4    6    7    8    5    3    8    2    
52         0.004986096461789241   1435.6797385620976     6          1    2    4    5    6    3    1    6    4    1    2    4    5    6    3    1    6    4    
6          5.753188225141433E-4   1420.7777777777678     11         1    5    7    9    10   6    2    11   8    3    5    7    9    10   6    4    11   8    
9          8.629782337712149E-4   1407.4509803921517     9          3    5    1    8    9    6    4    9    7    3    5    2    8    9    6    4    9    7    
65         0.006232620577236552   1310.7516339869237     9          3    4    6    7    8    5    3    9    1    3    4    6    7    8    5    3    9    2    
8          7.67091763352191E-4    1299.94117647059       8          3    4    5    7    1    4    3    8    6    3    4    5    7    2    4    3    8    6    
14         0.0013424105858663342  1293.8627450980428     8          3    4    5    6    7    4    3    8    1    3    4    5    6    7    4    3    8    2    
87         0.008342122926455078   1288.7843137254988     6          1    2    3    5    6    2    1    6    4    1    2    3    5    6    2    1    6    4    
76         0.007287371751845815   1237.5490196078479     10         3    5    7    8    9    6    4    10   1    3    5    7    8    9    6    4    10   2    
1          9.588647041902388E-5   1215.6013071895422     10         1    2    7    9    10   6    5    10   8    5    3    7    9    10   6    4    10   8    
1          9.588647041902388E-5   1201.810457516347      9          4    5    6    7    8    5    4    9    1    2    5    6    7    8    5    4    9    3    
8          7.67091763352191E-4    1188.4967320261485     8          3    1    5    7    8    4    3    8    6    3    2    5    7    8    4    3    8    6    
6          5.753188225141433E-4   1182.7647058823575     8          3    4    1    7    8    5    3    8    6    3    4    2    7    8    5    3    8    6    
3          2.8765941125707164E-4  1142.0065359477117     10         5    1    2    8    9    6    5    10   7    5    3    4    8    9    6    5    10   7    
43         0.004123118228018027   1137.8954248366006     9          3    4    6    8    9    5    3    1    7    3    4    6    8    9    5    3    2    7    
5          4.794323520951194E-4   1135.2875816993458     10         5    6    1    8    9    7    5    10   2    5    6    3    8    9    7    5    10   4    
69         0.006616166458912647   1114.241830065356      9          2    3    5    7    8    4    1    9    6    2    3    5    7    8    4    2    9    6    
4          3.835458816760955E-4   1038.9934640522797     9          2    4    6    7    8    5    3    9    6    2    4    6    7    8    5    3    9    1    
1          9.588647041902388E-5   1025.1764705882363     10         5    6    7    8    9    6    1    10   2    5    6    7    8    9    6    3    10   4    
73         0.006999712340588743   1024.7581699346422     9          3    4    6    7    8    5    1    9    6    3    4    6    7    8    5    2    9    6    
2          1.9177294083804776E-4  1009.5947712418259     8          2    4    5    6    7    4    3    8    5    2    4    5    6    7    4    3    8    1    
2          1.9177294083804776E-4  958.6339869281043      11         6    7    1    9    10   8    6    11   2    6    7    3    9    10   8    4    11   5    
3          2.8765941125707164E-4  949.7189542483675      11         5    7    8    9    10   1    6    11   2    5    7    8    9    10   3    6    11   4    
12         0.0011506376450282866  946.1372549019595      8          2    3    4    6    7    3    1    8    5    2    3    4    6    7    3    2    8    5    
65         0.006232620577236552   935.1503267973862      9          3    4    6    8    9    5    1    9    7    3    4    6    8    9    5    2    9    7    
6          5.753188225141433E-4   932.3660130718971      10         5    1    7    8    9    6    5    10   2    5    3    7    8    9    6    5    10   4    
1          9.588647041902388E-5   912.2287581699318      8          2    4    6    7    8    5    3    8    6    2    4    6    7    8    5    3    1    6    
1          9.588647041902388E-5   872.7973856209161      8          4    5    6    7    8    5    4    8    1    4    5    6    7    8    5    4    2    3    
16         0.001534183526704382   872.5359477124184      10         4    5    7    9    1    6    4    10   8    4    5    7    9    2    6    3    10   8    
38         0.0036436858759229074  846.287581699348       9          3    4    5    7    8    1    3    9    6    3    4    5    7    8    2    3    9    6    
8          7.67091763352191E-4    833.4117647058853      8          3    4    5    7    8    1    3    8    6    3    4    5    7    8    2    3    8    6    
85         0.00815034998561703    809.183006535949       9          3    4    1    7    8    5    3    9    6    3    4    2    7    8    5    3    9    6    
12         0.0011506376450282866  794.3660130718974      5          1    2    3    4    5    2    1    5    3    1    2    3    4    5    2    1    5    3    
34         0.0032601399942468116  720.5032679738584      10         3    5    7    9    10   6    4    1    8    3    5    7    9    10   6    4    2    8    
4          3.835458816760955E-4   683.4444444444441      11         5    7    1    9    10   8    6    11   2    5    7    3    9    10   8    6    11   4    
22         0.0021095023492185253  682.8562091503288      10         3    5    6    8    9    1    4    10   7    3    5    6    8    9    2    4    10   7    
17         0.0016300699971234058  666.1960784313719      7          2    3    4    6    7    3    2    7    5    2    3    4    6    7    3    1    7    5    
5          4.794323520951194E-4   657.0196078431374      8          3    4    6    7    1    5    3    8    6    3    4    6    7    2    5    3    8    6    
6          5.753188225141433E-4   649.9084967320249      10         4    5    7    8    9    6    1    10   2    4    5    7    8    9    6    4    10   3    
1          9.588647041902388E-5   645.6993464052259      9          2    3    5    7    8    4    2    9    6    1    3    5    7    8    4    2    9    6    
43         0.004123118228018027   612.4836601307192      7          1    3    4    6    7    3    2    7    5    1    3    4    6    7    3    2    7    5    
12         0.0011506376450282866  608.4052287581694      10         4    5    7    8    9    6    4    10   1    4    5    7    8    9    6    2    10   3    
4          3.835458816760955E-4   602.6405228758165      8          3    1    6    7    8    5    4    8    6    3    2    6    7    8    5    4    8    6    
33         0.0031642535238277877  601.6797385620898      11         5    6    8    9    10   7    1    11   2    5    6    8    9    10   7    3    11   4    
1          9.588647041902388E-5   597.3137254901935      10         5    6    8    9    1    7    2    10   8    5    6    8    9    3    7    4    10   8    
9          8.629782337712149E-4   547.405228758169       8          3    4    5    6    7    4    1    8    5    3    4    5    6    7    4    2    8    5    
28         0.0026848211717326684  540.8039215686257      10         4    5    1    8    9    6    4    10   7    4    5    2    8    9    6    3    10   7    
13         0.0012465241154473103  530.9738562091484      7          2    3    4    5    6    3    2    7    4    2    3    4    5    6    3    1    7    4    
15         0.0014382970562853582  510.33333333333064     10         4    5    6    8    9    1    4    10   7    4    5    6    8    9    2    3    10   7    
2          1.9177294083804776E-4  499.5947712418276      9          4    5    1    8    9    6    4    9    7    4    5    2    8    9    6    3    9    7    
5          4.794323520951194E-4   494.4967320261427      9          2    4    1    7    8    5    3    9    6    2    4    6    7    8    5    3    9    6    
4          3.835458816760955E-4   492.0392156862719      9          3    1    5    7    8    4    3    9    6    3    4    5    7    8    4    2    9    6    
29         0.0027807076421516924  486.64052287581495     10         4    1    6    8    9    5    4    10   7    4    2    6    8    9    5    3    10   7    
10         9.588647041902388E-4   451.6601307189528      11         5    6    7    9    10   1    2    11   8    5    6    7    9    10   3    4    11   8    
4          3.835458816760955E-4   451.5816993464037      6          2    3    4    5    6    3    2    6    4    2    3    4    5    6    3    1    6    4    
12         0.0011506376450282866  449.4901960784302      9          4    5    1    7    8    5    4    9    6    4    5    2    7    8    5    3    9    6    
1          9.588647041902388E-5   448.26143790849517     7          2    3    1    6    7    4    2    7    5    2    3    5    6    7    4    2    7    5    
3          2.8765941125707164E-4  434.8169934640509      11         5    1    8    9    10   7    6    11   2    5    3    8    9    10   7    6    11   4    
4          3.835458816760955E-4   430.59477124182916     9          3    5    7    8    9    6    4    1    7    3    5    7    8    9    6    4    2    7    
31         0.0029724805829897403  425.0588235294106      11         5    1    7    9    10   6    2    11   8    5    3    7    9    10   6    4    11   8    
1          9.588647041902388E-5   422.26797385620785     9          4    1    6    7    8    5    2    9    6    4    3    6    7    8    5    4    9    6    
2          1.9177294083804776E-4  418.6666666666664      12         7    1    9    10   11   8    2    12   3    7    4    9    10   11   8    5    12   6    
8          7.67091763352191E-4    397.2156862745089      8          3    4    6    7    8    5    1    8    6    3    4    6    7    8    5    2    8    6    
20         0.0019177294083804776  394.4575163398693      10         3    5    7    9    1    6    4    10   8    3    5    7    9    2    6    4    10   8    
15         0.0014382970562853582  375.4640522875807      11         5    6    8    10   11   7    1    2    9    5    6    8    10   11   7    3    4    9    
30         0.0028765941125707163  360.091503267973       11         5    6    1    9    10   7    2    11   8    5    6    3    9    10   7    4    11   8    
4          3.835458816760955E-4   320.2941176470582      10         5    6    1    8    9    6    2    10   7    5    6    3    8    9    6    4    10   7    
1          9.588647041902388E-5   317.1372549019602      12         1    7    9    11   12   8    2    3    10   4    7    9    11   12   8    5    6    10   
2          1.9177294083804776E-4  314.862745098039       11         6    7    1    9    10   2    6    11   8    6    7    3    9    10   4    5    11   8    
1          9.588647041902388E-5   314.24836601307163     11         6    7    1    2    10   8    6    11   9    6    7    3    4    10   8    5    11   9    
4          3.835458816760955E-4   313.79084967320193     9          3    5    6    8    1    5    4    9    7    3    5    6    8    2    5    4    9    7    
7          6.712052929331671E-4   313.3333333333327      9          2    4    6    7    8    5    3    9    6    2    4    1    7    8    5    3    9    6    
1          9.588647041902388E-5   306.6862745098033      10         5    7    1    9    10   8    6    10   2    5    7    3    9    10   8    6    10   4    
12         0.0011506376450282866  302.2483660130713      9          3    1    6    7    8    5    4    9    6    3    2    6    7    8    5    4    9    6    
2          1.9177294083804776E-4  300.0588235294112      9          3    4    6    1    8    5    3    9    7    3    4    6    2    8    5    3    9    7    
1          9.588647041902388E-5   297.0522875816985      8          2    4    1    7    8    5    3    8    6    2    4    6    7    8    5    3    8    6    
2          1.9177294083804776E-4  289.777777777777       8          2    3    4    6    7    3    2    8    5    2    3    4    6    7    1    2    8    5    
2          1.9177294083804776E-4  280.9673202614371      10         5    6    7    9    10   1    2    10   8    5    6    7    9    10   3    4    10   8    
2          1.9177294083804776E-4  273.0522875816987      9          3    5    7    8    9    6    4    9    1    3    5    7    8    9    6    4    9    2    
6          5.753188225141433E-4   272.6274509803916      8          3    4    5    6    7    1    3    8    5    3    4    5    6    7    2    3    8    5    
13         0.0012465241154473103  271.8888888888885      9          3    5    1    7    8    5    4    9    6    3    5    2    7    8    5    4    9    6    
1          9.588647041902388E-5   270.2418300653592      9          4    1    6    8    9    5    4    9    7    4    2    6    8    9    5    3    9    7    
2          1.9177294083804776E-4  261.745098039215       9          2    4    5    7    8    4    3    9    6    2    1    5    7    8    4    3    9    6    
3          2.8765941125707164E-4  256.51633986928067     10         1    5    7    8    9    6    2    10   7    3    5    7    8    9    6    4    10   7    
2          1.9177294083804776E-4  250.8758169934637      7          2    3    4    5    6    3    1    7    4    2    3    4    5    6    3    2    7    4    
5          4.794323520951194E-4   250.647058823529       7          3    4    5    6    7    4    3    7    1    3    4    5    6    7    4    3    7    2    
11         0.0010547511746092626  250.1960784313722      8          3    4    1    6    7    4    3    8    5    3    4    2    6    7    4    3    8    5    
1          9.588647041902388E-5   245.58823529411708     12         7    1    8    10   11   2    3    12   9    7    4    8    10   11   5    6    12   9    
6          5.753188225141433E-4   240.0784313725486      9          3    5    6    8    9    5    4    1    7    3    5    6    8    9    5    4    2    7    
1          9.588647041902388E-5   235.4052287581698      9          5    6    1    2    9    7    5    9    8    5    6    3    4    9    7    5    9    8    
13         0.0012465241154473103  227.130718954248       8          3    1    5    6    7    4    3    8    5    3    2    5    6    7    4    3    8    5    
1          9.588647041902388E-5   226.80392156862726     10         4    1    6    8    9    5    2    10   7    4    3    6    8    9    5    4    10   7    
2          1.9177294083804776E-4  225.68627450980378     10         4    1    6    8    9    5    2    10   7    4    5    6    8    9    5    3    10   7    
3          2.8765941125707164E-4  218.20261437908476     10         5    1    6    8    9    2    5    10   7    5    3    6    8    9    4    5    10   7    
7          6.712052929331671E-4   216.2222222222218      8          2    3    5    7    8    4    1    8    6    2    3    5    7    8    4    2    8    6    
2          1.9177294083804776E-4  215.94117647058792     9          1    4    5    7    8    4    3    9    6    2    4    5    7    8    4    3    9    6    
4          3.835458816760955E-4   212.23529411764687     9          3    5    7    8    1    6    4    9    7    3    5    7    8    2    6    4    9    7    
1          9.588647041902388E-5   207.68627450980358     11         5    1    2    9    10   7    6    11   8    5    3    4    9    10   7    6    11   8    
1          9.588647041902388E-5   205.03267973856194     12         7    8    9    10   11   1    2    12   3    7    8    9    10   11   4    5    12   6    
1          9.588647041902388E-5   199.08496732026114     12         7    8    1    11   2    9    3    12   10   7    8    4    11   5    9    6    12   10   
2          1.9177294083804776E-4  198.58169934640495     10         5    6    8    9    1    7    5    10   2    5    6    8    9    3    7    5    10   4    
2          1.9177294083804776E-4  197.64705882352905     9          2    4    6    8    1    5    3    9    7    2    4    6    8    9    5    3    9    7    
1          9.588647041902388E-5   194.3594771241826      8          2    3    5    6    7    4    2    8    5    1    3    5    6    7    4    2    8    5    
1          9.588647041902388E-5   191.7189542483659      9          3    4    1    7    8    5    3    9    6    3    4    6    7    8    5    2    9    6    
2          1.9177294083804776E-4  187.89542483660102     10         5    6    7    9    1    6    2    10   8    5    6    7    9    3    6    4    10   8    
2          1.9177294083804776E-4  186.26797385620893     10         5    6    7    9    10   6    1    2    8    5    6    7    9    10   6    3    4    8    
10         9.588647041902388E-4   183.34640522875793     9          3    5    6    7    8    5    4    9    1    3    5    6    7    8    5    4    9    2    
2          1.9177294083804776E-4  182.23529411764687     8          3    5    1    7    8    5    4    8    6    3    5    2    7    8    5    4    8    6    
1          9.588647041902388E-5   182.12418300653573     11         1    7    2    9    10   7    3    11   8    4    7    5    9    10   7    6    11   8    
1          9.588647041902388E-5   179.73202614379056     11         1    6    8    10   2    7    5    11   9    3    6    8    10   4    7    5    11   9    
1          9.588647041902388E-5   178.36601307189517     8          5    6    7    8    1    6    5    2    7    5    6    7    8    3    6    5    4    7    
8          7.67091763352191E-4    178.0392156862744      10         4    5    7    9    10   6    4    1    8    4    5    7    9    10   6    2    3    8    
1          9.588647041902388E-5   178.03267973856188     7          2    3    5    6    7    4    1    7    5    2    3    5    6    7    4    2    7    5    
2          1.9177294083804776E-4  176.33986928104545     9          4    5    7    8    9    6    4    1    7    4    5    7    8    9    6    2    3    7    
1          9.588647041902388E-5   171.33333333333312     9          5    6    7    8    9    6    1    2    7    5    6    7    8    9    6    3    4    7    
1          9.588647041902388E-5   170.44444444444423     10         4    5    7    9    1    6    2    10   8    4    5    7    9    3    6    4    10   8    
1          9.588647041902388E-5   165.5947712418298      11         6    7    8    10   11   1    2    3    9    6    7    8    10   11   4    6    5    9    
3          2.8765941125707164E-4  163.67973856209127     9          3    5    6    8    9    1    4    9    7    3    5    6    8    9    2    4    9    7    
1          9.588647041902388E-5   160.8235294117645      11         6    1    7    9    10   2    6    11   8    6    3    7    9    10   4    5    11   8    
3          2.8765941125707164E-4  160.67973856209122     10         4    1    7    9    10   6    5    2    8    4    6    7    9    10   6    5    3    8    
9          8.629782337712149E-4   159.35947712418275     8          2    3    5    6    7    4    1    8    5    2    3    5    6    7    4    2    8    5    
4          3.835458816760955E-4   158.52287581699338     6          1    3    4    5    6    3    2    6    4    1    3    4    5    6    3    2    6    4    
1          9.588647041902388E-5   156.59477124182993     10         5    6    1    9    10   7    2    10   8    5    6    3    9    10   7    4    10   8    
4          3.835458816760955E-4   147.5686274509803      8          2    3    4    6    7    1    2    8    5    2    3    4    6    7    3    2    8    5    
1          9.588647041902388E-5   146.11764705882342     8          2    1    5    6    7    4    3    8    5    2    4    5    6    7    4    3    8    5    
1          9.588647041902388E-5   140.3464052287581      8          2    1    5    7    8    4    3    8    6    2    4    5    7    8    4    3    8    6    
1          9.588647041902388E-5   138.50326797385605     11         5    7    9    10   1    8    6    11   2    5    7    9    10   3    8    6    11   4    
1          9.588647041902388E-5   136.54901960784295     8          4    5    6    7    8    1    4    8    6    4    5    6    7    8    2    3    8    6    
4          3.835458816760955E-4   132.81699346405213     10         5    1    7    9    10   6    5    2    8    5    3    7    9    10   6    5    4    8    
6          5.753188225141433E-4   130.75163398692806     8          3    4    5    7    8    4    1    8    6    3    4    5    7    8    4    2    8    6    
3          2.8765941125707164E-4  129.41176470588215     9          4    5    7    8    9    6    4    9    1    4    5    7    8    9    6    2    9    3    
1          9.588647041902388E-5   128.32679738562067     11         5    7    8    10   11   1    6    2    9    5    7    8    10   11   3    6    4    9    
1          9.588647041902388E-5   126.42483660130698     9          4    5    6    8    9    1    4    9    7    4    5    6    8    9    2    3    9    7    
1          9.588647041902388E-5   124.92156862745084     8          3    5    6    7    1    5    4    8    6    3    5    6    7    2    5    4    8    6    
1          9.588647041902388E-5   122.34640522875794     10         5    7    9    10   1    8    6    2    9    5    7    9    10   3    8    6    4    9    
5          4.794323520951194E-4   120.25490196078421     8          3    4    5    7    8    4    3    1    6    3    4    5    7    8    4    3    2    6    
1          9.588647041902388E-5   119.81045751633965     9          4    1    6    7    8    5    2    9    6    4    5    6    7    8    5    3    9    6    
1          9.588647041902388E-5   118.54248366013059     10         3    5    7    8    9    6    4    10   1    3    5    2    8    9    6    4    10   7    
1          9.588647041902388E-5   117.32026143790839     7          3    4    5    6    1    4    3    7    5    3    4    5    6    2    4    3    7    5    
4          3.835458816760955E-4   116.25490196078427     8          2    3    5    6    7    4    2    8    5    2    3    1    6    7    4    2    8    5    
1          9.588647041902388E-5   115.16993464052283     8          2    4    6    7    8    5    3    8    6    2    4    1    7    8    5    3    8    6    
1          9.588647041902388E-5   113.5294117647057      10         4    5    1    8    9    6    2    10   7    4    5    7    8    9    6    3    10   7    
1          9.588647041902388E-5   112.88888888888876     9          1    5    6    7    8    5    2    9    6    3    5    6    7    8    5    4    9    6    
1          9.588647041902388E-5   112.42483660130705     12         9    1    11   12   2    10   3    4    11   9    5    11   12   6    10   7    8    11   
1          9.588647041902388E-5   108.98039215686264     10         5    6    8    9    10   7    1    10   2    5    6    8    9    10   7    3    10   4    
1          9.588647041902388E-5   107.11764705882337     11         6    1    8    9    10   7    6    11   2    6    3    8    9    10   7    4    11   5    
1          9.588647041902388E-5   106.81045751633978     8          2    4    5    6    7    4    3    8    5    2    4    1    6    7    4    3    8    5    
2          1.9177294083804776E-4  105.64052287581688     12         7    8    10   11   12   9    1    2    3    7    8    10   11   12   9    4    5    6    
1          9.588647041902388E-5   103.94771241830051     10         4    5    1    8    9    6    4    10   2    4    5    7    8    9    6    3    10   7    
1          9.588647041902388E-5   100.61437908496718     9          3    1    6    8    9    5    4    9    7    3    2    6    8    9    5    4    9    7    
1          9.588647041902388E-5   98.77124183006526      8          2    3    5    7    8    4    2    8    6    2    3    5    7    1    4    2    8    6    
2          1.9177294083804776E-4  97.8169934640522       11         6    7    9    11   1    8    6    2    10   6    7    9    11   3    8    4    5    10   
1          9.588647041902388E-5   97.79738562091494      8          2    3    5    7    1    4    2    8    6    2    3    5    7    8    4    2    8    6    
4          3.835458816760955E-4   94.95424836601305      7          3    4    5    6    7    1    3    7    5    3    4    5    6    7    2    3    7    5    
1          9.588647041902388E-5   92.86928104575159      8          3    4    6    1    7    5    3    8    6    3    4    6    2    7    5    3    8    6    
1          9.588647041902388E-5   92.82352941176462      9          1    4    6    8    9    5    3    9    7    2    4    6    8    9    5    3    9    7    
2          1.9177294083804776E-4  91.98692810457506      10         5    6    1    9    10   7    5    2    8    5    6    3    9    10   7    5    4    8    
1          9.588647041902388E-5   91.33333333333326      7          2    3    1    5    6    3    2    7    4    2    3    4    5    6    3    2    7    4    
1          9.588647041902388E-5   89.72549019607834      10         5    1    7    9    2    6    5    10   8    5    3    7    9    4    6    5    10   8    
1          9.588647041902388E-5   89.01960784313714      10         4    5    6    8    9    1    2    10   7    4    5    6    8    9    3    4    10   7    
1          9.588647041902388E-5   88.79738562091494      11         6    1    7    9    10   2    3    11   8    6    4    7    9    10   5    6    11   8    
1          9.588647041902388E-5   86.5816993464052       11         7    1    2    3    10   8    7    11   9    7    4    5    6    10   8    7    11   9    
1          9.588647041902388E-5   86.4117647058823       11         6    7    8    10   11   1    6    2    9    6    7    8    10   11   3    4    5    9    
1          9.588647041902388E-5   85.47712418300645      11         5    7    9    11   1    8    6    2    10   5    7    9    11   3    8    6    4    10   
2          1.9177294083804776E-4  85.38562091503263      10         5    6    8    9    10   7    5    1    2    5    6    8    9    10   7    5    3    4    
1          9.588647041902388E-5   81.54248366013066      9          3    5    7    1    9    6    4    9    8    3    5    7    2    9    6    4    9    8    
1          9.588647041902388E-5   81.39215686274503      10         5    6    7    9    10   1    5    2    8    5    6    7    9    10   3    5    4    8    
1          9.588647041902388E-5   81.18300653594764      13         9    1    11   13   2    10   3    4    12   9    5    11   13   6    10   7    8    12   
1          9.588647041902388E-5   80.35294117647052      11         6    7    1    9    10   8    2    11   3    6    7    4    9    10   8    6    11   5    
1          9.588647041902388E-5   79.3790849673202       10         4    5    1    8    9    6    2    10   7    4    5    3    8    9    6    4    10   7    
1          9.588647041902388E-5   78.98039215686269      7          3    4    5    6    7    4    3    1    5    3    4    5    6    7    4    3    2    5    
1          9.588647041902388E-5   77.11764705882347      9          4    5    6    8    9    5    4    1    7    4    5    6    8    9    5    2    3    7    
1          9.588647041902388E-5   75.44444444444437      11         7    8    9    10   1    2    7    11   3    7    8    9    10   4    5    7    11   6    
3          2.8765941125707164E-4  74.13725490196073      8          3    4    6    7    8    5    3    1    6    3    4    6    7    8    5    3    2    6    
1          9.588647041902388E-5   71.03921568627446      11         6    7    1    10   11   8    6    2    9    6    7    3    10   11   8    4    5    9    
1          9.588647041902388E-5   70.56862745098033      8          2    4    1    6    7    4    3    8    5    2    4    5    6    7    4    3    8    5    
3          2.8765941125707164E-4  70.13071895424831      9          3    5    6    7    8    1    4    9    6    3    5    6    7    8    2    4    9    6    
2          1.9177294083804776E-4  68.91503267973852      9          3    5    6    7    8    1    4    9    2    3    5    6    7    8    5    4    9    6    
1          9.588647041902388E-5   66.74509803921563      8          3    5    6    7    8    5    4    1    6    3    5    6    7    8    5    4    2    6    
1          9.588647041902388E-5   65.58169934640517      10         4    6    7    8    9    1    5    10   2    4    6    7    8    9    6    5    10   3    
1          9.588647041902388E-5   65.30065359477119      10         5    6    7    8    9    1    2    10   3    5    6    7    8    9    6    4    10   7    
3          2.8765941125707164E-4  61.22222222222217      8          2    4    5    6    7    1    3    8    5    2    4    5    6    7    4    3    8    5    
7          6.712052929331671E-4   60.89542483660126      9          2    4    5    7    8    1    3    9    6    2    4    5    7    8    4    3    9    6    
1          9.588647041902388E-5   60.202614379084935     6          2    3    4    5    6    3    1    6    4    2    3    4    5    6    3    2    6    4    
1          9.588647041902388E-5   56.92156862745094      7          2    4    5    6    7    1    3    7    5    2    4    5    6    7    4    3    7    5    
1          9.588647041902388E-5   53.202614379084935     8          2    4    5    7    8    1    3    8    6    2    4    5    7    8    4    3    8    6    
1          9.588647041902388E-5   52.28758169934638      9          4    6    7    8    9    1    5    9    2    4    6    7    8    9    6    5    9    3    
4          3.835458816760955E-4   50.88235294117644      9          4    5    6    7    8    5    4    9    1    4    5    6    7    8    5    2    9    3    
1          9.588647041902388E-5   48.287581699346376     10         4    1    7    8    9    6    5    10   7    4    2    3    8    9    6    5    10   7    
1          9.588647041902388E-5   44.95424836601306      9          4    5    7    8    9    6    1    9    2    4    5    7    8    9    6    4    9    3    
1          9.588647041902388E-5   44.692810457516316     12         7    8    1    10   11   9    2    12   3    7    8    4    10   11   9    5    12   6    
2          1.9177294083804776E-4  43.875816993464035     7          3    1    5    6    7    4    3    7    5    3    2    5    6    7    4    3    7    5    
1          9.588647041902388E-5   42.4313725490196       9          4    1    6    7    8    5    4    9    6    4    2    6    7    8    5    3    9    6    
1          9.588647041902388E-5   41.92810457516339      8          3    5    6    7    8    5    4    8    1    3    5    6    7    8    5    4    8    2    
1          9.588647041902388E-5   39.398692810457504     9          5    1    7    8    9    6    2    9    7    5    3    7    8    9    6    4    9    7    
2          1.9177294083804776E-4  39.143790849673195     11         6    7    9    10   11   8    6    1    2    6    7    9    10   11   8    3    4    5    
2          1.9177294083804776E-4  37.967320261437905     12         7    8    1    11   12   9    2    3    10   7    8    4    11   12   9    5    6    10   
2          1.9177294083804776E-4  37.1111111111111       10         5    6    1    9    2    7    5    10   8    5    6    3    9    4    7    5    10   8    
2          1.9177294083804776E-4  36.045751633986924     11         5    7    1    10   2    8    6    11   9    5    7    3    10   4    8    6    11   9    
1          9.588647041902388E-5   32.79084967320262      9          4    5    6    7    8    1    4    9    6    4    5    6    7    8    2    3    9    6    
1          9.588647041902388E-5   32.66013071895425      9          5    6    1    8    9    6    2    9    7    5    6    3    8    9    6    4    9    7    
1          9.588647041902388E-5   31.83006535947713      9          4    5    7    8    1    6    4    9    7    4    5    7    8    2    6    3    9    7    
1          9.588647041902388E-5   30.43790849673203      11         6    7    9    10   1    8    6    11   2    6    7    9    10   3    8    4    11   5    
1          9.588647041902388E-5   29.431372549019613     11         5    7    1    10   11   8    6    2    9    5    7    3    10   11   8    6    4    9    
1          9.588647041902388E-5   27.065359477124186     11         7    9    1    10   11   9    8    2    3    7    9    4    10   11   9    8    5    6    
1          9.588647041902388E-5   26.97385620915033      7          2    1    5    6    7    4    3    7    5    2    4    5    6    7    4    3    7    5    
2          1.9177294083804776E-4  26.490196078431374     8          2    3    5    6    7    4    2    8    5    2    3    5    6    7    4    2    8    1    
1          9.588647041902388E-5   24.986928104575167     7          3    4    5    6    7    4    1    7    5    3    4    5    6    7    4    2    7    5    
1          9.588647041902388E-5   23.61437908496732      10         5    6    8    9    10   7    1    2    8    5    6    8    9    10   7    3    4    8    
1          9.588647041902388E-5   22.35947712418301      12         9    10   11   12   1    10   2    3    4    9    10   11   12   5    10   6    7    8    
1          9.588647041902388E-5   20.575163398692812     9          4    5    6    8    1    5    4    9    7    4    5    6    8    2    5    3    9    7    
1          9.588647041902388E-5   19.607843137254907     7          2    3    4    5    6    3    2    7    4    2    3    4    5    6    3    2    7    1    
2          1.9177294083804776E-4  19.555555555555557     7          2    4    5    6    7    4    3    7    5    2    1    5    6    7    4    3    7    5    
1          9.588647041902388E-5   18.980392156862745     11         6    7    1    10   11   8    2    3    9    6    7    4    10   11   8    6    5    9    
1          9.588647041902388E-5   18.81045751633987      9          5    1    7    8    9    6    5    2    7    5    3    7    8    9    6    5    4    7    
1          9.588647041902388E-5   17.03921568627451      10         6    1    8    9    10   7    6    2    3    6    7    8    9    10   7    6    4    5    
1          9.588647041902388E-5   16.947712418300654     10         5    1    7    8    9    6    2    10   7    5    3    7    8    9    6    4    10   7    
1          9.588647041902388E-5   16.176470588235297     10         4    5    7    9    10   6    1    2    8    4    5    7    9    10   6    4    3    8    
1          9.588647041902388E-5   15.294117647058826     10         3    5    7    1    9    6    4    10   8    3    5    7    2    9    6    4    10   8    
1          9.588647041902388E-5   13.34640522875817      10         1    4    6    8    9    5    3    10   7    3    4    6    8    9    5    2    10   7    
3          2.8765941125707164E-4  12.398692810457518     7          2    1    4    6    7    3    2    7    5    2    3    4    6    7    3    2    7    5    
1          9.588647041902388E-5   11.3202614379085       9          1    4    6    7    8    5    3    9    6    2    4    6    7    8    5    3    9    6    
2          1.9177294083804776E-4  9.66013071895425       11         5    1    8    10   2    7    6    11   9    5    3    8    10   4    7    6    11   9    
1          9.588647041902388E-5   7.568627450980394      10         1    6    2    9    10   7    5    10   8    5    6    3    9    10   7    4    10   8    
1          9.588647041902388E-5   6.620915032679739      9          5    6    1    8    9    7    5    9    2    5    6    3    8    9    7    5    9    4    
1          9.588647041902388E-5   5.803921568627452      11         5    1    8    10   11   7    6    2    9    5    3    8    10   11   7    6    4    9    
1          9.588647041902388E-5   4.843137254901961      11         5    1    7    9    10   2    6    11   8    5    3    7    9    10   4    6    11   8    
1          9.588647041902388E-5   3.8562091503267975     11         7    1    9    10   2    8    7    11   3    7    4    9    10   5    8    7    11   6    
1          9.588647041902388E-5   2.869281045751634      10         6    1    7    9    10   2    6    10   8    6    3    7    9    10   4    5    10   8    
1          9.588647041902388E-5   1.934640522875817      9          4    5    6    7    8    5    4    9    1    4    5    6    7    8    2    4    9    3    
1          9.588647041902388E-5   1.0                    11         1    2    7    9    10   6    5    11   8    3    4    7    9    10   6    5    11   8    

