count      fraction               similarity             nclusters  e1--0 d1--0 z1--0 y1--0 x1--0 d2--0 e2--0 x2--0 z2--0 e1--1 d1--1 z1--1 y1--1 x1--1 d2--1 e2--1 x2--1 z2--1 
6075       0.58251030779557       8951.816993464015      5          1    2    3    4    5    2    1    5    3    1    2    3    4    5    2    1    5    3    
2963       0.28411161185156775    3027.9738562091525     4          1    2    3    3    4    2    1    4    3    1    2    3    3    4    2    1    4    3    
751        0.07201073928468693    1287.4052287581571     3          1    1    2    2    3    1    1    3    2    1    1    2    2    3    1    1    3    2    
566        0.054271742257167514   566.0                  4          1    1    2    3    4    1    1    4    2    1    1    2    3    4    1    1    4    2    
36         0.0034519129350848595  68.18954248366012      6          1    2    3    4    5    2    1    6    3    1    2    3    4    5    2    1    6    3    
14         0.0013424105858663342  28.26143790849673      6          1    2    3    5    6    2    1    6    4    1    2    3    5    6    2    1    6    4    
2          1.9177294083804776E-4  18.97385620915033      5          2    3    4    4    5    3    2    5    4    2    3    4    4    5    3    1    5    4    
5          4.794323520951194E-4   14.08496732026144      5          1    2    3    3    4    2    1    5    3    1    2    3    3    4    2    1    5    3    
2          1.9177294083804776E-4  13.588235294117649     6          1    3    4    5    6    3    2    6    4    1    3    4    5    6    3    2    6    4    
7          6.712052929331671E-4   11.745098039215687     6          2    3    4    5    6    3    2    6    4    2    3    4    5    6    3    1    6    4    
1          9.588647041902388E-5   3.816993464052288      7          2    3    4    6    7    3    2    7    5    2    3    4    6    7    3    1    7    5    
1          9.588647041902388E-5   3.803921568627451      6          1    2    4    5    6    3    1    6    4    1    2    4    5    6    3    1    6    4    
1          9.588647041902388E-5   2.8562091503267975     6          2    3    4    5    6    3    2    6    4    2    3    1    5    6    3    2    6    4    
2          1.9177294083804776E-4  2.0                    3          1    2    3    3    3    2    1    3    3    1    2    3    3    3    2    1    3    3    
1          9.588647041902388E-5   1.0                    7          1    2    3    5    6    2    1    7    4    1    2    3    5    6    2    1    7    4    
1          9.588647041902388E-5   1.0                    2          1    1    2    2    2    1    1    2    2    1    1    2    2    2    1    1    2    2    
1          9.588647041902388E-5   1.0                    5          1    3    4    4    5    3    2    5    4    1    3    4    4    5    3    2    5    4    

