count      fraction               similarity             nclusters  e1--0 d1--0 z1--0 y1--0 x1--0 d2--0 e2--0 x2--0 z2--0 e1--1 d1--1 z1--1 y1--1 x1--1 d2--1 e2--1 x2--1 z2--1 
5883       0.9103992571959145     6326.163398692824      5          1    2    3    4    5    2    1    5    3    1    2    3    4    5    2    1    5    3    
48         0.007428040854224698   440.91503267973525     6          3    4    5    1    6    4    3    6    5    3    4    5    2    6    4    3    6    5    
55         0.008511296812132467   391.01960784313485     6          2    3    4    5    6    3    2    6    1    2    3    4    5    6    3    2    6    4    
13         0.0020117610646858556  335.2745098039205      6          2    3    4    5    6    3    2    6    4    2    3    4    5    6    1    2    6    4    
11         0.0017022593624264934  322.92810457516265     6          2    3    4    5    6    3    2    6    4    1    3    4    5    6    3    2    6    4    
213        0.032961931290622096   316.2026143790851      6          2    3    4    5    6    3    2    6    4    2    3    4    5    6    3    2    1    4    
5          7.737542556484061E-4   316.1960784313726      6          1    2    3    4    5    2    1    5    3    1    2    3    4    6    2    1    6    3    
121        0.018724852986691427   127.78431372549022     4          1    1    2    3    4    1    1    4    2    1    1    2    3    4    1    1    4    2    
42         0.0064995357474466105  104.5882352941176      6          2    3    1    5    6    3    2    6    4    2    3    4    5    6    3    2    6    4    
17         0.0026307644692045804  62.69934640522871      6          1    2    3    5    6    2    1    6    4    1    2    4    5    6    2    1    6    3    
4          6.190034045187249E-4   45.99999999999999      7          3    4    5    6    7    4    3    7    1    3    4    5    6    7    4    3    2    5    
2          3.0950170225936243E-4  41.50326797385619      6          2    3    4    5    6    3    2    6    4    2    3    4    5    1    3    2    6    4    
1          1.5475085112968121E-4  40.49019607843137      8          5    6    1    7    8    6    5    8    2    5    6    3    7    8    6    5    8    4    
2          3.0950170225936243E-4  39.18300653594771      7          3    4    1    6    7    4    3    7    5    3    4    5    6    7    4    3    2    5    
1          1.5475085112968121E-4  36.980392156862735     7          2    3    4    6    7    3    2    7    5    2    3    5    6    7    3    2    1    4    
5          7.737542556484061E-4   36.712418300653596     7          4    5    6    1    7    5    4    7    6    4    5    6    2    7    5    4    3    6    
7          0.0010832559579077685  31.797385620915037     6          2    3    4    5    6    3    1    6    4    2    3    4    5    6    3    2    6    4    
8          0.0012380068090374497  25.24183006535948      6          1    2    3    4    5    2    1    6    3    1    2    3    4    6    2    1    5    3    
1          1.5475085112968121E-4  17.124183006535947     8          5    6    7    1    2    6    5    8    7    5    6    7    3    8    6    5    4    7    
1          1.5475085112968121E-4  16.18954248366013      6          1    3    4    5    6    3    1    6    4    2    3    4    5    6    3    2    6    4    
1          1.5475085112968121E-4  15.098039215686276     7          3    4    1    6    7    4    3    7    2    3    4    5    6    7    4    3    7    5    
2          3.0950170225936243E-4  14.326797385620917     7          3    4    5    6    7    4    3    7    5    1    4    5    6    7    4    3    2    5    
4          6.190034045187249E-4   12.516339869281047     6          2    3    4    5    6    3    2    6    4    2    1    4    5    6    3    2    6    4    
2          3.0950170225936243E-4  8.673202614379086      6          2    3    4    5    1    3    2    6    4    2    3    4    5    6    3    2    6    4    
5          7.737542556484061E-4   6.862745098039216      5          2    2    3    4    5    2    2    5    3    2    2    3    4    5    2    2    1    3    
2          3.0950170225936243E-4  6.673202614379085      6          2    3    4    5    6    3    2    6    4    2    3    4    5    6    3    2    6    1    
1          1.5475085112968121E-4  3.862745098039216      6          2    3    4    5    6    3    2    6    4    3    3    4    5    6    3    2    1    4    
1          1.5475085112968121E-4  3.7450980392156863     5          1    2    3    4    5    2    1    5    3    2    2    3    4    5    2    1    5    3    
1          1.5475085112968121E-4  2.9019607843137254     7          3    4    5    6    1    4    3    7    5    3    4    5    6    7    4    3    2    5    
1          1.5475085112968121E-4  1.915032679738562      4          1    2    3    3    4    2    1    4    3    1    2    3    3    4    2    1    4    3    
1          1.5475085112968121E-4  1.0                    5          2    2    1    4    5    2    2    5    3    2    2    3    4    5    2    2    5    3    
1          1.5475085112968121E-4  1.0                    7          3    4    5    6    7    4    3    7    5    3    4    5    6    1    4    3    2    5    

