0.00033694302136189227
0.00032563541733804266
0.00036890964984570156
0.00030565795501216617
0.0003810897079051908
0.0002803268535283335
0.0003096495965107903
0.0002979742814408925
0.00028990184231089927
0.00029307165459428974
0.0003956357959156482
0.0003297273608903085
0.0002802601990588299
0.0003182787452644558
0.00040794268662124126
0.0002923107660370516
0.00044463035826069965
0.000404753011757282
0.00037153930782739557
0.0003262020141340818
0.000443660427780023
0.0002940642112393983
0.0004287901211545754
0.00035188586871121594
0.0002865579990708546
0.00024266630689005582
0.0002992520609510493
0.00036835309827748487
0.0003550233373510265
0.0003522691833198088
0.00037265011527816985
0.0003904360105442271
0.0003463915752368409
0.0003767734826417789
0.000341433318504949
0.00033879437843734825
0.00032371090874493906
0.0003423589120302193
0.00037977380209612517
0.0003400914520491671
0.000352724712376371
0.00035213433917333383
0.0003288755168102989
0.000320664082444406
0.00036091748423410614
0.00042375406030782924
0.00041948482463749904
0.00038688587817322875
0.000322975670897905
0.0003449375905622683
0.0003085389933517482
0.0002671615523353558
0.0003687203830545977
0.0002741724060724509
0.00032498385795270653
0.00028610840330605054
0.00041982835186815963
0.000379715999014625
0.00038340026525389957
0.00032609775695808824
0.00035528609628217745
0.00030211952086181635
0.0002954716608551284
0.00030449013865126374
0.00037231070197003407
0.00036656211914397395
0.0003351842117187342
0.0004346884003374287
0.00034073783381087503
0.0003329837189985714
0.00036669976428448315
0.0003330737205573363
0.00034966623147041407
0.00034129809339882505
0.00027170898070580737
0.0003958191697825838
0.00034296796354109827
0.0003015352068275152
0.0003770636739123946
0.00031287002385997626
0.00033202225220728453
0.00035347237264604214
0.00032025641376322663
0.000357209661917097
0.0003958886954215414
0.00044856417268331034
0.00034467789756440626
0.00036811812254163836
0.0003730036737232676
0.00032420718798255175
0.00034435282638488183
0.00031980787759794166
0.0003510221840945133
0.00037055606358561704
0.00034976305922741817
0.00036294442251606914
0.0003198177815852698
0.0002932977326679778
0.00024832572828047854
0.00029624269427090406
0.0003286381053324947
0.00028874126857489417
0.00035149680757511645
0.0003289793648093721
0.0003857818976583803
0.0002886526503462159
0.0003528079820072122
0.00037567866410571904
0.0004116338114248951
0.00034536717256762335
0.00037466206714859143
0.0003406235692605111
0.0004214445204218614
0.0004996427215541373
0.00034485446275696373
0.0004090403919741853
0.0003325297573795061
0.00040635782948333205
0.00031997749850828125
0.00035651679514220184
0.0003481386537664966
0.00036757479672775535
0.0003636272959191087
0.0002703188487492519
0.00034931075938661834
0.00030409163042903465
0.00045473396262669426
0.000424824713605418
0.0004426400034502885
0.00039563467771213523
0.00038625976188396246
0.00031169793460020316
0.0002993085169547314
0.0003558683607538622
0.0002956411540809359
0.0003255685599019505
0.0003671585094893898
0.0003363111400752881
0.0003272952232006816
0.00031233378264489185
0.0002745120811949437
0.0003217952157265127
0.00034912299349082606
0.0003283017022742569
0.0003337371601103556
0.00035763453027836225
0.00030189505140830496
0.00037765617378559163
0.0004678950983265084
0.0003544413902079752
0.00032288585123349403
0.00036691992000870903
0.00029981589613107894
0.0004014865478653593
0.0003614284793428673
0.0003040782872489281
0.0003342226283793661
0.00030756792814684683
0.00039237203895302385
0.00039984307046529304
0.00037400124818687426
0.0003330102158188571
0.00033870511375326713
0.0004144858647341145
0.00035411827373479866
0.0002946822950978454
0.00028989408990858005
0.00034411022080410884
0.0002907197513403918
0.00031068716677540244
0.00033291075261371176
0.00032617233947366945
0.0003285934972492521
0.0003469390393781085
0.00026416049814741025
0.00031995978949185896
0.00031179896714611933
0.00033903373952600096
0.00025992061413161575
0.00034970920736021696
0.000316405134176769
0.0003622915692041269
0.0002255541754919786
0.0003107984266199831
0.000294577805662986
0.0002508575810434074
0.000299314418218446
0.0003475380482886711
0.00030299638629445816
0.0003824163791092101
0.0002857676901985556
0.00029169155822005786
0.0003234468985295011
0.0004017139005732509
0.00034999327450359774
0.00028734044723612625
0.0003500991625278292
0.0003611870096222906
0.00035066948554096373
0.0003503294051347105
0.00036395901663289554
0.0003140837560249908
0.0003451894326082853
0.00029758630084364884
0.00029312321900506653
0.00036355555959318705
0.00028321247783603785
0.00027531615939350507
0.000243485749592384
0.00030316220815537824
0.0002629374707617678
0.0003098322277055051
0.00026837814670755143
0.0002611861979968134
0.0003013498214068648
0.00031432572666321496
0.00030847125140047953
0.0003003380802641604
0.0003067162662762446
0.00031425449660853297
0.0003394416014142799
0.0003108308133902656
0.00033423683948858153
0.00033051427690759463
0.0003477553134134323
0.00031094674511523095
0.00033580735758229036
0.0003885361150077278
0.0002654724839020843
0.0002839667792519451
0.0002777105483320563
0.0003419371060692488
0.0002925661742887978
0.0002775442291764984
0.0003149533201551618
0.0004178998447707649
0.00029112018911700127
0.00035847523605381655
0.00029919976856974847
0.0003590345514824707
0.00032732335606301086
0.00040312130117994664
0.0003230925357072929
0.00030888294663155257
0.00028378227621976115
0.0003456202953636714
0.00029231779392903216
0.00026129699523623137
0.00033396056042412617
0.0003528331388733494
0.00038413329328254006
0.00029091482221282606
0.0002964663600083236
0.0003399852887735204
0.00029364594210206816
0.00033317649576912554
0.00031037450805648
0.000350787313216841
0.00030744642258258113
0.0002804626269300173
0.00033313036375277926
0.0002966881509805709
0.00036565169478229207
0.00034773412280525196
0.0003050986231223735
0.00033157250480132387
0.000314031278390653
0.000317021958409106
0.0003109128745181284
0.00035328314228903887
0.0003882047818738382
0.00036420500235100414
0.0002912156528148427
0.00030837676403363396
0.0003197894223569524
0.00037154554296895857
0.0003652505476750124
0.0003338078191343503
0.00033178685010258195
0.0003211668787495383
0.00034334157282984594
0.00033495393025894337
0.00034368300541850745
0.0003176676898035823
0.00027833489951097464
0.0002917083052883898
0.0003239826860841444
0.0002973819527768292
0.00026978701406654866
0.00029952599656157017
0.00029369003980560135
0.0003574098236517644
0.0003398516361000324
0.00033497376292841805
0.0003267329961897888
0.00034842388657336577
0.0003993863284315579
0.00036274109388616607
0.0004255002742997497
0.00032496035701492647
0.00035360393253553064
0.00033689150697833146
0.0003462452385355365
0.0003489925593736172
0.0003351048177396278
0.00030662294717784445
0.00034418958994444085
0.0003005077922628977
0.00033642454413769827
0.00027017476235558993
0.00030356293991817823
0.00031793266657605053
0.0003564663692729012
0.00042054697180752046
0.00029430404494815377
0.0003029526614620588
0.00041328268907382687
0.00037183940746784495
0.00048174284420250826
0.00035475372196218895
0.000377046630317402
0.000368759369700962
0.00037302831260533893
0.0004091866224551144
0.00037019994363424484
0.0003903973455257041
0.00032968480565963835
0.0003405775966081606
0.0002888043232132506
0.0003263440280286757
0.0003203255606719091
0.0002520858601597927
0.00028938740108229243
0.0003435042131236378
0.0003395304963258618
0.00029818743721994904
0.00036531632434907974
0.0003144201905765534
0.0003302160560227864
0.0003138493872597398
0.00031138304723670357
0.0003534704259451197
0.0003377161440394054
0.00030928129659308235
0.0002758724401865083
0.0003568877577247555
0.00042322127313474485
0.00028569641816671366
0.00029794330127498755
0.0002788679070192081
0.0002736139161741833
0.00027660830759787167
0.0002907236337030824
0.00034170742081223614
0.0003159278384643611
0.0003877081681642075
0.0003964817844079775
0.0004074639933484202
0.00029061454227037934
0.00038475643748651494
0.0003298198233392627
0.0003017358384319686
0.0004463502335510845
0.0002968413263252747
0.00035583650396680194
0.0003335599484277694
0.0003141587944116357
0.0002842325011755232
0.0003227862383056357
0.000260904611532198
0.00040112046644084464
0.00031076647474047363
0.0003472153369123588
0.000391936355009451
0.0004080989609964096
0.00037451331391838893
0.0003935061831835682
0.00033886772995450463
0.0003239911917380094
0.0003451874024473025
0.00032251151520578075
0.0003761189503247001
0.00033502799701268286
0.00028502919497592534
0.0003298007352914678
0.00034330862066718915
0.00038087006512591367
0.00037257653742815537
0.00039173062594755764
0.00037489797367480166
0.0003866835088299839
0.00034952804128372697
0.0002639724952084595
0.00037434002939494023
0.0003338846536163789
0.00036335595286265303
0.00032077229260720483
0.0003276453319595576
0.0003040402799285291
0.0002852056252285777
0.00032074319930862734
0.00031166053323057044
0.00033213957597955725
0.0003073829026498135
0.0002569752390635418
0.0002625059134229583
0.00031771208710236796
0.00031798683946043923
0.0003344885868854637
0.0003240630748520902
0.00039312561743651996
0.0003218841651423236
0.000422409992329329
0.0003717876218072991
0.00032856352532598966
0.00031716930934294954
0.0003008020140300665
0.00033944047962264676
0.0003771596013580359
0.0003538579551901916
0.0003333685016899514
0.0003138886905562673
0.00032548769364616634
0.0003549127772564755
0.0003480417022902136
0.0003651127783117961
0.0003736640788780175
0.00034293495080908113
0.0003928132025795149
0.00036900957803841163
0.0004074410884276606
0.00043724977966997405
0.00040784694809535966
0.0003241589333879552
0.0003595931419300219
0.0004241554666018667
0.0003798369385994306
0.0004053432397023281
0.0004196105800471698
0.0004265201410074918
0.00033449009410884827
0.00032363480917936327
0.0003416369428174602
0.0003157161620583138
0.00030100773512584426
0.0002885280538381898
0.0003578120080642795
0.00036782999683538926
0.0002926123859391043
0.0003349386925047031
0.00034673357887936594
0.0002607798040931879
0.0003084779110618097
0.00033302458574277445
0.000354970493283913
0.00030893130631341135
0.0003019193916859739
0.0003342970127223723
0.00034925346839074367
0.0003718498310515478
0.00037838047097365455
0.0002926457285759783
0.00036122917360502095
0.0002928174457766893
0.00041623610216374546
0.0002846444426053693
0.00033384790150707756
0.00024190035860621316
0.0002757641858789285
0.0002612466051553489
0.0003290745526836339
0.00032767772148838397
0.0003438602121497601
0.00028321113378469476
0.0003156076119444576
0.00034007863386879497
0.0003081309514794662
0.00031301580980146827
0.0003805635177510158
0.00034242182065140375
0.00043050611884368076
0.000348945704421998
0.00039743758526052407
0.0003044831019350664
0.00031803775724584824
0.0002937910873006372
0.00036298425098537924
0.0002834234445198395
0.000325395210286394
0.00033813560196911213
0.00028161540076389677
0.00043312422944519224
0.00035400472790280687
0.00027620104772964484
0.00029194767676077673
0.0002715648499591231
0.00037363208539715386
0.00031594831291238457
0.00032697022894487835
0.0002801053881446493
0.00033087781189417714
0.00039362925012641583
0.0003251029859998918
0.00032952524800439886
0.00027185863023639545
0.00029892111728046714
0.00029457073303169857
0.00037916803151825815
0.0003844100475911978
0.0003086150124983668
0.00034510865538062683
0.0002813192055876993
0.00033033789042134825
0.00035792843775854294
0.0002824350872929879
0.00034263907892293486
0.0003457952319684104
0.0003412706027887544
0.0003037552144050734
0.00028685584697012715
0.00031071625295499066
0.0003576168274097857
0.00025120247062558447
0.00030870586620806913
0.0003367530615925161
0.0002963354676195082
0.00034349379989417694
0.00029136220232829104
0.0002664342889748017
0.0002965516930399538
0.0003306076531579833
0.0003394392075272432
0.00025678850278469635
0.00030578106276962807
0.00033015426480894
0.00034527347009311
0.00026719539521259157
0.0004029864751939322
0.00035704607807773603
0.0004352602461860036
0.00029506758468546827
0.0004100501728768219
0.0003782824949325136
0.00036593426850323256
0.0003090765100985617
0.00032017417772379803
0.0003382700123903184
0.0002927289819786899
0.0003527933814010266
0.0003585182495161385
0.0003704127861716092
0.00034229713253724196
0.00032016318293659853
0.00022302166153787407
0.0003002711357045351
0.0002928925900233109
0.0003851397363452694
0.0003140866388403232
0.0004475744958492619
0.000372526417030008
0.00031759145769209894
0.0003588203827618005
0.0003201740132814248
0.00034887480774172555
0.00033690726575987375
0.0003312156443512377
0.0003211275261619192
0.00037202287977693117
0.00035665391267554887
0.0003663135576711183
0.0004459301635464193
0.00038987922763533743
0.0004039598983675991
0.00041795457655580066
0.0003253032680956839
0.0002716837609643297
0.00032514075521901674
0.0003143359565378482
0.0003418912882064713
0.000333593734883807
0.0003039163138912531
0.0003146985023985081
0.0003164503461074001
0.0002796217625463083
0.00035328623102174694
0.00033214322715859876
0.0003651278910888784
0.0003537674528766117
0.00038529290594335595
0.0002744098713920372
0.00032349526240191056
0.0003556981143827502
0.0003348345162013916
0.00032528531453554965
0.0003910904033197519
0.0004067747123257141
0.0003628128641161774
0.00039471480269771835
0.00034759042039577163
0.0004409790191068707
0.00028152571566019715
0.000299335462858394
0.0003344107745215084
0.0003007822556841804
0.0002974531381619348
0.0003239184387846383
0.0003104862869745812
0.0003636558643097251
0.00035754931446474773
0.00033060862037785865
0.000320090683843663
0.00031290424556141124
0.000335189144550674
0.000328138729073555
0.00033105570845196356
0.0003544547977441284
0.0003124873654802616
0.0003329113408607839
0.0003775778050281612
0.0003892367503898134
0.0004219249993862134
0.0004281646348008525
0.0004529541214247463
0.0003621625289326645
0.0003431427341270436
0.00038679435223041534
0.0003264835981862986
0.0002901372741578153
0.0002535566175135942
0.00031046342943482177
0.0002777688971474826
0.00022455991488555204
0.00025930286367077497
0.0003233762288077164
0.0003059425834080283
0.00033161921372583717
0.00031027814977867014
0.00033425889281003677
0.0003210976800129273
0.00029752061648252075
0.00027814214756559044
0.0003388592694183925
0.00032201132936421546
0.0003601630397522485
0.0002594268125440087
0.000379666744580726
0.00029247954457174756
0.00037648119389867225
0.0002939960098228831
0.0003181824717241358
0.0003908205416319879
0.0003499965716380678
0.00036165272344564417
0.0003537352815451274
0.0003330263432745591
0.00039363539520728983
0.0003927335126123816
0.00035219440988260443
0.0002859757689403522
0.000367751143919673
0.00037306065659382676
0.0003892563725062054
0.0003306533260493376
0.0002281237072322033
0.00025959627636867123
0.0003096230312722211
0.0002968666876429688
0.00038340526700110083
0.00037644694716161775
0.00027521076441149836
0.00031286079137844073
0.0003298220187355708
0.00034270578778816744
0.00035256463813228387
0.0003870659334441288
0.0003208100715059747
0.00035846430439464286
0.0003888578862062983
0.0003735434691496869
0.00038186264979922697
0.0003513879818562641
0.00031076415591045587
0.00038355957656285996
0.0003925181025345812
0.0003581963426401086
0.00035893265765451126
0.00037274183967898314
0.0003181189063814293
0.0003689125832352807
0.0003766744327782004
0.0003506691115878059
0.0003254576183278786
0.00033579739511384657
0.0003647742344034142
0.0003917371593763455
0.000283988969214501
0.00035518635446325243
0.0002899760109148098
0.00028928463095368953
0.00027161428654681106
0.0003214363153974784
0.0002814048178895272
0.00035159350293908413
0.0002934228428954258
0.0002680190568421697
0.00029435929120055
0.0002894121510372976
0.0003199507941713879
0.0002590085372627962
0.0002808878932730473
0.00031479446476787926
0.00032799747944581346
0.0003301836200406584
0.0003713689062595641
0.00037651872984967576
0.00041997544814303766
0.0003602499604492078
0.00032388096790389215
0.0003364063922634657
0.00035898267125683336
0.0003026702275537796
0.0003717687946827047
0.00031317048119152736
0.0002855895488211089
0.0003068746635668421
0.00032037500131336215
0.00036433379168505426
0.0003934357899641011
0.000355064647862701
0.00033075652807585434
0.00034313124985965753
0.0003201558197889806
0.0003049313343012671
0.00040506711273298647
0.0003375313884675487
0.00033857739827939775
0.00034656351614166146
0.0003577266346071495
0.00029478949529336643
0.00034377175258452913
0.00035969606874936775
0.00030223950755373774
0.0002766144685793883
0.00026058725375001005
0.00028673051519703576
0.00025729626137188666
0.00030349525201986004
0.00039224163545962745
0.0003271742602128089
0.00033006932102532286
0.000363833107442287
0.0003432659176145699
0.0003005906093155146
0.0003589532123737563
0.0002979483807894362
0.000332280867660603
0.0002676903185518357
0.00032187133993557686
0.0002674943570089294
0.0002558200825930966
0.0002974239906254874
0.00041067327746495126
0.00026609300322373743
0.00032248584688174405
0.00036723405104548476
0.0004225087444746197
0.0003898013868860373
0.00047106335526750815
0.0003922224264933251
0.0003138194235691652
0.00038318280122062644
0.00036658118169889274
0.000311190215374578
0.00036940976269587663
0.00033573041913095185
0.0003267031171654303
0.0003291992967904373
0.0003860786180663211
0.00039667435960356553
0.00029256576176457986
0.000403649034423066
0.0003476801740818961
0.0002953385321064496
0.000333617543069145
0.00037764744958229224
0.00039935985791392914
0.00032260047209034385
0.00033370006460458425
0.0003393130960275651
0.00030342879232289827
0.0003005703897305932
0.0002957586164019886
0.00034069634650446816
0.0003234320178496559
0.00033899730545468683
0.0003172312788474152
0.00035493670934649157
0.00029305992479960194
0.00032477977112717375
0.00028238253315006443
0.0002910006116687314
0.0003440788363547398
0.00027596177594211814
0.00033929925604944824
0.0003351164219282507
0.0003112845873594576
0.00045586672661349537
0.00032432903769224065
0.00032683869197970225
0.00036134533415042635
0.00032559880899038696
0.00030450694218234675
0.00026658752876562616
0.0003457496941285695
0.0003839169577450289
0.0003795051892473306
0.0003517008861548605
0.0004310453249084562
0.00032812526563224316
0.0003335922157971529
0.00031877809799024214
0.00035275029402971825
0.00034429759319778194
0.00032532797033970495
0.0002985683417289644
0.00030328022281502935
0.00040390070148402615
0.0005071787975125313
0.00030900205524266554
0.00034133442589972764
0.0003292259278609211
0.00039687885739728065
0.0002915047698113393
0.00038359394340800525
0.0003836494181854267
0.00036998830236795464
0.00037970962474912395
0.000381924641286984
0.0003544983628517393
0.0003370509949951735
0.0003019386317760146
0.0003223754010685006
0.0003947260057492939
0.0003509915527618534
0.0003720342426179452
0.0003933079099766144
0.00028256283996360543
0.0003153764808531852
0.0002600773463427244
0.000308983741788989
0.00033159058342931093
0.0003698575546807903
0.0002754032205623345
0.0002945877184886327
0.00029963396412567887
0.00029349082012742266
0.00023999962710667734
0.0002668322382265045
0.00026120085328758876
0.00029782239923674105
0.0003148183796485828
0.00035029242878570425
0.00034597270818263634
0.0003519573046592554
0.00028085056832165224
0.0003095045839544568
0.0002641103399676338
0.0003498237928733107
0.000410264111816925
0.0003602036185559058
0.0003098316736104688
0.0003506033067929036
0.0003221453047731801
0.0003182977103439909
0.0003490106149252867
0.0003327599061867769
0.000326953217272497
0.0004011247200713078
0.00033173948317139325
0.0003497961882850369
0.0003155643937259757
0.00031109369984643723
0.0003786297852970577
0.0003240641669551362
0.000305519957618967
0.0002898011059627794
0.0002835789740660909
0.000395236385699436
0.000367699935709947
0.00032913333017616604
0.0003318404097240554
0.00028804434411475394
0.0003201504904225074
0.0003671052593250874
0.0003442824458022463
0.00039239476951765816
0.00032163066897099746
0.0003381026317164245
0.00030471625733029505
0.0003044877231411751
0.0003375711879948179
0.0003363738901118508
0.0003208545280863929
0.00027215731841841986
0.00035196067676555046
0.0003119800038550682
0.0003549421206763965
0.00028257442546725215
0.0003335563008133196
0.0003046961913529759
0.00033727661395265473
0.0003838034441000186
0.00026248877823372227
0.00032469494569766145
0.0003674116590630202
0.0003672787787609675
0.00033125562465954666
0.00038338007547669906
0.00036267662597309555
0.0002611929520049519
0.00036017323204186666
0.00035338600248454146
0.00028436507923271817
0.0002906548810694187
0.0004045049225388252
0.00030071656442686703
0.00028830593671291734
0.000282034570265882
0.0002774933815391338
0.0002857899809820408
0.0003194241209988728
0.0002877553165316767
0.00031265761732007883
0.00029306000017715087
0.0002686537295272951
0.0002727211681237888
0.0002590880074652186
0.0002872763692436656
0.000267000352763927
0.00030076328209736593
0.00036500104514573215
0.0003497448124945806
0.0003344847072343354
0.0003663298814097539
0.0002943596173636631
0.0003015076622408846
0.00029210062230020464
0.0003895109596360527
0.00033137214573846207
0.0003347884375114648
0.00039989016239672207
0.000372321302353236
0.0002956227431265791
0.0003295100625903576
0.0002726624021513692
0.0003399343777370024
0.0003255956087556083
0.00039071086725126966
0.00041653624320219386
0.0003517243308541589
0.0003655813965719352
0.0003377979234587895
0.00036277821617418686
0.0003503015659914267
0.00031703477235915537
0.00029397671153152943
0.00031227881982305225
0.0002923380588151002
0.00026855889834370337
0.0002786086466948933
0.00027387264842876325
0.0002830363254519109
0.0004454704948536716
0.0003357005373350362
0.00035065307998431906
0.00028667686160522123
0.00037732509671485463
0.00037158316090312257
0.00036069325753813116
0.00036021077036538403
0.00035821883972019517
0.00033405325031726096
0.0003370371127588651
0.0002737002359945668
0.0002728590650139139
0.00029874970638511924
0.0003085447333383036
0.00027169018781169387
0.0003210467249614372
0.00027453345969092783
0.0003072138252547276
0.0002753349613213901
0.0003260598222960316
0.0002931100073340703
0.000300379035359742
0.0003463780115303341
0.0002999228603500924
0.00030243703939568985
0.00031128449083108964
0.0003044585808713128
0.0003464688678861384
0.0003119645085583111
0.00033602439478948293
0.00039620003247251896
0.0003366555786664848
0.00028834938384155064
0.00030855624125002287
0.0003091971071624682
0.0004306546646397521
0.0003135889519728562
0.00036721487083827967
0.0003304354276216999
0.0003073620935057134
0.00026088184360690154
0.0002784673038451439
0.00029637082207948365
0.00032769250542941857
0.00026029956662818423
0.00024375494363377843
0.00027569878847253406
0.00029764357886246946
0.00029282687563088404
0.00031274569348035015
0.0002896568159688226
0.00027363779366154514
0.0002258942758142226
0.00028151981277532316
0.00030803533175443324
0.0003001344651114639
0.0002870487517026895
0.00023723099216200168
0.00026945299137523396
0.00022475883175274112
0.0002658102751351881
0.0002962581278292273
0.0002937567315419758
0.0002993058347534586
0.0003067417035027952
0.0003703029698289456
0.000316248921502117
0.0003389957770631242
0.00029319740771496783
0.0003050388355401409
0.0003850503660747038
0.00034495585914406647
0.0003025918973235922
0.00034354800539811213
0.00037494534775503485
0.000348821061832948
0.0003097003419271254
0.00032382493149831366
0.00035248572062109116
0.0003398981951996947
0.000383728350278853
0.0002995217232664144
0.00034541674585942476
0.0002995247425502316
0.00028906594448535193
0.0002743782322648219
0.0003192912308653528
0.00031148188253486133
0.00030928114168759407
0.0002555466414755427
0.00025564267100576516
0.0003121534135636534
0.0002519241158454349
0.0003678945826577438
0.00030586051978352246
0.00025260991551193454
0.00032705343934792935
0.0002601060860733043
0.00033501257902729615
0.000355373960053866
0.0003513019910009229
0.0003561596297252576
0.0002682226811294118
0.0003285267314223577
0.00040652950981244637
0.00031113956276039215
0.00037035933744104907
0.0002857067636460552
0.0003344806217451689
0.00028381300670264804
0.0002605776912476122
0.00032280794860935983
0.0003105276981673609
0.0002891757534324835
0.0002543138363632879
0.0004147679127428656
0.0002770908824367586
0.000341982696876403
0.0003243100845616078
0.00036258995834409545
0.00032816458787104013
0.00030033987175147667
0.0003168563704046668
0.00029468933849463905
0.0002371954434484125
0.00031632489505896953
0.0002960498122975085
0.0003415332894287313
0.00033473275335531245
0.00033881673344312224
0.0003716700307989584
0.00031948570557657286
0.00045955518445632164
0.000336414565896373
0.00038342891388383694
0.0002808514325191693
0.0003099113996548373
0.00036524557129965693
0.00034337976886493764
0.0002786323833158562
0.00038135253394259495
0.0003631588667815396
0.0003107099350382018
0.00030916082352466247
0.00035908050263777636
0.0003221731040011238
0.0003424974736782338
0.00028089095139961464
0.0003657116769202263
0.00034765959338959717
0.0002633317027728745
0.00037406710676391494
0.00032774399383911563
0.00031953851110915133
0.0003160899299800106
0.00033866108096080704
0.0004254885082998572
0.00036193315377978247
0.00030452144988149136
0.0003510868424128837
0.0002720828871689675
0.0003055529886085009
0.0002973868074322656
0.00027669677185553933
0.0003775944883761603
0.00034736722355120745
0.00040857999023023684
0.00031087327036163806
0.00034838359201174997
0.0003405814823302807
0.0003526647367590769
0.00032313270783285256
0.00029867393137131027
0.00035563971136389285
0.00030806952430323153
0.0003042667628583236
0.0003174001514962096
0.0003179184140445638
0.00026879142777155006
0.00033048536106472157
0.00031542325506814104
0.0003329166046552971
0.00032230677639917364
0.00035072418743879415
0.0003247692703715671
0.0003450064612244767
0.0004069956345601718
0.00040618482193281226
0.0002641611223855026
0.0003444335662679956
0.000365816693534299
0.0003700687911194643
0.0002941274505933859
0.00029466646142863143
0.0003203277754853474
0.00037283650626206177
0.0002835529691988969
0.0003546051330895926
0.00028107304140825916
0.0002773688708152587
0.00036108507846757595
0.0002946494433101245
0.0003052262299599197
0.00027769484758560553
0.00034733796032128725
0.0003550522505582075
0.000321489549303264
0.00026258702700451424
0.0002459907296348059
0.0002423617700273392
0.0002999656007142417
0.00034064042249084886
0.00036459975369581795
0.0003775778722499928
0.0003868718136077061
0.0003215938348546989
0.00030302068671916887
0.00030976853455097735
0.00041177822218771876
0.0003905551246305312
0.0002757048792887193
0.00035712990741412813
0.0003567366539234019
0.0003470007084117232
0.00036527926884671094
0.0003712426832181883
0.0003425501021713215
0.00032462320732599606
0.0003556287215822614
0.00035812198873046955
0.0002867552607893233
0.0002621143800759821
0.00029977349676902796
0.00036457267671397464
0.0003677698450812254
0.0004164795642428404
0.0003100523505826274
0.00026706673774368173
0.0002632494271506346
0.0002792646589978626
0.00025008506817126723
0.0003351122634210669
0.0003230239894086722
0.0002801844592454369
0.0004281158037977972
0.0003021658000873789
0.00029401584893676557
0.0003796836522243138
0.0004074186775483712
0.0003571150800746655
0.00028071115364049464
0.0002667410132223051
0.0002659628967723743
0.00026817130217778387
0.0003685261483721276
0.0003728262547053944
0.0003753422978284176
0.0003834053989161072
0.00035397669843832404
0.0003274256089602393
0.000390859928113604
0.0003167349650218814
0.0003557665252635879
0.0003389688649883396
0.0002728824633430979
0.00032533629066583305
0.0003728954099119909
0.0004029801947089858
0.0003738792804340581
0.00035910398836018595
0.000245908983686589
0.00033264859352083784
0.000333564114425164
0.000271722765063451
0.00033597057851524075
0.0003425122275642126
0.0003543771268903587
0.00029134588530342094
0.0003594392814945607
0.00026505577066040945
0.000274402540328266
0.0003259258542931462
0.00030065489279273674
0.0003053537998396313
0.00026996593142099013
0.000369495418260849
0.00031271190970339223
0.0002908160031482605
0.0003553880030260715
0.0002870089787745052
0.00028335253153481633
0.00027786396141221654
0.00029248904138747407
0.00030620349727771224
0.0003504077365394768
0.000412822601758081
0.0003671079521646126
0.0003543935096905907
0.000413113789452115
0.00035888670665308576
0.00033460462872464
0.0003781356627986462
0.000419327579236403
0.00029005395685128833
0.00030962415720737986
0.0003805913512556086
0.0003808178845600311
0.0003630829395897239
0.0003984406682070367
0.0004593403529934726
0.0003810055666162655
0.0003419434491607521
0.00031487563547565116
0.0002993699049742562
0.0003124908350281178
0.00031046436077483453
0.00034859556672089725
0.00033105360274814354
0.0003856410458746003
0.0003690652658534116
0.0003844434661277446
0.00031763213791522225
0.00028121811518460406
0.0002980200162426705
0.0002707713069541776
0.00026750772503177756
0.000324920254119411
0.0003239224650929609
0.00037184712160368965
0.00030083079324083427
0.0004203410981958
0.00035143555931877146
0.00029467821243300347
0.0002995727665197301
0.0003021916840496656
0.00028963022942504843
0.00024011896073075205
0.00033720687089353654
0.0003027623979271735
0.0002840417240142239
0.00038674371212763035
0.0002852447338903329
0.0002705446087992963
0.0002667462544625001
0.00031513025373299674
0.00029512850908171203
0.00034212313573078664
0.00030900090673330934
0.00035689178869686543
0.00035433818892073463
0.0003044754619443633
0.0003692449837880041
0.00026636211774067053
0.00030314171000495505
0.0003403066688288378
0.00025900335097263827
0.00030692939595043894
0.0003211754817774387
0.0003415044432484434
0.00027592091491811867
0.00035400465394169956
0.0003163805093468702
0.00031800533569130684
0.00032046447382247145
0.0003176429252521843
0.00031078538889297506
0.000305641870381419
0.00029961133414860405
0.00034865545403012005
0.00032945220307908837
0.00035009097349655117
0.0003742019696410369
0.000354914309750982
0.0003802711387472588
0.0003374921821279375
0.0002894159436208397
0.0003531673679676794
0.00034969936192924295
0.0003946068873133049
0.0003844951211065423
0.0003511013527526545
0.00032464222101814247
0.0003143565824679027
0.0003151082801236419
0.0003612331975344818
0.00031197226956971766
0.0003522623584738021
0.0003646342647669008
0.0003545122242692858
0.00036796093492746614
0.0002993719611537106
0.0002964131177027128
0.000350523436020562
0.00033237823334065266
0.00029488689466033573
0.0002925433367239395
0.00023784440215210726
0.000284415559133735
0.00038651534766199
0.0002942372517951843
0.0003207990702812438
0.000322816978418561
0.00035822503689493605
0.0003216115198705307
0.00031323784486554694
0.00037143929778681804
0.0003494593153411166
0.0002851765734348124
0.0003301730207021399
0.0003354209510149289
0.00036333590114533316
0.0002720825070507755
0.0003834696289520404
0.0002602750347979067
0.00025891340946860946
0.0003289331626556579
0.00040744792155561856
0.0003109776226006685
0.00034473609806147436
0.00036093071787470817
0.00031183587688737743
0.00037572090924390165
0.00033005938772903015
0.00035537912845567547
0.00034042024092529715
0.0003181708243257576
0.0002747611843965946
0.0003383851832901648
0.00025394002844621383
0.00038201159168953545
0.0003119882749463222
0.00033552983998035756
0.00032517823512588894
0.00028581340541687986
0.00037169295413336706
0.0003336658994620984
0.0003196450402513911
0.0002661676739302655
0.0003302844353829814
0.000346798010954287
0.0002899004918129463
0.0003113013821697019
0.00034243261234922936
0.0003136736247532587
0.0003530203379527237
0.00035884461487392254
0.00039434388413241096
0.00032633099656387824
0.00036412863395683236
0.0002670651825662801
0.0003998413959793144
0.0003718737152715706
0.0003138268963649392
0.000265363596301301
0.00027948722552886645
0.000398031440366033
0.0003740821454302782
0.0003112593580415419
0.00028488624737657467
0.0003311107182026625
0.00037057406893670626
0.00030340021759815786
0.00028596132779447076
0.00036268598759243417
0.00034821554856974695
0.0003369608797413493
0.00029335245842999934
0.00035720489092001833
0.0003173013099347652
0.00031986777567774696
0.00044362385601117273
0.00032977026301039185
0.0003343476574116096
0.0003161246560929946
0.0003332271721894229
0.0004079636221012155
0.0003122940744332064
0.0003489542321182692
0.0003078333369936204
0.00032979569488855633
0.0002940287306437726
0.00028545165761148056
0.00030021652658809725
0.00035050399973336874
0.0002920435993504177
0.00032897065240013044
0.00026453507698807644
0.0003748876419372758
0.0003275368121329948
0.00027660158394262913
0.0003609238114500647
0.00030061832965462364
0.000310129388377313
0.00031032674919648337
0.00029068187835346737
0.0003208346582870059
0.0003322170581911605
0.0003734844008474266
0.00036433956729459176
0.00032599336981988474
0.0003784998342152012
0.00036563164423416856
0.00033421529373191386
0.0003026791094937136
0.0003411349089615586
0.00033328693133082205
0.00036812173333452
0.0003870441100505844
0.00038789684692837166
0.00034199095375170773
0.0003350896911431129
0.0003024878165276305
0.0004818905077268415
0.0003732539035716952
0.00037390210252932575
0.00026369955751538276
0.0002745372460192321
0.00034430420505323993
0.0003079599545465779
0.00033553646935395777
0.00035385683725033714
0.00031565799078576274
0.000341435885247508
0.00030672044462808534
0.0002992077508801365
0.00033736598555878726
0.0003642205834914392
0.0002809360474397344
0.00027193778890736764
0.00037790219029713845
0.00040769331418745637
0.00034303492185647547
0.0003402274751580765
0.0002994070168853786
0.0003098187793932494
0.00029833759449725516
0.0003850522519575661
0.0003332053371824457
0.0003662030767000639
0.0003670527208451661
0.00036812100820710617
0.00031757426017836723
0.00030589871747919864
0.0003390664826015198
0.00040036187689998563
0.0004525200617821134
0.0004459254536531498
0.00035526446280584366
0.0004481826527486442
0.00029204465248843577
0.0003382302255713735
0.0003002432846949468
0.0003855140022861216
0.00034357590586874806
0.0003796762776413955
0.0003456380750378797
0.00039205003905848964
0.00033404480380563693
0.000355495666520127
0.0003027632812433016
0.00035292233095567035
0.0003358998426433301
0.00036254129026075214
0.0003899405997117001
0.0003554022082126344
0.000334795334986462
0.00022599007705822758
0.0003845900192094099
0.0003052556595460032
0.00034694421754016976
0.00024567479533753767
0.00033435859960285656
0.00034467668122964846
0.0004074420003244795
0.00025168654568379393
0.00030432082617824627
0.00039287110536127785
0.0003050603169867192
0.00030162329704104654
0.00027801950037970025
0.0002470811043193706
0.00030745719264972324
0.00029157374937146397
0.0003045631123061357
0.00033066853145854406
0.0003120575918906637
0.00031286957114406614
0.0003208706928111109
0.0003406828693865475
0.0003252017124464252
0.00031056231957728246
0.00029847913988261475
0.00031113436396321684
0.00034027201935580285
0.0003563468825923041
0.0003370132270964479
0.0002626271333061789
0.00036878845399116833
0.0002740496965166503
0.00027159624150720977
0.00033265134645946046
0.00026350616452282217
0.00035959180539065606
0.0002975142976448311
0.0003565720348953307
0.0003730633951958356
0.00031758952523726683
0.00032244992220084584
0.00037771515620335053
0.0003896251501128941
0.00030791572069955523
0.0002890369247449797
0.00030674898415568124
0.00029984341578599493
0.00026799310150557804
0.0002794392858051517
0.00032113439292506325
0.00032187464336167935
0.00029566117854714247
0.00030419679847287973
0.00046477267893886776
0.00037726405234608806
0.0003553638967373946
0.00033082721225661773
0.00032397515468531366
0.0002709702908846648
0.0003338467380904895
0.0003190790167761756
0.0003317183403165052
0.00036742543606965716
0.0003757418467237334
0.00028918023726642053
0.00029839646039915346
0.0003011894445503504
0.0003075133322056462
0.0003556412108987283
0.0003059297500553233
0.00027661091559459254
0.0003237243853686437
0.00029256227533296184
0.00030251273204392847
0.0003018650776251794
0.0003034634856240984
0.00024683176139200395
0.0002796467705277353
0.0003263353628899944
0.00026964194885398886
0.0002653682490473941
0.0002840240300231591
0.000319977473155793
0.0002874259679747979
0.000341407106859955
0.0003573130682910015
0.0003360955213267113
0.00031042415824180416
0.00026172770996900157
0.0003630646165841566
0.0003471253800586021
0.00035907540299266657
0.00027320951664786756
0.0003690190442033415
0.00035572802137825955
0.00037524778274350493
0.0002632207809693965
0.0003133551733736067
0.0003020612729860267
0.0003069455482530681
0.00028748107427847114
0.0002839332610876341
0.00032019441668877733
0.00032886073360224866
0.0003743869542504503
0.0004046866931146385
0.0003442731575306192
0.0004123212190030224
0.0003491012273536446
0.00030533256610506176
0.00029168195294860356
0.00029732399776682115
0.00024931968706652256
0.00027741167983050816
0.00030809386517610513
0.000327430269565403
0.0003353185513684228
0.0002469286984995509
0.00031429110228331443
0.00033905336264853037
0.0002703813007512292
0.00030318858443213005
0.0002510916845803079
0.00025496709160866866
0.0002516720670361263
0.0003095560688348045
0.00030658756301954265
0.00041051243186570057
0.00042749808100084254
0.00031276892124484186
0.00032475355217129745
0.0003590747938663148
0.0003407945871398304
0.00035281889024013744
0.00038578099765089425
0.0004013932099798866
0.00032740764455878866
0.0002673896670195665
0.00031146074779220007
0.0003302880233444431
0.0003847911610422658
0.00036051446263105324
0.0002803075972115913
0.00036305536842244195
0.0002898745664311632
0.00028762217586889797
0.0003930435685107708
0.00031579015661469277
0.0002884179473509475
0.00033252555927225174
0.0003505562261037384
0.00031667237584901824
0.0003879320477678873
0.00035102518813761804
0.00027938079904485705
0.00037411339354045996
0.00030715155236633136
0.00024163143843689428
0.0002822573483065225
0.00033439863567120965
0.0003460006748708905
0.0003828602772777039
0.00028289993188943045
0.0003169000516268057
0.0002646772291897327
0.00030072865907632064
0.0003020519841598994
0.00032608545988210364
0.0003623470721296172
0.000309331652738472
0.00034513333049884543
0.00027572997288262727
0.00031216461966455185
0.0002935114159215501
0.00030521103681095
0.00042330645127659474
0.00023599389971465376
0.0002438081165541011
0.00030290800389275196
0.00033089539395174226
0.00032521796413930825
0.0003434077256843332
0.00038113415498123335
0.0002753838999828307
0.0003188310924588476
0.0003928488499326725
0.00030413323246993365
0.00033486202974783143
0.00035665402540834766
0.0003230885612288257
0.00029736989301165645
0.00034274016752962484
0.00028781750584666577
0.0003015014282077518
0.000336554359268623
0.0004087109205659666
0.00036814631869391427
0.000306196081099229
0.0003451660613624113
0.0003472177573188761
0.0002779199695242986
0.0003128329423262415
0.0003276706143323603
0.00026117723725387347
0.00031653463631698856
0.00027822298393447416
0.00026985066096352477
0.00027548139786484383
0.0002718060071736012
0.0002956349680742302
0.00027941441859052
0.000316023887834757
0.0003319991111001125
0.0003582354376234832
0.00027902186112078303
0.00030798248977287714
0.00035104532307452706
0.00033670668994494865
0.0003791235474445791
0.0003149597714268487
0.0003174083502730563
0.0002916099848571514
0.0003269767934626303
0.0003581036104495345
0.00034694678808454776
0.0003123956369458618
0.00024506408270499246
0.0003424893754070318
0.000319391113772899
0.0003176236589076749
0.0002531884884014902
0.0003353377442685632
0.00036660541758779127
0.000264911799245395
0.0003278388081009951
0.00028144311546393066
0.00027283270704866097
0.00033950305352601815
0.00030379753980365855
0.00039051674034526473
0.00028244832984035124
0.00038270084649258136
0.00032763876329094005
0.00033973634490008184
0.0003146672561473275
0.00029725569103894537
0.0003446397261301064
0.00033135210375079955
0.00028244331273722046
0.00026152647552275604
0.00035001117099424633
0.0002535194655405291
0.00031458912941308376
0.00027002592058066835
0.0002692200279471968
0.0003222135532027447
0.0003440662655803042
0.00028021105536061707
0.00032432686272347637
0.0002172928742730558
0.0002840498640924091
0.00032418714984885113
0.0003037000330999391
0.0003118521272045759
0.00030859805293656826
0.00032257520097843655
0.00030664050711640557
0.0003634934683327215
0.0003273865412968228
0.0003043148676737133
0.0003039780378834794
0.0002745084601430499
0.0002741725780005747
0.0003527859370627123
0.0002980706360170786
0.0003137716522127568
0.0003647460219691688
0.00030924071375977314
0.0003505045863667917
0.00031737134078747137
0.0003438864550577142
0.0003504612942130211
0.00024504750863772295
0.00025056728185423064
0.00028743201333959344
0.0003611095049598326
0.00031292297752659215
0.0002716319763193688
0.0002579705195102784
0.00030172435119427886
0.00024849366772513806
0.0002740253882535239
0.00031276147064433795
0.0002790157674396711
0.00029217384691264685
0.0002942939382894364
0.0003107733207401234
0.0003130178253356016
0.0002978161028963929
0.0003797543888602636
0.00029720808444937526
0.0003262033283454362
0.0003594725487979672
0.0003551349608789855
0.00032135103562896993
0.00032494501276671963
0.0002518481556521281
0.0002965746100919481
0.0003290354155737778
0.0003567916248461171
0.0003469011767969721
0.0003425165908895973
0.0003705540280358845
0.00038132456133018676
0.0002914716590660258
0.0003274278508351914
0.00032571331417904513
0.00035478901183317116
0.00034108082113523284
0.0002864311399285143
0.0003276934489352181
0.0002863561869903182
0.00029832182850526894
0.00031799832139617617
0.00028352923990133575
0.0002588974145188915
0.0002820836711191003
0.00028116493232927203
0.00025988651586028794
0.00026280281029224007
0.00039695226017739146
0.0003136852082483997
0.00028776272250751866
0.00031674984412076137
0.00039236825614948556
0.00029125419122286064
0.00027444804750427834
0.0002822236134608832
0.0002670301698364621
0.0003888727223711961
0.00031321663799782894
0.00032718108974208107
0.0003370468698191252
0.00030878113185218905
0.00034006176641865956
0.00026465520230668977
0.00032201250876813097
0.0002825200026015759
0.0002780038840920751
0.00038622228048781475
0.000361525750590986
0.0003694562044091242
0.0003131981354861581
0.00035096535347104867
0.0003103376455185782
0.00043683798332079304
0.0003281745863955926
0.00038634613635914953
0.00036009813232104826
0.0003428637135391763
0.00034775019309561705
0.000287256236798326
0.00037543547460360156
0.0003277155544591496
0.0003661214858656118
0.00033702024745626955
0.00036626080897012513
0.00029030408429835087
0.00032058267802763477
0.00032660542494791767
0.0003133043072498692
0.00031482118221682937
0.00034503847190438193
0.00028443213494771694
0.0002812920478597466
0.0002437240751333213
0.0002794593937249306
0.00031664515093760546
0.0002509374554193592
0.00029291038006669704
0.0002707233470161753
0.0002708986162482253
0.0002886246867772538
0.0002601146438453834
0.00027307797468103574
0.00023527164796658016
0.0002605806206938031
0.00030816014667375157
0.0003517971296942265
0.00026170138072384425
0.0003574426202978233
0.00027186265082679333
0.0003855767669936357
0.0003327293723287229
0.0003987942772543509
0.0004858592403587045
0.00037085617537931955
0.000347790482140156
0.0003462741441458721
0.00033379111389783523
0.0003744335594880788
0.00040570023099755913
0.00036220881132332844
0.0003196774994128617
0.00037090264188885993
0.00032924994242606817
0.0003457559453741796
0.000324450461729112
0.000300700556263992
0.00032921449757688473
0.0004261265711781792
0.0003049744865745974
0.0003843400685956454
0.0003003016374349828
0.0003530953256698016
0.00040964172306013843
0.0003238842506807103
0.00033149885347936764
0.0003095660456224847
0.0002801204131009554
0.0002942444304919799
0.00034360394259033044
0.0003697580687910444
0.00041265441052833256
0.0003729889444555091
0.0003644961153216349
0.00037660022795971875
0.00035747299141923876
0.000311280223525463
0.00029719373634769995
0.0003335226260459261
0.0003192359501113266
0.0003043686646328968
0.0003108828493912772
0.00036261521606526984
0.00035103428762253317
0.0003345680240290411
0.00031862709563295694
0.00024188196093811318
0.0002575525193273754
0.00037013342477669383
0.0003573867700541319
0.0003024766550638696
0.0003125178194090163
0.00029218408831618793
0.0003041702892321261
0.0003364448149121773
0.0002926532007412481
0.00043327429097443686
0.0003525579353292786
0.0002978560984425348
0.00030796822821871404
0.00033223034397739874
0.00033344200013601987
0.00033881392164631714
0.0003175335560433802
0.0003498344229834982
0.00027326972348507705
0.0003154529982671559
0.00024628537053275124
0.00029074220513413426
0.0003272458871814921
0.0002299349712723617
0.00028862476496105405
0.00039250843164797096
0.0002919410182491512
0.00030452689401759265
0.00026354772829039407
0.0002839710922576544
0.00025528211227276846
0.0002580283380880142
0.0003405561013457643
0.00033991859631600486
0.00036339756823557524
0.00034799623899357796
0.0003611161447003524
0.0003688037425282324
0.00030023588634898226
0.00031485386233435
0.00047414034299719527
0.00034173760412372885
0.0003493497438315813
0.0003504951321773549
0.0003549647437075468
0.0002930152194862991
0.0004099474911905168
0.0004224936164571581
0.0003199283992830314
0.0003366766435084564
0.0003436312819205051
0.0003084849015862383
0.0003656856945411514
0.0003743132400325891
0.0003484784228991037
0.00035649854290071046
0.0003339651300406288
0.0003273627726295249
0.00033791647576032324
0.00037094419652488296
0.0003264934982560443
0.0003187222469755302
0.00034885102988402636
0.00029771402588563855
0.00029253421093601063
0.0003726362180324784
0.000313094718004136
0.00033425585516055304
0.0003076202012421903
0.00029633889581275643
0.0003191536112277449
0.0003142122125129172
0.0002690409857817551
0.0003181149588239148
0.00025739957173471963
0.00030314022718438125
0.00036953575319007714
0.0003358118223789932
0.0002903577684346988
0.0003913500774816372
0.00030967400730897587
0.0002997865607623605
0.00029843765925517804
0.0003627388979645987
0.00030571568954292143
0.0003666933841764863
0.00028709528294672797
0.0003281591618393446
0.0002996559552581208
0.0003234051040635855
0.0002918795144644263
0.0003026657357151581
0.00030358346130288745
0.0003016845789828161
0.0003524190682216586
0.00033118275968731296
0.00038112140609345205
0.0003684020417669726
0.0003235046502660181
0.0002967810348817913
0.0003066026356204622
0.00031677715056968613
0.0003786222470094544
0.00029245307053886286
0.0002950536740899351
0.00035902058593957576
0.0002947696070217093
0.00035852671047630373
0.00044171652255745383
0.000338176812108789
0.0003009053863963582
0.0002882043918988578
0.0003012774395571359
0.0002866601342321765
0.0003978620864229038
0.0003265606116669249
0.0003903120247718329
0.0003034847326399994
0.0003374082086004453
0.00028250580799534626
0.0003060859718158369
0.0002764340166784937
0.0003523490110374616
0.00037803430473150844
0.0002935923619149681
0.0003599310910682467
0.0003428621697465784
0.00029043873442772823
0.0003379496913683605
0.0002691511314223664
0.0002972120508254138
0.00030219607212065793
0.00027771936644514143
0.00029859712563883544
0.00033906130445279965
0.00030655114821202654
0.0002868519723846679
0.0002945632438988839
0.00027618158936991443
0.0002817358449463127
0.0003160047399757031
0.0003582246941758648
0.00030239632168919776
0.00033081471946800245
0.00043727905290349517
0.0003260129241637687
0.00029836871689298337
0.0003320950255420876
0.0002861498743405075
0.00029560521450252533
0.0003775078501882556
0.00031778104039036016
0.000322190404803783
0.00030985838926021357
0.00028199394651228714
0.0003020888695655387
0.00028285223388966186
0.00040156240226190434
0.0004216499986961793
0.0003451566716392488
0.0003211895532766882
0.00036080589749101023
0.000261933468604789
0.000340815812106364
0.0002852128119743911
0.0002543080561995764
0.0003107480491124243
0.00023584062512749216
0.0002555162800453513
0.00033056082745806667
0.0002991606318521819
0.00036154279829086816
0.00029876124650701113
0.00041913923180171586
0.0002713085998668366
0.0003309911638475667
0.0003019764386686782
0.00025379560013423643
0.00032826777001325474
0.0002742178112381648
0.00039584454307365485
0.00025531139948144227
0.00025348357389588945
0.000245804422539682
0.00033840357665417263
0.00028643006403335404
0.0002828331450696935
0.000271088676428707
0.0003264005295998246
0.0002615104105201533
0.00033521152932828875
0.00024728709575054595
0.0003182265341378465
0.00039391664429227325
0.00031104526153838494
0.000284981450523864
0.00032306915392411336
0.0002771497552329552
0.00030509326758559055
0.00027921424593177864
0.0002707498838653968
0.00022732361345817296
0.00022562558033423672
0.00036793762932406675
0.0003379799905510829
0.0002802773404866251
0.0003200361111738219
0.00027187178040944694
0.00030371673212905854
0.0004204832086794387
0.00034556359856713706
0.0003585991035053029
0.0003314854411702483
0.00026765731353851875
0.0003285388883297526
0.00032962414949833053
0.0003762758105095919
0.00038788275211614875
0.0002903448619339189
0.0003304906973414026
0.0003763120474204562
0.00029040638032032373
0.00037518087364796335
0.00037705457493656644
0.00036276851366182333
0.00033241366903917984
0.00032296866963155314
0.00037603844756991405
0.00031237557745379663
0.00033630250138013524
0.00029285447880623625
0.00035763580173935847
0.00040048681431978074
0.00041008183707349035
0.0003169766253014244
0.00038593354940024555
0.0003290188994546449
0.00035550702960905194
0.000318375435671844
0.0002867155139964319
0.0003124460236999327
0.0003962434666094263
0.00036591307702352714
0.00039693674975801383
0.00035607733831755973
0.0003144349296300395
0.00034941443352304606
0.00032185403330525466
0.00036912447918302613
0.0003509966620349632
0.0003913794076264412
0.00025932671016862935
0.00036052306522469735
0.0003991024214417385
0.00028723879989954405
0.00026529110941352714
0.0003014021354483491
0.00029381407008357576
0.000313364866194048
0.0002658703237478455
0.00035439659102275964
0.00037916938682881204
0.00033938541309256796
0.0003565897211368669
0.00043355385224031596
0.0003117907333100902
0.0003415480688242672
0.0003473192934892174
0.00033040580170217815
0.00031888755227746905
0.0003532403499012216
0.000342138056472076
0.00032764573327997835
0.0003641694595075398
0.00031572301850840565
0.00031928472648593735
0.0003627662551084463
0.0004053135242151523
0.00032503507200832356
0.00033577053633158753
0.00032628861055461597
0.0003011671941068065
0.00031439482884745314
0.00033108566071244423
0.000292566957328877
0.0003589571168474096
0.0003105232365589546
0.000371341075299623
0.00045363246822765384
0.0003582885049676693
0.0003254902474074234
0.0003166599318777388
0.00034286899749469115
0.00030886711191231616
0.0003229706971440614
0.00028994659253290953
0.0003716958126343612
0.000346685717053102
0.0003307468169676865
0.00032059809839214313
0.0002481885026473419
0.0003297388098684415
0.0002977256291253441
0.00028586421422688535
0.00026347812486874207
0.0003315709239970157
0.0002998338773092552
0.00022500128269184797
0.00032613082519645836
0.00028616171815899045
0.00029811868199337567
0.0003068800666393744
0.00030931970033454904
0.00026619426565314177
0.0003406470555682666
0.00030713841375833606
0.00032566730008382413
0.0003524598774084752
0.00031050149467705147
0.0003003045454522204
0.0003531568849496648
0.00027603554353631393
0.00028191140926902235
0.0002769090511003555
0.00035911539586384704
0.00028076571079500173
0.0002759650999798058
0.0003290444180860603
0.00024491315822698786
0.00024287169163581836
0.00024797755132579787
0.00019675204243651702
0.0003591835096276065
0.00031122948794588123
0.0003106993573287451
0.0003071448552058759
0.0002428269548453862
0.0002479713205594277
0.00028555873137885016
0.0003636111207833641
0.00031565514646889097
0.0002683109651743264
0.0003074694018554941
0.0002878109701166704
0.0003603824958832939
0.00026962412208027974
0.00027567391360339263
0.0002910147073873509
0.00033450688577306106
0.0002829707741934442
0.0003485962616507696
0.0003083627204838828
0.00026991581395478483
0.0002725440780100651
0.00039581863007995743
0.0003553412452654539
0.00031928879656369563
0.00030392917268431393
0.00034786460634160586
0.0003246813896328921
0.0002724789946574332
0.000360522350934965
0.0003306191456134056
0.0003007844807684302
0.00032459044479512633
0.00028972596421707425
0.00037043738317008896
0.0002633014777239948
0.0003737359064139555
0.00036400986835445664
0.00037507390057321547
0.00026110861694186014
0.0003796488317056944
0.00032919168544676727
0.00030701064104256536
0.0003375911231021297
0.00032248995692962963
0.0003075515460649752
0.00029284253555821765
0.0003177448822220029
0.0004009986466699573
0.0003391902284113789
0.0003096349672533903
0.0003301218909273316
0.00033609634124795565
0.0002927979033599443
0.00031872176098087705
0.0003456791394794855
0.00031235133327897467
0.00037675124388979235
0.0003400425057450351
0.000311413151163779
0.000327363441630521
0.00027349893598870614
0.00027904513021842427
0.00031161763244424317
0.0003220393649090534
0.0003242722728323762
0.0002942535738430604
0.00027164526382974006
0.00026367060389281024
0.000383971282469999
0.0002904218402401213
0.00041798839580338225
0.00038622861576088376
0.0003631210421446052
0.0003057232827774981
0.0003196218092406442
0.0003261408256940193
0.0003859815045809448
0.0003139046214257922
0.0003142268356050422
0.00030678154706231234
0.0002962945477565749
0.0003666589771283368
0.0002851946182127916
0.00023459646740321672
0.0002171118482504544
0.0002438748422366348
0.00030276770887165865
0.00031384377962891076
0.00024039289599925106
0.0003050894472873305
0.0003559279256147073
0.0002875929419104619
0.0002611046736450767
0.0002642296709723248
0.0002850815283446401
0.00032007742882638406
0.00032737799113573144
0.0003162395115020246
0.00030226914114935206
0.00023203967641034076
0.00025016725019933904
0.0003886290083253088
0.00025920558644051007
0.00033344985040889845
0.0003050073720367409
0.00027270671195577347
0.00028323156839704796
0.0002732124002522532
0.0003616102742340572
0.0003157634752175576
0.00030592607132920766
0.00032297455615216747
0.00026335205680148215
0.00034984043976654655
0.0003242436450544574
0.00030545529241297713
0.00027861792436638145
0.00026991641847449885
0.0002833860067305907
0.00027515512632477726
0.00022440840025507333
0.0003086722727269795
0.000291674698278943
0.0003212116616437284
0.0002853599634783256
0.00022693177279891821
0.0003669610552130568
0.0003403442315074753
0.0002994144647446321
0.00029142472388955613
0.00031913247831725177
0.00032466178508578465
0.0003023183302891036
0.00028484202933404566
0.0003463672675650695
0.00034541957305709583
0.00036091352110148464
0.0003589283571838
0.0003442346847532114
0.00035643589717016287
0.0002369145842199835
0.000311551118316891
0.000318766237772986
0.0003131450355506349
0.00023828562287470166
0.00023935418734637382
0.00026462925741805384
0.0002751017659761455
0.00029940300931852854
0.0002473450491872538
0.00025232334340755737
0.00030929309785805
0.0002998000476646674
0.00024381438654303856
0.00033548324044081415
0.00035592248156216016
0.0003790642331368164
0.0003497291431372042
0.0003170960648400437
0.0003639142631974548
0.00026556700752486113
0.0003028239945351494
0.0002926721450121067
0.000271304326730736
0.0002907708512928961
0.0002219324453199348
0.0003148733680562553
0.0002264018113555034
0.00030112704563452713
0.0002809913209479651
0.0003075743617242605
0.0002788772932600396
0.00033680830889799444
0.00030964311077154484
0.00029042348992511317
0.0002884598056349359
0.00032802444530344424
0.00036303937124127015
0.00026912672375708195
0.0002822457023479949
0.0003047709814751012
0.00034756515504352515
0.00031855032232515953
0.0003384456567727544
0.0003149667220181128
0.0002854722559334516
0.0003034897584122483
0.0003103358819982875
0.0003233638852566254
0.0002664771805110627
0.00037334394947408447
0.00033499115748520617
0.00027509701140761576
0.0003403925979225799
0.00032298569691212444
0.00024321845452581018
0.00025956938216560317
0.00032427548574144214
0.0003801141733469856
0.00038360067255084157
0.0003506552701604509
0.0002614132672000257
0.00036014286547769595
0.0003177558892056634
0.0003503414597761783
0.00034965595144867537
0.0002976825501453569
0.00034894930686254333
0.0003062290574482074
0.00041296514511633
0.0003712000404090169
0.0002554916662762343
0.00030555768342348564
0.0002977093730776743
0.00035300221673563643
0.00031797533016087397
0.0002754616632078734
0.00035326838464315826
0.0003343218409540671
0.00031534543913099087
0.00032856937750651934
0.0002772358161648458
0.0003351827568471252
0.00020731695882782422
0.0003313510106828374
0.00039551873262902437
0.000360559699798406
0.00035625306960094535
0.000276205455908683
0.00030133822966033156
0.0002994468494307141
0.0004400305812466013
0.0004095299347895636
0.00039485244506187083
0.0003318198753354956
0.00031056425346946134
0.00033048058169694074
0.00030147261415592973
0.00032243552944017485
0.0002834027797610182
0.00037002223593277957
0.00031375645390064856
0.0003437482578196208
0.0002970709704994616
0.00034581833753594664
0.0003350491298857504
0.0003338984334982808
0.0003422066713471794
0.00026841709222863897
0.0003180139804973805
0.0002928572054299048
0.0002943690292874056
0.00032141391116220465
0.0002953286694061369
0.0003610345768522987
0.0002754973977978973
0.0003417533721750589
0.0003351271895300869
0.00032936592970322513
0.00035667562501620614
0.00033842116307855434
0.0003545727373821247
0.00035681904274093197
0.0003657332376716744
0.00031901376737185474
0.0004016725038461919
0.00030047310737473887
0.00039764294942335794
0.0004670958225058264
0.0002779297268666543
0.00030154839538360054
0.00030103709828945105
0.0003470405482611025
0.00031598085700524606
0.00029621451720436846
0.0003070636041643192
0.00033567606427022996
0.0002967063697312197
0.0002784117001818495
0.00037988875176884243
0.00047826472077524494
0.0002899273516125015
0.00033760988665080513
0.00034936232690232214
0.00029336246066996585
0.0003140372299451496
0.00034705582745448343
0.0003304433420517811
0.00027234153614808795
0.0002471264943823645
0.00023004630067562757
0.00032526140798025285
0.00028611844677296224
0.00042074660426080697
0.00035195957011575105
0.0003176998132667704
0.0003246125984305238
0.0003129225150967591
0.0003360316160290524
0.00037312490682437786
0.0003595929966490655
0.00030170431288388907
0.0003414632921637586
0.00030624926787265437
0.00028027497111881954
0.00038081858827164824
0.0003564281043487336
0.0003047188470675566
0.00030419266526415654
0.0003703541159465613
0.00037536005160982236
0.00034019032702273504
0.00029896629242975387
0.00035207827644194786
0.00037838712451531933
0.00034430114382354713
0.000322920985243238
0.0003289619396555666
0.0003236463682552414
0.00030414982623124497
0.0003373804975195795
0.00035253590183534215
0.0002799708462778132
0.00031088923134613535
0.00024275895449164881
0.00030615799896794985
0.00038345410173980325
0.0002916775320016511
0.00029955849806304676
0.0003032860745484103
0.000289420045544019
0.00032346012634323516
0.0003482657333642505
0.00034151280525529824
0.00036439370490147944
0.00028754780984559264
0.00033127358810165997
0.00026848891196125624
0.0003351457969653771
0.0003048128034972609
0.00028091348786325423
0.00030484205280805675
0.00020277150975946478
0.00027143318312722623
0.00028407523067256867
0.000260538757624917
0.00022313657517482435
0.0002594767874931563
0.0003159116970590678
0.00027840408408453637
0.0003195085907266126
0.00035344846290447785
0.00037216157279551493
0.00027448348995658036
0.000335552768282794
0.0002927997189316904
0.000326554166095383
0.0002800158163274935
0.00034586998783468775
0.00033521577180993203
0.0003024946669669123
0.0003475520265856709
0.0003620835647913808
0.00036361319616967213
0.000408546175429812
0.0003660378349417301
0.000362228503998747
0.0002871213881919517
0.0003303032896877008
0.00027382794284551166
0.00022925801406601252
0.00035014499451126207
0.00028366196315163824
0.00031777700961836637
0.00038087721393793037
0.0003839407563803799
0.0003709640874299602
0.0003759950723499228
0.00029030986145143464
0.0003156042158334255
0.00032361073650303217
0.000304806302585462
0.0003785519095265038
0.0003728515856710688
0.0003365522860920184
0.00027932220136680987
0.0002547343007491435
0.00039115799682010204
0.0002580840363307895
0.0003643011203950778
0.0003420567391978191
0.000345568168884493
0.0003647253791009293
0.00035280989404478237
0.0003662590296045051
0.00034609443384780666
0.00037722579089478436
0.0003578143410002557
0.000355825352362557
0.00032132205448186365
0.0003243476766307031
0.000322478625572646
0.0002711170808154883
0.0002905429051204264
0.00033905571837825033
0.0002664554182256314
0.0003141973359267718
0.0003033764722660931
0.00028310869740123216
0.0002898586415463837
0.00027370686533164935
0.00033266520720417016
0.0003046172086306404
0.0003165053770331998
0.0004689729470962101
0.0003162801197104326
0.0004770931572053951
0.00038402133766032344
0.0003948881794817365
0.00032068692506326035
0.0002972325855335702
0.00029314337652013337
0.0003314789553886902
0.000358154168979433
0.00036685711782243047
0.0002513682336995663
0.00033564809277258656
0.000305425248671912
0.00025956660601347435
0.00024519604810376304
0.00035169280506728917
0.00037453878695137776
0.0002924273820091974
0.0002633583877233672
0.00021636508671836043
0.00031529263778096015
0.00034910213448014003
0.00035634911415872615
0.0002545947811503878
0.00027647701597231013
0.00025227718428075745
0.00023076934779829667
0.0003046520547121791
0.0004400204087941031
0.00032010932814084957
0.0003000026762501657
0.0002629645332524655
0.00031286052052549476
0.00029095627114919986
0.0003118198319297373
0.00034401940919042074
0.00024472501975589077
0.00027540584946431627
0.0003032077500120058
0.0003327992776041112
0.00029151369156483293
0.00023944989050398392
0.0002697302180442743
0.00022029005109971503
0.0002633495881510385
0.0002920404126966593
0.00029706961253084274
0.00030622169493505175
0.0002889836697608053
0.0003014013541443941
0.0004021001011009384
0.0003539863876310341
0.0002676129876006147
0.0003149547538801426
0.000321587209508254
0.0003398266031632957
0.00027183729234002456
0.00026396696476532164
0.0003169291563342156
0.00029452006581844677
0.0003504577515162201
0.0003445466945794069
0.00027635234575257213
0.00035647475402394475
0.0003505957554315889
0.00032948699403710126
0.0003057919700855472
0.0003370785614335868
0.00032383034430967056
0.0003173521444926126
0.00032806083961654423
0.00042383152384171567
0.00037673612082307097
0.0003589918407373252
0.0003590707074045825
0.0003737682909731136
0.00039445575720211887
0.00031295777652052246
0.00026669536483434455
0.0003371553412231931
0.00035419475191133637
0.0003191153233141348
0.00034660908051444147
0.00042895008645920453
0.0003721285263543624
0.0003278238666204909
0.0003874975281899856
0.0003323786802561589
0.00032494985668696523
0.0003046876769187104
0.00034357128596738577
0.0004166021352382305
0.00035457614953936136
0.00034152960894143734
0.00036339968339781613
0.0003702830017246459
0.00038978476790884595
0.0003357517730240307
0.00027504306998400307
0.00039200489101005805
0.0003140103948392307
0.00032558634716893243
0.00034315552251206507
0.00037720393270291544
0.00038721994594062087
0.0002710986939775525
0.0003908212738488598
0.00031793796271332043
0.00037683328626250597
0.0003115246329333607
0.000358515548072269
0.00030373273769282157
0.00040220949876254466
0.00035498221736830093
0.00033360474762424966
0.0003481591542393826
0.0004133126142691438
0.0003521191549890451
0.000376525918353058
0.00038389988746114547
0.00038283948753747095
0.0003580826719799554
0.0004124201918261069
0.0003908205014144876
0.0003776396542205551
0.00031828715380823405
0.0003587747774814822
0.00038936041402681625
0.0003877072504645269
0.00033016493229970915
0.000346641254702694
0.0003844245716729142
0.000349022145761399
0.0003365350744399961
0.00034739039787626367
0.0003848485157885034
0.000299805210481679
0.0003933549725720501
0.00037977644989232057
0.00033387080933354316
0.0003377921077414015
0.00025314314080560117
0.0003579146159058995
0.00033707294083839255
0.00034205835507307924
0.0003487049250584572
0.00031479024933258487
0.000282797179942221
0.00035176128775369204
0.00035192947332153015
0.00039830122064064176
0.00030275159609168076
0.0003102741192084719
0.00028289388536970956
0.00030963345200817294
0.00032624282002634834
0.00029965339791373564
0.00034985456360842564
0.00031928365131123646
0.0003444337397806561
0.0003045968708910011
0.00031708456622256214
0.0003292335088933547
0.000294200564274398
0.0002954789423841395
0.00033304149486899345
0.00028652379124257976
0.0003387846921468858
0.00036871917048343335
0.00032048767752383147
0.0003192760779433991
0.00037139466773895857
0.0002826871420684461
0.0003252374400388686
0.0002802720247212159
0.00027247467795759586
0.00030558982674662796
0.0003044189227315506
0.0002994539308468129
0.0002871647654719873
0.00038551947922585124
0.0003377936170965922
0.0003552177827346467
0.0003182232455449064
0.00036887148562048827
0.00041421419168313165
0.00037300847140653054
0.0004161748220563358
0.0003815881083369302
0.00033580561715689265
0.0003386980705835095
0.0003500947680560631
0.00033163911737699403
0.00030106257272844757
0.00042367797142137635
0.0003249982339295162
0.0003357979846334523
0.00029660554462189454
0.00031986461159573244
0.000364222587293488
0.0003238784809214154
0.0004296691782778527
0.0003027623817064923
0.000322655051301919
0.00035532619233921036
0.0003351657294060405
0.0003399011154678274
0.0003922925068583485
0.0002927294079807192
0.00035192742407945307
0.00031319230166357786
0.0003457771473998365
0.0003896648296030519
0.00030465211407451897
0.0003349458751390179
0.0003593076516714215
0.00037459246505713276
0.00041860087456921467
0.0003422300957532335
0.0003399371088646253
0.0003069769656176646
0.0003910329481984658
0.0002449826775154404
0.0004249660243827589
0.00030561643265514097
0.0003584368819170143
0.0003155750890600552
0.0003482039739078455
0.00030945265941558
0.0003095681876505616
0.0003372521281508293
0.00028325066885581256
0.00032677841115219053
0.0003114693435772328
0.0003293833812265233
0.0002853079895213831
0.0003153783883483347
0.00033940098457325036
0.00027108368873290115
0.00028242349516147716
0.0003474070363545648
0.00028733898848675853
0.0002636376948754129
0.0003076676092688722
0.000290183878771628
0.000245642000446039
0.00028478470513678815
0.00024298662072917725
0.0003183799762402975
0.000273293981295857
0.00022046327142593027
0.00033612323160048046
0.00036955065828976104
0.00037049461242946204
0.00030287938345300046
0.0003149872948474261
0.00031198223446859594
0.0004063564152740558
0.00036057244327735767
0.00029978886634431627
0.00030661947643780994
0.000416588784685869
0.00037637318618688345
0.00027458844065784646
0.0002829626573515162
0.0002840431941937782
0.0003286625157825165
0.0002738947317445763
0.00035296340709921613
0.00030408221723936827
0.00033995508635070536
0.0003448578367911084
0.0002966577734143359
0.0002358138217341718
0.00033183013200478354
0.0003166465167997149
0.00033063362382425044
0.00036151856443981977
0.00033998645731372635
0.0003235822232876865
0.0002670983294190594
0.0004036422848978833
0.00043226524495320104
0.00033148511480299715
0.0003565326449692034
0.00030032560064575454
0.00032118053715310423
0.00031588620254901335
0.0003553082887243738
0.0003075472512722777
0.00025753571736649344
0.0003807734977230192
0.00034321426962954156
0.0003109643803134498
0.0003617243179506369
0.00027698157084703304
0.00031954898899570696
0.00030781658481820334
0.0003451900691990311
0.00037790155447539066
0.0003430419044866856
0.0003268211202467181
0.0003458639744998068
0.00043358194614841715
0.00032853557677189107
0.00033465637853346636
0.00032394111205414977
0.0002725201174755589
0.00029556483648174824
0.00026907696820442346
0.00029127379429726624
0.00034093811384805804
0.000316831711715207
0.00028445008307502164
0.00032102599101036823
0.00037215382231256056
0.0003883775676306056
0.00037644747360745634
0.00039288364240293435
0.0003480924781590508
0.00040230030194089516
0.00038017768533802444
0.0003050097562936317
0.000352940293881364
0.000297617797087289
0.00035700505737974926
0.00030218870409233446
0.00035017770006522933
0.0002837842884612486
0.00037040193223419985
0.0003082309347452189
0.0003400489734401926
0.000264134240044525
0.000273108154273482
0.00030423897192483637
0.0003098797236480944
0.00038664747410932103
0.00034183702590818207
0.00044138980418151997
0.00030305901959789687
0.00035524512421535715
0.0003865324954001876
0.0003397907367954006
0.0004075740720390419
0.00025094065846250263
0.0002720146549344904
0.0002930013382604071
0.00034272319295569576
0.000297645596365356
0.00026241388210489566
0.00027288622557252763
0.0002517335472316664
0.0002562574414554262
0.00029381288955017794
0.00025839673739928517
0.00029544389956325407
0.0002972096621377844
0.000303076823156214
0.0003314634955975119
0.0002943850517495095
0.0003243001051547485
0.000279414216518749
0.0003730453609877461
0.0003447417404972811
0.0003471513121695404
0.0003178433665097276
0.0003639892066737207
0.00032703398643206674
0.00037112959787711835
0.0003412293002670913
0.00035025827655611367
0.00034267065875481626
0.0003503052331611606
0.00039175971008927887
0.0002598283299952432
0.0002788615523360505
0.0003224117428955951
0.000271534744124542
0.00034079531973071463
0.0003264562430536807
0.00036233476707358045
0.00027463829287706587
0.0003513837499402243
0.000338922812462835
0.00036521819801712993
0.0004243460842016683
0.00038989552653945366
0.0003329118901085571
0.0003513614302276744
0.0003102666536830801
0.0003368400792951959
0.000284711360483886
0.0003247962384145182
0.00032517588926874125
0.000371547519986137
0.00033662632737289526
0.00028137828193403795
0.00039559092859745785
0.0002666894934625187
0.0002947451285708543
0.0003514874783040145
0.0003459707173565959
0.0003654984257182691
0.000365672064616542
0.00032755066683133816
0.00032471274255235424
0.00031040298114352503
0.0003669447765046839
0.0003061632625831392
0.00029723968034315256
0.0002475927515404528
0.0003781155525970974
0.00035114668339292335
0.00033434253995579097
0.0003472898651627349
0.0003286735506395185
0.00032388520715559335
0.00031788627159148956
0.00029653019886167266
0.00029400258949391963
0.0002381486410503365
0.000235974301000642
0.00029186428455365556
0.0003211345102620856
0.0002496057825045156
0.0002683274472831494
0.0002678204402989971
0.00029156376564832285
0.0002961986260198316
0.0003473628849920196
0.0002699908187548053
0.00035602349509605786
0.00023205813843141598
0.0002505523188703085
0.00023113195283230858
0.00030523383048192983
0.00030800759365845476
0.0002884119569311635
0.00030373206007033366
0.000271662577076295
0.00028350080634573444
0.0002535575000043845
0.0002586820046105706
0.0002570846356144436
0.0002817833750450328
0.0002400046414076953
0.00031178053750017084
0.00029658623840817536
0.0003712979559515892
0.0003160747906303003
0.0003099232472268267
0.00033524529252648233
0.00037225652337018433
0.0003178745811447153
0.0003580369476127187
0.00032483204031552386
0.0003128382099884949
0.00032488568213089036
0.00034154638104067766
0.00031388826511766904
0.00035197359391757793
0.0003825920357186761
0.000320812629698418
0.0003280115184299395
0.00032844952040796685
0.00029973505144681933
0.00035493374776804024
0.0002893434503224439
0.0003325000554980109
0.00032449262812655496
0.0003301168820962764
0.0002824496529357474
0.0003349722501356612
0.00037523725727211675
0.00033792637784980266
0.00029553385713641713
0.00029202666841632785
0.0003472669070768577
0.00030637325970129853
0.0003303474356420105
0.0004126016744630594
0.00039350842295658587
0.00030828973540310636
0.00031536666792239467
0.0003342117903936866
0.0003003576187233684
0.0004240870246988961
0.00028764515718112304
0.0003447754434904827
0.0002925247990131863
0.00035596784331224225
0.0002946431204082266
0.00030051441656360993
0.00037370884206104697
0.00037589957639056095
0.00038987930086392485
0.0003188359946931594
0.00034753560045061436
0.0003736108113271983
0.00032385191342207073
0.0003963442927621908
0.0003234079881811453
0.0003399534033276691
0.00030666967275476214
0.000305691976445601
0.0003462993122706628
0.00029065478178685194
0.0003517342199608392
0.00033114228943194925
0.00040071419167929856
0.000315824006824992
0.00033195173432241085
0.00027148699352626157
0.00031369391036394106
0.00034374085288356763
0.0003526703861235448
0.0003193893532872503
0.00034556252262703886
0.00029510985695932967
0.000281436593335976
0.00033969028929799677
0.0002760647166132499
0.0003095488711099463
0.00027665793905861784
0.0002984311345992807
0.00027113562459050777
0.000251213872429885
0.0002973602580054828
0.000244188941245278
0.00030776039662968685
0.00026722580576986815
0.0003135069807880021
0.0003033314137964454
0.00026922874501400464
0.0003102815196657587
0.0003299489354170412
0.0004137001723947062
0.0003259993432130859
0.00038646057829972607
0.0003843418295860678
0.00029484289496203793
0.00037411134462657944
0.0003057056294913682
0.00026532743777136965
0.00034666535064629224
0.00032578204667847797
0.00036561571095037595
0.0002904163433688489
0.0002986399323347058
0.00029550200438365897
0.00032870744296588334
0.0004154413960865474
0.00034658163167447254
0.00027221146860396115
0.00028832008794931965
0.0004308871327214569
0.0003122694583709931
0.00029268295605593304
0.0003181204442233518
0.0003635570145832103
0.00033903137257347793
0.00036295850335384193
0.0002722709977397906
0.0003467014116517018
0.00033041311139240745
0.00031889258532614225
0.00026446024125383847
0.00030851766023591955
0.0002681236472309845
0.0003554571243854626
0.0003218783195058066
0.0003132803430895909
0.0003474363537466002
0.0003551885023860519
0.0004179260460944945
0.0003062417277956445
0.0002847073837363002
0.00029717505909569405
0.0003424362601590633
0.0003296205904744604
0.00040828209392665047
0.00029173481418031495
0.0003766647209908737
0.000360096776562625
0.0003067809952143571
0.00033432670351974205
0.0003810969328569984
0.0003160090371667962
0.00030098221586009416
0.00034554879504274436
0.00045132690118841143
0.0003754092506456181
0.00031555666886670154
0.0004141973093628765
0.0003123569644693992
0.00043122557734839
0.00025977606209700264
0.0003644333848209877
0.0003859817889244341
0.0003143283341038861
0.000336451351317338
0.0003270399138094916
0.0004554095981804205
0.0003092983305200564
0.0003349865881646723
0.0003847532799790766
0.00037153942728345145
0.00033339511548974114
0.0002571565386677209
0.0003941928188071692
0.00027625837549967035
0.0002570236960929292
0.00036211072871579253
0.00034402679440844017
0.00037984775078571295
0.00038455908500880607
0.00032816791587951283
0.00031900826749767594
0.00026976774320545645
0.0002865802306249704
0.00032505967001742115
0.00028766075088923774
0.00036801742347743795
0.0003276630615717034
0.00026035974305812804
0.0002937779673958946
0.00031021487033706333
0.0003620396049249754
0.0002704176355212363
0.0002976278262717012
0.00034459701298870986
0.00034531242373668253
0.0003357183667893001
0.00022756035384582885
0.00037589529087894545
0.00038752004077515363
0.0003485866715833191
0.00037019953658425157
0.0003354718129787994
0.0003272438870307957
0.00026968762477661435
0.0002793758331642637
0.00031160582482520245
0.00030983080336706583
0.0003365488531940792
0.0002647872336395185
0.0003041044813961791
0.00036946235165792894
0.0003880939243732141
0.00036378704968115314
0.00039298509021746
0.0003982213021553597
0.00036327569115290615
0.00026874780032613344
0.00039506057890273166
0.00032588993769240614
0.00035088049835685955
0.00029681260194389705
0.00034884635197221124
0.00036279924070144756
0.00027379417470918207
0.00026091674481608
0.00031306775778277944
0.0003433363588392221
0.0003586394336395572
0.00040872334485293017
0.00033920791008223685
0.00037016875503147146
0.00038590507507450713
0.00041001599802602284
0.00034066170596724947
0.00039252579695102537
0.00028761409420983714
0.00038419179158940555
0.0003435027430761265
0.00038907126681488513
0.00031533042574863275
0.0003443151014808518
0.0003386810950928295
0.00031356888617147286
0.000354987118639548
0.00032861919485103076
0.0002990366939554647
0.00038109064658840993
0.00038061285901284784
0.00030620926705483565
0.00031088907168084665
0.0003247005969483497
0.0003202991420058874
0.0003663806688652884
0.00040681209369513856
0.00034223742545954136
0.00036955228278854886
0.0003034398104253357
0.0003514195177710646
0.00034287169242548074
0.00027235108093443347
0.0003328779982036612
0.0003784625366807185
0.00040256935898233255
0.0003121546776820682
0.00032374069629726874
0.00033915577834142506
0.0003326889251869453
0.0003210783858286831
0.00037761474050023537
0.0003597968549069973
0.00034778683272062
0.00036595104965299324
0.0003967622249353476
0.0004706876725240396
0.00044099873844209237
0.00032348117786837284
0.0002965958593194112
0.00037213856203813066
0.0003848470389819065
0.0004407482678971197
0.0003132958703540945
0.0003480162834574275
0.00036600138528705364
0.0004140311622439898
0.00027448340389480595
0.0004060008957916902
0.0003620826034004251
0.0003205459276281613
0.0003320371686568363
0.00027453163375299155
0.00036806917726256563
0.00035099799235269787
0.00032696920620566147
0.00036592502665445774
0.00033396389847753776
0.000255118753031432
0.0003693013267882152
0.0003100518072778613
0.00033438733933772275
0.00041848908077137643
0.0003934025454920591
0.0004073758338831615
0.00030757953038210227
0.00029767270612631906
0.0003476654214411362
0.00029743123692550495
0.0003155241281847319
0.0003439489915497165
0.00034719359080440744
0.0003574627257754112
0.00034934545950839643
0.0003019879923473985
0.0002734831945364809
0.0002859520944164235
0.00039582306582528295
0.0003227182263504811
0.00028007795048706085
0.00030780856489426094
0.00031238334769414193
0.00030462637284589376
0.00036003579580611743
0.0003210720676739609
0.0002979706581668846
0.0003501834584764798
0.00035504979493481835
0.0002812012013788483
0.0003576748939516002
0.00030483187872385923
0.00036945990872205067
0.00028842383452942506
0.0004790466677444898
0.00045229570000198717
0.0003635796072243944
0.00034261348203043425
0.00031580374446574813
0.00039601007527120536
0.00036467017768453743
0.0003623781269402115
0.00034583375560634305
0.00036749283747169076
0.00036550113205276126
0.00035673866613232974
0.0002994804370328405
0.0004047908467941233
0.00038809384760836343
0.00040117263611547387
0.0003539216814480086
0.0004283647243106683
0.0003746900449385231
0.0004270267721493778
0.00043996143532298117
0.00040891656219115675
0.0004138570035330199
0.00033671500525665207
0.0003617835218175566
0.00039362337903908827
0.00040101856623075895
0.00030934568299762513
0.00034011662695670737
0.00037915419314786417
0.00030172579447632585
0.0003419825100849721
0.00036685689813865843
0.00031079029803845017
0.00027658628696472666
0.00029628108547464106
0.00031373319101246665
0.00027682265740458343
0.0003456335150772836
0.0003157446483551344
0.0002689936825018526
0.00032187865242800805
0.00034857439150159616
0.0003660797712365473
0.00036097463782311503
0.00029572290309281635
0.000269547412718338
0.0003081376952016588
0.00025189441242327247
0.000334922244012348
0.0002658602655663819
0.0002928807192561523
0.0003533928975995075
0.0003745695731836686
0.00035259833013386434
0.000328755605240523
0.0003196837399748877
0.0002597234246183785
0.0003458032980316015
0.00036956795095839776
0.0003794456236327076
0.00040517672887665184
0.0003202005151569514
0.0004198510004527485
0.0004337528186925566
0.00038854389063341455
0.0003343700209754947
0.00030069128035389175
0.000365851754436744
0.0003278615658844942
0.00039121452299908195
0.0003370836976022114
0.000297439607400567
0.0003577534820711155
0.00034989165569200104
0.00042771511541521944
0.000393113647453643
0.0003047917937825468
0.00034781322853243813
0.00033182114555463745
0.0003222098366970613
0.00034274681651789263
0.000264211335384091
0.00034827703036017626
0.00035824105093071746
0.0003088491049565669
0.00032628307659320245
0.00037884138691334244
0.0003204868002803423
0.00037975334022048496
0.00035471564774001784
0.0003707843219325243
0.000333343570585353
0.00033304262947859607
0.000351010534013751
0.00033797661890633057
0.00029541644383496726
0.0003635540260047795
0.0003686859095426862
0.0003421022432463022
0.00028554092010392445
0.00029242112198907933
0.0003379568267609735
0.00030807500631693395
0.0003162750016427276
0.0003012348186737077
0.00030426799692776516
0.00031756047775761194
0.00040354164114427785
0.00038505095104552863
0.00035247859793501317
0.0003194446858739384
0.00035219053412596394
0.0003410776876748579
0.00032625609902310956
0.00036684536021894617
0.0003975604717361325
0.00037848159167136697
0.000386019984985107
0.0003134293248935414
0.00035817159414719565
0.00037940883711418973
0.00030631087215397823
0.00026551694445072556
0.00025765723418197064
0.0002732150525160105
0.0003012884935428616
0.00029296788226893693
0.00031974032777137644
0.00029745134163644804
0.0002899904395470928
0.00029454713802130455
0.00027900501245890167
0.0003857018702322574
0.0003900652329832024
0.00039396373602235585
0.00028147159452914205
0.0003841423797688327
0.00032170326799768205
0.0003517108433756903
0.00039554165777025896
0.00028854017914833885
0.0003505681955186743
0.0002950222755456283
0.0002884891316688488
0.000322454678985641
0.0003567158640391966
0.0003552614807792689
0.0003070533089790188
0.00030793590383691467
0.000286195950843677
0.00036391078064437564
0.00027117168778862646
0.0003349520928818496
0.00037757358124592186
0.0003752256816545068
0.00028299392047816195
0.00038991945603386645
0.00028915222194470994
0.00029864153461199393
0.00029748118652812367
0.00032079039084510004
0.00032183560997893257
0.0003255762532884523
0.00027721509756014956
0.00028642893646055074
0.0003661463285070328
0.000396926098153944
0.0003256597814469815
0.0003709541277419142
0.0003454679729290621
0.00033551596952971046
0.0003884608851246184
0.0003826449369523427
0.00038913860891282877
0.0003860270269440554
0.0004033421599053847
0.0003236425437988449
0.00038486175681242524
0.00034497073110279137
0.00036057459495497657
0.00033718884888644804
0.00033668687080233903
0.00043278280049621716
0.00034278827293595716
0.0003518066356365254
0.0003542621060982501
0.0003874143574301692
0.00041158025516075807
0.0004333278844209287
0.00032978709383672713
0.0003419997809371245
0.000386906384722058
0.000367785647276852
0.0003037926363469383
0.0003262303596609227
0.0003215331892818527
0.00026946224135675743
0.0002610678393151992
0.0003661839683581373
0.000362016055563634
0.00033038454243790126
0.0003699843430238462
0.00033537169305214985
0.0002859099172325805
0.0003766098331909459
0.000359244459497873
0.000354910383996224
0.0003011094088143968
0.0003423221747647698
0.0003261735843966247
0.00033396313403015324
0.00030182820737831376
0.0003408137214755455
0.00031103766422586757
0.0003685550102819938
0.00039459495325354545
0.0004098766795369038
0.00033540191385005854
0.00037254864383029447
0.0003367878795192044
0.0003725418182940907
0.00030354077704687247
0.0002893710392667873
0.0003445497531550851
0.00035669744935177275
0.0002895083481410981
0.00041585897128775407
0.0003798214444684702
0.0004291878506729935
0.0002901305399091135
0.0003576138740424694
0.00036619296966664786
0.00031824388952010163
0.0003214542383559869
0.00035414104565587907
0.00032479495874003544
0.00030316793120455636
0.00032517749931060253
0.00031055694684744954
0.0002560113231272184
0.00031757031120047537
0.0004032940135176938
0.0003200200123973947
0.00028416431742395035
0.0003268022198864541
0.0003185444518906112
0.00027816742376053513
0.00027442487554074093
0.00035345010483332903
0.0003404944817110636
0.0003060763506087054
0.0003950720188850965
0.0004206750286265259
0.00037405689852052653
0.0003649160170368284
0.0003405300874813355
0.00035779728356481874
0.00043656809920034035
0.00031208116968605164
0.00031326929273929843
0.0003516026660418039
0.00030303966250851296
0.0003904284937174816
0.0003649003668357898
0.0002854150111923309
0.0002468062498608686
0.0003503737469878442
0.000325464204888188
0.00032010693800265874
0.0003462302626657446
0.00039845681552875
0.0004055934891901594
0.00034156785852648854
0.0003073597276268381
0.00041995696790621246
0.00036284226505872697
0.0004082685731258628
0.00034823112615502735
0.00035954342541206835
0.00032734872657232247
0.000308647190801685
0.0004188291418275694
0.00040521134424551544
0.0003771630907566091
0.0003232149385687438
0.00030839994289479897
0.0003834955116468121
0.0003675952986615945
0.0004472056502486825
0.0003585863102484242
0.0005139130369628791
0.00030301986694512937
0.0003826153245561765
0.0003224328161229651
0.00033833063492036777
0.000313175510939886
0.0003321310220690935
0.00036474050681012155
0.0003495254254977517
0.00033581011160135676
0.0004432059487530366
0.0003553855011154949
0.00035179087017063937
0.0003814706077140597
0.00028330880889461293
0.0003916308558319933
0.000343471178666207
0.0003668911603484199
0.000391032326284174
0.00033372813877182805
0.00030740528443406654
0.0003382367494246801
0.00029630179683293097
0.00034365297969351556
0.0002616823198173073
0.0003328190356462136
0.000361737569071785
0.00031523486127746586
0.0002916024179664327
0.0003724584287560075
0.0003001305416189494
0.0003194809936604462
0.0003514502190859311
0.0002834573251797096
0.0003563948474860868
0.00030161599066218464
0.00027693121584542704
0.0002859701378308821
0.0002787210826594304
0.0003283835065664034
0.0004090626285396036
0.00042936768342872236
0.00039980193472240145
0.0003506613190056845
0.00039050359109415127
0.0003541390200857343
0.00026553351552961035
0.0003112542755986723
0.0003064356586879936
0.00028995418943192976
0.0003576787575641903
0.0003378368261976485
0.00031445479964383393
0.00037652015042829805
0.0003489221784731827
0.0003753232983136641
0.0003286670039317841
0.00036383055948331037
0.0003739143881462254
0.0003282250770029275
0.00029160185166840415
0.0002895351443511368
0.00027023549387435923
0.00031032894803207403
0.0003634767044506698
0.00034772639142495795
0.0003912107237354428
0.0003823897606602573
0.00033968524895577494
0.00030538046198408836
0.0003429434033947343
0.00041874236419730377
0.0003257596501088542
0.0003586996908566168
0.00031923250237688534
0.0003640079682378424
0.00029853719238143384
0.0003556167481089368
0.0003096426388805404
0.00026349718011923557
0.00026914869706974907
0.0002554587314973374
0.0002827378410327117
0.0004069900396350036
0.00041733002754428125
0.000350030231450278
0.0003936796011985744
0.000298703497144635
0.0003220112792306608
0.00037215975089145936
0.0004482408236427398
0.0004351033839470455
0.00035624497253820294
0.00032430026786942816
0.00032213784152968156
0.00034629842239965056
0.00031737414771832644
0.0003096550738939491
0.00032585769695184734
0.00031952752686239546
0.0003497653328830977
0.00032545618990570716
0.00030175763268730434
0.00032302146318900906
0.0003321143384212647
0.0003960329166237614
0.00038444785627110155
0.00039964171900016806
0.00031442643923020866
0.000328706922492853
0.00028360214240495413
0.00027645670026804815
0.00029389457456931156
0.0003521910822936606
0.00029366767047454725
0.00029438622240965487
0.0003800682868348561
0.0004068085185349732
0.00044560125825297
0.0002719988040093081
0.0003198302233399089
0.0003600498428653667
0.00030705883321716836
0.00031959293928070844
0.00036907530797359797
0.00039422169497801225
0.0002884653060360763
0.0002854026837059886
0.0003030171182779139
0.0002760797181836738
0.0003278653769289826
0.0003034158312507295
0.00032987692371324673
0.00030940229174961277
0.0002908158713016928
0.0003772618112516934
0.0003265726699330961
0.00031203131965173525
0.00032681195778918595
0.0002956469058004677
0.0002797033944825299
0.0003297145492880061
0.0003452161743838899
0.00029506576759341744
0.00031646567301250406
