count      fraction               similarity             nclusters  e1--0 d1--0 z1--0 y1--0 x1--0 d2--0 e2--0 x2--0 z2--0 e1--1 d1--1 z1--1 y1--1 x1--1 d2--1 e2--1 x2--1 z2--1 
4320       0.5960264900662252     5236.84967320264       5          1    2    3    4    5    2    1    5    3    1    2    3    4    5    2    1    5    3    
1718       0.23703090507726268    1973.9869281045756     4          1    1    2    3    4    1    1    4    2    1    1    2    3    4    1    1    4    2    
438        0.060430463576158944   927.856209150327       6          1    2    3    4    5    2    1    6    3    1    2    3    4    5    2    1    6    3    
102        0.014072847682119206   490.2745098039186      7          3    4    5    6    1    4    3    7    5    3    4    5    6    2    4    3    7    5    
116        0.016004415011037526   390.63398692810244     6          2    3    4    5    1    3    2    6    4    2    3    4    5    6    3    2    6    4    
10         0.0013796909492273732  270.5555555555552      6          1    2    4    5    6    3    1    6    4    1    2    4    5    6    3    1    6    4    
77         0.010623620309050773   255.0980392156855      4          1    2    3    3    4    2    1    4    3    1    2    3    3    4    2    1    4    3    
121        0.016694260485651213   255.0457516339862      3          1    1    2    2    3    1    1    3    2    1    1    2    2    3    1    1    3    2    
124        0.017108167770419427   195.88888888888903     6          2    3    4    5    6    3    2    6    4    2    3    4    5    1    3    2    6    4    
1          1.379690949227373E-4   187.51633986928107     7          1    2    3    5    6    2    1    7    4    1    2    3    5    6    2    1    7    4    
84         0.011589403973509934   143.797385620915       5          1    1    2    3    4    1    1    5    2    1    1    2    3    4    1    1    5    2    
38         0.0052428256070640175  72.35294117647057      6          2    3    4    5    6    3    2    6    4    2    3    4    5    6    1    2    6    4    
32         0.004415011037527594   60.22222222222222      5          2    2    3    4    5    2    2    5    3    2    2    3    4    1    2    2    5    3    
1          1.379690949227373E-4   32.235294117647065     5          2    3    4    4    1    3    2    5    4    2    3    4    4    5    3    2    5    4    
2          2.759381898454746E-4   31.87581699346406      6          1    2    3    5    6    2    1    6    4    1    2    3    5    6    2    1    6    4    
1          1.379690949227373E-4   31.575163398692812     7          3    4    5    6    7    4    3    1    5    3    4    5    6    2    4    3    7    5    
6          8.278145695364238E-4   29.40522875816994      6          1    3    4    5    6    3    2    6    4    1    3    4    5    6    3    2    6    4    
17         0.002345474613686534   28.69281045751634      5          2    2    3    4    1    2    2    5    3    2    2    3    4    5    2    2    5    3    
2          2.759381898454746E-4   25.13071895424837      8          4    5    6    7    1    5    4    8    6    4    5    6    7    2    3    4    8    6    
6          8.278145695364238E-4   23.176470588235297     7          2    3    4    5    6    3    2    7    4    2    3    4    5    6    1    2    7    4    
1          1.379690949227373E-4   20.529411764705884     6          3    4    5    5    1    4    3    6    5    3    4    5    5    2    4    3    6    5    
1          1.379690949227373E-4   16.3202614379085       7          3    4    5    6    7    4    3    7    5    3    4    5    6    1    4    3    2    5    
2          2.759381898454746E-4   16.143790849673202     7          3    4    5    6    1    4    3    7    5    3    4    5    6    7    2    3    7    5    
1          1.379690949227373E-4   14.124183006535949     6          2    3    4    5    6    1    2    6    4    2    3    4    5    6    3    2    6    4    
1          1.379690949227373E-4   11.444444444444445     4          1    1    2    2    3    1    1    4    2    1    1    2    2    3    1    1    4    2    
1          1.379690949227373E-4   11.23529411764706      7          2    4    5    6    7    4    3    7    5    2    4    5    6    7    1    3    7    5    
1          1.379690949227373E-4   11.169934640522877     5          2    3    4    4    5    3    2    5    4    2    3    4    4    1    3    2    5    4    
9          0.0012417218543046358  10.882352941176471     6          3    3    4    5    1    3    3    6    4    3    3    4    5    2    3    3    6    4    
1          1.379690949227373E-4   10.294117647058824     5          1    2    3    3    4    2    1    5    3    1    2    3    3    4    2    1    5    3    
1          1.379690949227373E-4   9.555555555555555      7          1    2    4    5    6    3    1    7    4    1    2    4    5    6    3    1    7    4    
2          2.759381898454746E-4   7.73202614379085       7          1    3    4    5    6    3    2    7    4    1    3    4    5    6    3    2    7    4    
1          1.379690949227373E-4   7.699346405228759      6          1    2    3    4    5    2    1    5    3    1    2    3    4    6    2    1    6    3    
1          1.379690949227373E-4   6.758169934640524      6          2    3    4    5    6    3    2    6    4    2    3    4    5    6    3    2    1    4    
1          1.379690949227373E-4   5.745098039215686      6          1    2    3    4    5    2    1    6    3    1    2    3    4    6    2    1    5    3    
1          1.379690949227373E-4   3.8758169934640523     8          4    5    6    7    8    5    4    1    6    4    5    6    7    8    2    4    3    6    
1          1.379690949227373E-4   2.830065359477124      4          1    2    3    4    4    2    1    4    3    1    2    3    4    4    2    1    4    3    
2          2.759381898454746E-4   2.0                    7          3    4    5    6    7    4    3    1    5    3    4    5    6    7    4    3    2    5    
1          1.379690949227373E-4   1.9869281045751634     4          2    2    3    3    1    2    2    4    3    2    2    3    3    4    2    2    4    3    
1          1.379690949227373E-4   1.0                    2          1    1    2    2    2    1    1    2    2    1    1    2    2    2    1    1    2    2    
1          1.379690949227373E-4   1.0                    5          3    3    4    4    1    3    3    5    4    3    3    4    4    2    3    3    5    4    
1          1.379690949227373E-4   1.0                    5          2    3    4    4    5    3    2    5    4    2    3    4    4    5    1    2    5    4    

