count      fraction               similarity             nclusters  e1--0 d1--0 z1--0 y1--0 x1--0 d2--0 e2--0 x2--0 z2--0 e1--1 d1--1 z1--1 y1--1 x1--1 d2--1 e2--1 x2--1 z2--1 
9663       0.8887969094922737     10808.405228758023     5          1    2    3    4    5    2    1    5    3    1    2    3    4    5    2    1    5    3    
55         0.005058866813833701   1126.8627450980523     6          2    3    4    5    6    3    2    6    4    2    3    4    5    6    3    2    6    1    
706        0.0649374540103017     1084.091503267975      6          2    3    4    5    6    3    2    6    4    2    3    4    5    1    3    2    6    4    
17         0.0015636497424576896  1073.6928104575297     6          2    3    4    5    6    3    2    6    4    2    3    4    5    6    1    2    6    4    
17         0.0015636497424576896  374.10457516339716     7          3    4    5    6    7    4    3    7    5    3    4    5    6    1    4    3    2    5    
10         9.19793966151582E-4    359.1437908496722      7          3    1    5    6    7    4    3    7    5    3    4    5    6    2    4    3    7    5    
7          6.438557763061074E-4   347.9019607843135      7          2    3    5    6    7    4    2    7    5    2    4    5    6    1    3    2    7    5    
57         0.0052428256070640175  345.20915032679727     6          1    2    4    5    6    3    1    6    4    1    3    4    5    6    2    1    6    4    
1          9.19793966151582E-5    337.97385620914963     7          2    3    4    6    7    3    2    7    4    2    3    5    6    1    3    2    7    5    
62         0.005702722590139809   290.81699346405173     6          2    3    4    5    6    3    1    6    4    2    3    4    5    6    3    2    6    4    
4          3.679175864606328E-4   229.04575163398667     6          1    2    3    5    6    2    1    6    3    1    2    4    5    6    2    1    6    4    
13         0.0011957321559970568  224.58823529411765     6          1    2    3    4    5    2    1    5    3    1    2    3    4    6    2    1    6    3    
1          9.19793966151582E-5    210.66666666666623     7          3    1    5    6    7    4    3    7    5    3    4    2    6    7    4    3    7    5    
8          7.358351729212656E-4   209.6601307189539      7          3    1    5    6    7    4    3    7    5    3    4    5    6    7    2    3    7    5    
1          9.19793966151582E-5    207.49673202614377     8          4    1    6    7    8    5    4    8    6    4    5    2    7    8    3    4    8    6    
1          9.19793966151582E-5    204.34640522875762     8          2    3    5    6    7    4    2    7    5    2    4    1    6    8    3    2    8    5    
57         0.0052428256070640175  204.13071895424835     6          2    1    4    5    6    3    2    6    4    2    3    4    5    6    3    2    6    4    
6          5.518763796909492E-4   145.84967320261416     7          3    4    5    6    7    4    1    7    5    3    4    5    6    2    4    3    7    5    
35         0.0032192788815305373  143.35294117647058     6          1    2    3    5    6    2    1    6    4    1    2    3    5    6    2    1    6    4    
12         0.0011037527593818985  108.75163398692793     6          2    3    1    5    6    3    2    6    4    2    3    4    5    6    3    2    6    4    
7          6.438557763061074E-4   96.93464052287568      6          2    3    4    5    6    3    2    6    4    2    3    1    5    6    3    2    6    4    
15         0.0013796909492273732  90.50980392156856      6          1    3    4    5    6    3    2    6    4    2    3    4    5    6    3    2    6    4    
7          6.438557763061074E-4   75.73202614379073      6          2    3    4    5    6    3    2    6    1    2    3    4    5    6    3    2    6    4    
6          5.518763796909492E-4   68.79738562091498      7          3    4    5    7    6    4    3    6    5    3    4    5    7    1    4    3    6    2    
3          2.759381898454746E-4   62.41830065359473      7          2    3    4    6    7    3    2    7    5    2    3    5    6    1    3    2    7    4    
1          9.19793966151582E-5    59.555555555555515     7          3    4    5    6    7    4    3    7    1    3    4    5    6    7    4    3    2    5    
1          9.19793966151582E-5    58.816993464052246     7          3    4    5    6    7    1    3    7    5    3    4    5    6    2    4    3    7    5    
1          9.19793966151582E-5    58.2287581699346       6          2    3    4    5    6    3    2    6    4    2    1    4    5    6    3    2    6    4    
5          4.59896983075791E-4    56.95424836601304      7          3    4    5    6    7    4    3    7    5    3    4    5    6    1    2    3    7    5    
6          5.518763796909492E-4   52.55555555555553      6          1    3    4    5    6    3    1    6    4    2    3    4    5    6    3    2    6    4    
1          9.19793966151582E-5    46.496732026143775     7          3    4    5    6    7    4    3    7    5    3    4    1    6    7    4    3    7    2    
1          9.19793966151582E-5    45.30065359477122      7          3    4    5    6    7    4    1    7    5    3    4    5    6    7    4    3    7    2    
2          1.839587932303164E-4   44.49673202614377      7          3    1    5    6    7    4    3    7    5    3    4    5    6    7    4    3    7    2    
1          9.19793966151582E-5    42.228758169934636     7          2    3    5    6    7    4    2    7    5    2    4    5    6    7    3    2    7    1    
4          3.679175864606328E-4   41.86928104575161      6          1    2    4    5    6    3    1    6    4    1    2    4    5    6    3    1    6    4    
35         0.0032192788815305373  37.94117647058823      4          1    1    2    3    4    1    1    4    2    1    1    2    3    4    1    1    4    2    
1          9.19793966151582E-5    37.88235294117647      7          3    4    1    6    7    4    3    7    5    3    4    5    6    7    4    3    7    2    
2          1.839587932303164E-4   37.15686274509804      6          2    3    4    5    6    1    2    6    4    2    3    4    5    6    3    2    6    4    
1          9.19793966151582E-5    35.24183006535947      6          1    3    4    5    6    3    2    6    4    1    3    4    5    6    3    2    6    4    
1          9.19793966151582E-5    34.084967320261434     7          1    4    5    6    7    4    3    7    5    3    4    5    6    7    4    3    7    2    
4          3.679175864606328E-4   33.411764705882355     7          1    4    5    6    7    4    3    7    5    3    4    5    6    2    4    3    7    5    
7          6.438557763061074E-4   28.99346405228758      6          2    3    4    5    6    3    2    6    4    2    3    4    5    6    3    2    1    4    
1          9.19793966151582E-5    27.261437908496735     8          1    5    6    7    8    5    4    8    6    4    5    6    7    2    5    4    8    3    
2          1.839587932303164E-4   21.771241830065364     7          2    3    4    6    7    3    2    7    5    2    3    4    6    1    3    2    7    5    
1          9.19793966151582E-5    19.77777777777778      8          5    6    1    7    8    6    5    8    2    5    6    3    7    8    6    5    8    4    
1          9.19793966151582E-5    18.88235294117647      7          3    4    1    6    7    4    3    7    5    3    4    2    6    7    4    3    7    5    
1          9.19793966151582E-5    15.941176470588237     8          4    5    6    7    8    5    4    8    1    4    5    6    7    2    5    4    8    3    
2          1.839587932303164E-4   15.823529411764708     4          1    2    3    3    4    2    1    4    3    1    2    3    3    4    2    1    4    3    
4          3.679175864606328E-4   15.490196078431374     6          2    3    4    5    6    3    2    1    4    2    3    4    5    6    3    2    6    4    
5          4.59896983075791E-4    11.62091503267974      6          2    3    4    5    6    3    2    6    4    1    3    4    5    6    3    2    6    4    
1          9.19793966151582E-5    6.712418300653595      7          2    1    4    5    6    3    2    6    4    2    3    4    5    7    3    2    7    4    
1          9.19793966151582E-5    5.647058823529412      7          3    4    5    6    7    4    3    7    1    3    4    5    6    7    4    3    7    2    
2          1.839587932303164E-4   4.810457516339869      7          1    2    5    6    7    4    3    7    5    3    4    5    6    7    4    3    7    5    
2          1.839587932303164E-4   2.9607843137254903     5          2    2    3    4    5    2    2    5    3    2    2    3    4    1    2    2    5    3    
1          9.19793966151582E-5    2.928104575163399      6          1    2    3    4    5    2    1    6    3    1    2    3    4    6    2    1    5    3    
1          9.19793966151582E-5    1.9411764705882353     7          3    4    5    6    1    4    3    7    5    3    4    5    6    2    4    3    7    5    
1          9.19793966151582E-5    1.0                    5          2    2    3    4    5    2    2    5    3    2    2    3    4    5    2    2    5    1    
1          9.19793966151582E-5    1.0                    8          4    1    6    7    8    5    4    8    6    4    5    6    7    8    2    4    3    6    

