count      fraction               similarity             nclusters  e1--0 d1--0 z1--0 y1--0 x1--0 d2--0 e2--0 x2--0 z2--0 e1--1 d1--1 z1--1 y1--1 x1--1 d2--1 e2--1 x2--1 z2--1 
5129       0.7420428240740741     6820.137254901994      5          1    2    3    4    5    2    1    5    3    1    2    3    4    5    2    1    5    3    
18         0.0026041666666666665  6701.326797386173      6          1    2    3    4    5    2    1    5    3    1    2    3    4    6    2    1    6    3    
1275       0.18446180555555555    1693.0392156862786     6          2    3    4    5    6    3    2    6    4    2    3    4    5    1    3    2    6    4    
2          2.8935185185185184E-4  1679.7058823529776     7          3    4    5    6    1    4    3    2    5    3    4    5    6    7    4    3    7    5    
22         0.00318287037037037    1678.9477124183438     6          2    3    4    5    1    3    2    6    4    2    3    4    5    6    3    2    6    4    
37         0.00535300925925926    412.75816993463917     6          2    3    4    5    6    3    2    6    4    2    3    4    5    6    3    1    6    4    
10         0.0014467592592592592  375.64052287581586     6          1    3    4    5    6    3    2    6    4    2    3    4    5    6    3    2    6    4    
102        0.014756944444444444   373.08496732026146     6          1    2    3    4    5    2    1    6    3    1    2    3    4    6    2    1    5    3    
38         0.005497685185185185   271.3660130718952      7          3    4    5    6    7    4    3    1    5    3    4    5    6    2    4    3    7    5    
5          7.233796296296296E-4   232.20915032679733     7          1    4    5    6    7    4    3    7    5    3    4    5    6    2    4    3    7    5    
37         0.00535300925925926    229.90196078431345     7          3    4    1    6    7    4    3    7    5    3    4    5    6    2    4    3    7    5    
54         0.0078125              191.87581699346399     6          2    3    1    5    6    3    2    6    4    2    3    4    5    6    3    2    6    4    
1          1.4467592592592592E-4  191.66666666666643     8          5    6    1    2    8    6    5    8    7    5    6    7    3    4    6    5    8    7    
1          1.4467592592592592E-4  189.00653594771202     8          4    5    1    7    8    5    4    8    6    4    5    6    7    2    5    3    8    6    
21         0.0030381944444444445  139.66666666666646     7          3    4    5    6    7    4    3    7    5    3    4    5    6    1    4    3    2    5    
5          7.233796296296296E-4   119.21568627450968     6          3    4    5    1    6    4    3    6    5    3    4    5    2    6    4    3    6    5    
3          4.3402777777777775E-4  112.32679738562085     6          1    2    3    5    6    2    1    6    3    1    2    4    5    6    2    1    6    4    
8          0.0011574074074074073  110.13725490196069     7          1    4    5    6    7    4    3    7    5    3    4    5    6    7    4    2    7    5    
1          1.4467592592592592E-4  109.35294117647052     6          1    2    3    5    6    2    1    6    4    1    2    3    5    6    2    1    6    4    
16         0.0023148148148148147  102.92156862745094     6          2    3    4    5    6    3    2    1    4    2    3    4    5    6    3    2    6    4    
7          0.0010127314814814814  86.69934640522862      6          2    3    4    5    6    3    2    6    4    2    3    4    5    6    1    2    6    4    
2          2.8935185185185184E-4  79.62091503267963      6          2    3    4    5    6    3    2    6    4    2    1    4    5    6    3    2    6    4    
1          1.4467592592592592E-4  77.43790849673192      7          2    3    4    5    6    3    2    7    4    2    3    4    5    7    1    2    6    4    
3          4.3402777777777775E-4  77.24183006535942      8          5    6    7    8    1    6    5    2    7    5    6    7    8    3    6    5    4    7    
7          0.0010127314814814814  73.67973856209147      6          1    2    4    5    6    3    1    6    4    1    3    4    5    6    2    1    6    4    
2          2.8935185185185184E-4  67.0653594771241       7          2    3    5    6    7    4    2    7    5    2    4    5    6    1    3    2    7    5    
12         0.001736111111111111   66.40522875816991      6          1    3    4    5    6    3    2    6    4    2    3    4    5    6    3    1    6    4    
1          1.4467592592592592E-4  53.64052287581696      6          2    1    4    5    6    3    2    6    4    2    3    4    5    6    3    2    6    4    
1          1.4467592592592592E-4  53.00653594771238      7          3    4    1    6    7    4    3    7    5    3    4    5    6    7    4    2    7    5    
3          4.3402777777777775E-4  52.888888888888864     7          3    4    5    6    1    4    3    7    5    3    4    5    6    2    4    3    7    5    
14         0.002025462962962963   49.542483660130685     7          3    4    5    6    7    4    3    7    5    3    4    5    6    1    4    2    7    5    
1          1.4467592592592592E-4  48.797385620915        8          1    5    6    7    8    5    4    2    6    4    5    6    7    3    5    4    8    6    
29         0.004195601851851852   35.843137254901954     4          1    1    2    3    4    1    1    4    2    1    1    2    3    4    1    1    4    2    
8          0.0011574074074074073  35.535947712418306     7          2    4    5    6    7    4    3    7    5    3    4    5    6    1    4    2    7    5    
1          1.4467592592592592E-4  27.300653594771244     6          2    3    4    5    6    1    2    6    4    2    3    4    5    6    3    2    6    4    
1          1.4467592592592592E-4  26.627450980392158     7          3    4    5    6    7    4    3    7    5    3    4    5    6    7    4    1    2    5    
1          1.4467592592592592E-4  24.620915032679743     7          3    4    5    6    7    4    3    7    5    3    4    5    6    1    2    3    7    5    
1          1.4467592592592592E-4  24.48366013071896      8          4    5    1    7    8    5    4    8    6    4    5    6    7    2    3    4    8    6    
3          4.3402777777777775E-4  23.90196078431373      7          3    4    5    6    1    4    3    7    5    3    4    5    6    7    4    3    2    5    
1          1.4467592592592592E-4  20.823529411764707     7          2    3    1    5    6    3    2    7    4    2    3    4    5    7    3    2    6    4    
1          1.4467592592592592E-4  19.065359477124183     8          4    5    6    7    8    5    4    8    6    4    5    6    7    1    5    2    3    6    
1          1.4467592592592592E-4  17.686274509803923     8          3    4    1    7    8    4    3    8    6    3    5    6    7    2    5    3    8    6    
1          1.4467592592592592E-4  17.143790849673206     7          2    3    4    5    6    3    2    7    4    2    3    4    5    7    3    1    6    4    
1          1.4467592592592592E-4  16.117647058823533     8          4    5    1    7    8    5    4    2    6    4    5    6    7    3    5    4    8    6    
1          1.4467592592592592E-4  14.15686274509804      8          1    5    2    7    8    5    4    8    6    4    5    6    7    3    5    4    8    6    
1          1.4467592592592592E-4  14.111111111111114     8          4    5    1    7    2    5    4    8    6    4    5    6    7    8    5    4    3    6    
1          1.4467592592592592E-4  13.130718954248367     7          1    3    5    6    7    4    2    7    5    2    4    5    6    7    3    1    7    5    
1          1.4467592592592592E-4  12.163398692810459     9          6    7    8    9    1    7    6    2    8    6    7    8    9    3    4    6    5    8    
1          1.4467592592592592E-4  11.555555555555555     6          1    3    4    5    6    3    1    6    4    2    3    4    5    6    3    2    6    4    
1          1.4467592592592592E-4  10.418300653594772     8          4    5    6    7    8    5    4    8    6    4    5    6    7    1    2    3    8    6    
1          1.4467592592592592E-4  9.49673202614379       7          3    4    5    6    7    4    3    7    1    3    4    5    6    2    4    3    7    5    
1          1.4467592592592592E-4  8.457516339869281      7          3    4    1    6    7    4    3    7    5    3    4    5    6    7    4    3    2    5    
1          1.4467592592592592E-4  7.601307189542484      8          4    5    6    7    8    5    4    8    1    4    5    6    7    2    5    3    8    6    
1          1.4467592592592592E-4  7.4444444444444455     4          1    2    3    3    4    2    1    4    3    1    2    3    3    4    2    1    4    3    
5          7.233796296296296E-4   6.9411764705882355     5          2    2    3    4    5    2    2    5    3    2    2    3    4    1    2    2    5    3    
1          1.4467592592592592E-4  6.745098039215686      8          1    4    5    6    7    4    2    8    5    3    4    5    6    8    4    3    7    5    
3          4.3402777777777775E-4  5.888888888888889      6          2    3    4    5    6    3    2    6    4    1    3    4    5    6    3    2    6    4    
1          1.4467592592592592E-4  2.9215686274509807     6          1    3    4    5    6    3    2    6    4    1    3    4    5    6    3    2    6    4    
1          1.4467592592592592E-4  1.9803921568627452     6          3    3    1    5    6    3    3    6    4    3    3    4    5    2    3    3    6    4    
1          1.4467592592592592E-4  1.973856209150327      9          5    6    7    8    9    6    1    2    7    5    6    7    8    3    6    4    9    7    
1          1.4467592592592592E-4  1.0                    5          2    2    1    4    5    2    2    5    3    2    2    3    4    5    2    2    5    3    
1          1.4467592592592592E-4  1.0                    8          4    5    6    7    8    5    4    8    6    1    5    6    7    2    5    3    8    6    

