count      fraction               similarity             nclusters  e1--0 d1--0 z1--0 y1--0 x1--0 d2--0 e2--0 x2--0 z2--0 e1--1 d1--1 z1--1 y1--1 x1--1 d2--1 e2--1 x2--1 z2--1 
7270       0.6729612144774599     8308.392156862743      5          1    2    3    4    5    2    1    5    3    1    2    3    4    5    2    1    5    3    
2032       0.18809589928723502    2425.928104575171      4          1    1    2    3    4    1    1    4    2    1    1    2    3    4    1    1    4    2    
707        0.0654447838563362     1019.9346405228692     4          1    2    3    3    4    2    1    4    3    1    2    3    3    4    2    1    4    3    
32         0.0029621401462556697  1002.9281045751436     6          1    2    3    5    6    2    1    6    4    1    2    3    5    6    2    1    6    4    
385        0.03563824863463853    412.80392156862746     3          1    1    2    2    3    1    1    3    2    1    1    2    2    3    1    1    3    2    
273        0.02527075812274368    342.28758169934576     6          1    2    3    4    5    2    1    6    3    1    2    3    4    5    2    1    6    3    
52         0.0048134777376654635  64.26797385620915      6          1    3    4    5    6    3    2    6    4    1    3    4    5    6    3    2    6    4    
24         0.0022216051096917524  29.686274509803923     5          1    1    2    3    4    1    1    5    2    1    1    2    3    4    1    1    5    2    
3          2.7770063871146905E-4  18.77124183006536      7          1    2    3    5    6    2    1    7    4    1    2    3    5    6    2    1    7    4    
1          9.256687957048968E-5   11.372549019607844     5          1    3    4    4    5    3    2    5    4    1    3    4    4    5    3    2    5    4    
2          1.8513375914097936E-4  11.241830065359478     7          1    3    4    5    6    3    2    7    4    1    3    4    5    6    3    2    7    4    
9          8.331019161344071E-4   9.92156862745098       5          1    2    3    3    4    2    1    5    3    1    2    3    3    4    2    1    5    3    
1          9.256687957048968E-5   9.607843137254902      7          1    3    5    6    7    4    2    7    5    1    3    5    6    7    4    2    7    5    
4          3.702675182819587E-4   7.790849673202615      6          1    2    4    5    6    3    1    6    4    1    2    4    5    6    3    1    6    4    
3          2.7770063871146905E-4  3.0                    4          1    1    2    2    3    1    1    4    2    1    1    2    2    3    1    1    4    2    
3          2.7770063871146905E-4  3.0                    5          1    1    2    4    5    1    1    5    3    1    1    2    4    5    1    1    5    3    
1          9.256687957048968E-5   1.9477124183006536     7          1    2    4    6    7    3    1    7    5    1    2    4    6    7    3    1    7    5    
1          9.256687957048968E-5   1.0                    7          1    2    4    5    6    3    1    7    4    1    2    4    5    6    3    1    7    4    

