count      fraction               similarity             nclusters  e1--0 d1--0 z1--0 y1--0 x1--0 d2--0 e2--0 x2--0 z2--0 e1--1 d1--1 z1--1 y1--1 x1--1 d2--1 e2--1 x2--1 z2--1 
93         0.00860871980005554    10608.405228757802     11         5    6    8    10   11   7    1    2    9    5    6    8    10   11   7    3    4    9    
65         0.006016847172081829   10510.006535947312     11         5    7    1    9    10   2    6    11   8    5    7    3    9    10   4    6    11   8    
325        0.030084235860409144   10488.045751634338     10         3    5    1    8    9    6    4    10   7    3    5    2    8    9    6    4    10   7    
2          1.8513375914097936E-4  10274.43790849734      16         1    2    16   3    4    5    15   6    7    8    9    16   10   11   12   15   13   14   
2977       0.27557160048134777    10169.339869281337     9          1    3    5    7    8    4    2    9    6    1    3    5    7    8    4    2    9    6    
45         0.004165509580672035   10118.993464051835     11         5    7    1    10   11   8    6    2    9    5    7    3    10   11   8    6    4    9    
187        0.01731000647968157    7142.104575163314      10         3    5    7    8    9    6    4    10   1    3    5    7    8    9    6    4    10   2    
18         0.0016662038322688142  7130.130718954415      12         7    1    9    11   2    8    3    12   10   7    4    9    11   5    8    6    12   10   
309        0.02860316578728131    6962.228758169892      10         3    5    7    1    9    6    4    10   8    3    5    7    2    9    6    4    10   8    
508        0.047023974821808756   6655.823529411768      10         3    4    6    8    9    5    1    10   7    3    4    6    8    9    5    2    10   7    
11         0.0010182356752753865  6618.7973856210665     12         1    7    2    10   11   8    3    12   9    4    7    5    10   11   8    6    12   9    
109        0.010089789873183375   6117.614379085069      11         1    5    7    9    10   6    2    11   8    3    5    7    9    10   6    4    11   8    
9          8.331019161344071E-4   6104.37254901977       12         7    8    10   1    12   9    2    3    11   7    8    10   4    12   9    5    6    11   
5          4.628343978524484E-4   6082.444444444514      13         1    9    11   12   2    10   3    13   4    5    9    11   12   6    10   7    13   8    
104        0.009626955475330927   6014.666666666751      11         5    6    8    10   1    7    2    11   9    5    6    8    10   3    7    4    11   9    
78         0.007220216606498195   5880.895424836697      11         5    6    8    1    10   7    2    11   9    5    6    8    3    10   7    4    11   9    
15         0.0013885031935573452  5879.267973856363      12         7    8    1    11   12   9    2    3    10   7    8    4    11   12   9    5    6    10   
3          2.7770063871146905E-4  5830.535947712491      15         13   14   1    15   2    3    4    5    6    13   14   7    15   8    9    10   11   12   
480        0.044432102193835046   5827.013071895477      10         3    5    7    9    1    6    4    10   8    3    5    7    9    2    6    4    10   8    
10         9.256687957048968E-4   5777.169934640601      13         1    9    2    12   3    10   4    13   11   5    9    6    12   7    10   8    13   11   
383        0.03545311487549755    5348.215686274546      10         3    5    7    9    10   6    4    1    8    3    5    7    9    10   6    4    2    8    
396        0.03665648430991391    4974.261437908556      10         3    5    6    8    9    1    4    10   7    3    5    6    8    9    2    4    10   7    
331        0.030639637137832083   4579.816993464111      10         1    4    6    8    9    5    3    10   7    2    4    6    8    9    5    3    10   7    
306        0.02832546514856984    4252.241830065384      10         3    1    6    8    9    5    4    10   7    3    2    6    8    9    5    4    10   7    
25         0.002314171989262242   3936.0588235294695     12         7    1    9    11   2    3    8    12   10   7    4    9    11   5    6    8    12   10   
80         0.007405350365639174   3911.3006535948093     11         5    6    1    9    10   7    2    11   8    5    6    3    9    10   7    4    11   8    
25         0.002314171989262242   3826.104575163471      12         7    1    9    11   12   8    2    3    10   7    4    9    11   12   8    5    6    10   
54         0.004998611496806442   3804.7124183007004     11         5    7    1    2    10   8    6    11   9    5    7    3    4    10   8    6    11   9    
18         0.0016662038322688142  3753.6666666667234     12         7    9    1    11   2    3    8    12   10   7    9    4    11   5    6    8    12   10   
26         0.0024067388688327317  3731.718954248402      11         5    7    1    9    10   8    6    11   2    5    7    3    9    10   8    6    11   4    
11         0.0010182356752753865  3704.3986928105237     12         1    8    2    11   12   9    7    3    10   4    8    5    11   12   9    7    6    10   
94         0.00870128667962603    3698.50326797392       11         5    7    9    11   1    8    6    2    10   5    7    9    11   3    8    6    4    10   
9          8.331019161344071E-4   3691.4248366013762     12         7    9    11   1    2    10   8    12   3    7    9    11   4    5    10   8    12   6    
68         0.006294547810793298   3600.986928104627      11         1    6    2    9    10   7    5    11   8    3    6    4    9    10   7    5    11   8    
15         0.0013885031935573452  3520.751633986984      12         7    1    2    11   3    9    8    12   10   7    4    5    11   6    9    8    12   10   
8          7.405350365639174E-4   3520.006535947772      14         1    2    11   13   14   3    4    5    12   6    7    11   13   14   8    9    10   12   
74         0.0068499490882162365  3518.7124183007254     11         5    1    7    9    10   2    6    11   8    5    3    7    9    10   4    6    11   8    
64         0.0059242802925113395  3440.673202614424      11         5    1    8    10   11   7    6    2    9    5    3    8    10   11   7    6    4    9    
59         0.005461445894658891   3376.352941176532      11         1    2    7    9    10   6    5    11   8    3    4    7    9    10   6    5    11   8    
3          2.7770063871146905E-4  3364.111111111154      13         1    10   11   2    12   3    9    13   4    5    10   11   6    12   7    9    13   8    
16         0.0014810700731278349  3310.5359477124616     12         7    1    10   12   2    9    8    3    11   7    4    10   12   5    9    8    6    11   
95         0.00879385355919652    3300.6797385621476     11         5    7    8    10   1    2    6    11   9    5    7    8    10   3    4    6    11   9    
2          1.8513375914097936E-4  3291.2614379085476     15         1    2    13   14   15   3    4    5    6    7    8    13   14   15   9    10   11   12   
7          6.479681569934278E-4   3286.738562091545      13         9    10   1    13   2    11   3    4    12   9    10   5    13   6    11   7    8    12   
29         0.0026844395075442005  3200.5751633987347     12         7    8    9    11   1    2    3    12   10   7    8    9    11   4    5    6    12   10   
43         0.003980375821531056   3171.5620915033105     11         5    7    8    9    10   1    6    11   2    5    7    8    9    10   3    6    11   4    
22         0.002036471350550773   3127.000000000039      12         1    2    8    10   11   3    7    12   9    4    5    8    10   11   6    7    12   9    
26         0.0024067388688327317  3099.7189542484157     12         1    8    9    11   12   2    7    3    10   4    8    9    11   12   5    7    6    10   
6          5.554012774229381E-4   3088.947712418351      14         1    2    3    4    13   5    11   14   12   6    7    8    9    13   10   11   14   12   
25         0.002314171989262242   3076.045751634029      12         1    7    9    11   2    8    3    12   10   4    7    9    11   5    8    6    12   10   
16         0.0014810700731278349  3041.7777777778197     12         1    8    2    10   11   9    7    12   3    4    8    5    10   11   9    7    12   6    
11         0.0010182356752753865  3026.0915032680264     12         7    8    1    10   11   9    2    12   3    7    8    4    10   11   9    5    12   6    
8          7.405350365639174E-4   3016.065359477157      13         9    11   1    13   2    3    10   4    12   9    11   5    13   6    7    10   8    12   
37         0.0034249745441081183  3006.2810457516707     11         5    6    8    9    10   7    1    11   2    5    6    8    9    10   7    3    11   4    
7          6.479681569934278E-4   2999.503267973882      13         1    9    2    11   12   10   3    13   4    5    9    6    11   12   10   7    13   8    
3          2.7770063871146905E-4  2997.339869281072      14         11   1    2    12   13   3    4    14   5    11   6    7    12   13   8    9    14   10   
65         0.006016847172081829   2974.1437908497132     11         5    7    8    1    10   2    6    11   9    5    7    8    3    10   4    6    11   9    
59         0.005461445894658891   2910.4771241830367     11         5    7    8    10   11   1    6    2    9    5    7    8    10   11   3    6    4    9    
72         0.006664815329075257   2851.9084967320728     11         5    1    8    10   2    7    6    11   9    5    3    8    10   4    7    6    11   9    
2          1.8513375914097936E-4  2829.6339869281333     14         11   1    2    13   14   3    12   4    5    11   6    7    13   14   8    12   9    10   
14         0.0012959363139868555  2776.379084967349      12         1    8    10   2    3    9    7    12   11   4    8    10   5    6    9    7    12   11   
9          8.331019161344071E-4   2755.4052287582017     12         1    2    3    10   11   8    7    12   9    4    5    6    10   11   8    7    12   9    
66         0.006109414051652319   2754.2483660131043     11         1    6    8    10   11   7    5    2    9    3    6    8    10   11   7    5    4    9    
3          2.7770063871146905E-4  2746.16993464056       14         1    11   2    3    13   12   4    14   5    6    11   7    8    13   12   9    14   10   
20         0.0018513375914097935  2685.398692810488      12         1    2    8    10   11   7    3    12   9    4    5    8    10   11   7    6    12   9    
46         0.004258076460242525   2667.346405228789      11         5    7    9    1    11   8    6    2    10   5    7    9    3    11   8    6    4    10   
24         0.0022216051096917524  2613.4248366013385     12         1    7    9    11   12   8    2    3    10   4    7    9    11   12   8    5    6    10   
3          2.7770063871146905E-4  2610.9150326797635     13         1    2    11   3    12   10   9    13   4    5    6    11   7    12   10   9    13   8    
4          3.702675182819587E-4   2608.4575163398886     14         1    12   13   14   2    3    11   4    5    6    12   13   14   7    8    11   9    10   
28         0.002591872627973711   2589.4183006536223     11         5    7    9    10   11   8    6    1    2    5    7    9    10   11   8    6    3    4    
46         0.004258076460242525   2565.9934640523206     11         5    7    9    10   1    8    6    11   2    5    7    9    10   3    8    6    11   4    
8          7.405350365639174E-4   2515.150326797409      12         1    8    2    3    11   9    7    12   10   4    8    5    6    11   9    7    12   10   
83         0.007683051004350644   2514.6601307189844     11         5    1    7    9    10   6    2    11   8    5    3    7    9    10   6    4    11   8    
6          5.554012774229381E-4   2426.8758169934936     13         1    9    10   12   13   2    3    4    11   5    9    10   12   13   6    7    8    11   
15         0.0013885031935573452  2422.7058823529705     13         9    10   11   13   1    2    3    4    12   9    10   11   13   5    6    7    8    12   
8          7.405350365639174E-4   2404.705882352962      14         1    11   12   14   2    3    4    5    13   6    11   12   14   7    8    9    10   13   
86         0.007960751643062113   2400.8692810457865     11         5    6    7    9    10   1    2    11   8    5    6    7    9    10   3    4    11   8    
2          1.8513375914097936E-4  2390.5620915032896     14         1    12   2    3    13   4    11   14   5    6    12   7    8    13   9    11   14   10   
4          3.702675182819587E-4   2389.849673202634      13         1    10   12   2    13   11   9    3    4    5    10   12   6    13   11   9    7    8    
99         0.009164121077478478   2312.7450980392327     11         1    6    8    10   2    7    5    11   9    3    6    8    10   4    7    5    11   9    
5          4.628343978524484E-4   2301.0522875817214     15         13   1    14   2    3    4    5    6    15   13   7    14   8    9    10   11   12   15   
20         0.0018513375914097935  2206.9150326797485     12         7    9    11   12   1    10   8    2    3    7    9    11   12   4    10   8    5    6    
7          6.479681569934278E-4   2182.8888888888973     14         1    11   2    14   3    12   4    5    13   6    11   7    14   8    12   9    10   13   
46         0.004258076460242525   2179.0980392157026     11         5    1    2    9    10   7    6    11   8    5    3    4    9    10   7    6    11   8    
5          4.628343978524484E-4   2178.3202614379247     14         1    12   13   2    3    4    11   5    14   6    12   13   7    8    9    11   10   14   
1          9.256687957048968E-5   2169.32679738563       15         1    2    3    4    14   5    6    15   13   7    8    9    10   14   11   12   15   13   
18         0.0016662038322688142  2128.000000000015      12         7    9    1    2    11   3    8    12   10   7    9    4    5    11   6    8    12   10   
5          4.628343978524484E-4   2127.2679738562215     13         9    1    11   2    13   10   3    4    12   9    5    11   6    13   10   7    8    12   
23         0.0021290382301212625  2108.7777777777924     12         1    7    8    10   11   2    3    12   9    4    7    8    10   11   5    6    12   9    
3          2.7770063871146905E-4  2105.3725490196184     14         11   1    12   14   2    3    4    5    13   11   6    12   14   7    8    9    10   13   
60         0.005554012774229381   2081.235294117661      11         5    7    9    1    2    8    6    11   10   5    7    9    3    4    8    6    11   10   
8          7.405350365639174E-4   2079.6928104575286     13         1    2    10   12   13   9    3    4    11   5    6    10   12   13   9    7    8    11   
13         0.0012033694344163659  2017.2418300653671     12         7    8    9    1    11   2    3    12   10   7    8    9    4    11   5    6    12   10   
2          1.8513375914097936E-4  2012.1568627451122     14         11   13   1    2    3    4    12   14   5    11   13   6    7    8    9    12   14   10   
11         0.0010182356752753865  1999.601307189552      12         7    9    1    11   12   10   8    2    3    7    9    4    11   12   10   8    5    6    
63         0.00583171341294085    1995.5620915032853     11         5    7    1    10   2    8    6    11   9    5    7    3    10   4    8    6    11   9    
12         0.0011108025548458762  1929.3464052287668     12         7    9    1    12   2    10   8    3    11   7    9    4    12   5    10   8    6    11   
8          7.405350365639174E-4   1919.39869281047       13         9    10   11   1    2    3    4    13   12   9    10   11   5    6    7    8    13   12   
5          4.628343978524484E-4   1909.4640522875857     13         9    1    10   11   12   2    3    13   4    9    5    10   11   12   6    7    13   8    
10         9.256687957048968E-4   1905.3986928104744     12         1    8    9    10   11   2    7    12   3    4    8    9    10   11   5    7    12   6    
2          1.8513375914097936E-4  1903.4836601307163     13         1    10   2    11   12   3    9    13   4    5    10   6    11   12   7    9    13   8    
20         0.0018513375914097935  1896.928104575179      12         7    1    8    10   11   2    3    12   9    7    4    8    10   11   5    6    12   9    
7          6.479681569934278E-4   1874.4183006536039     12         7    1    10   2    12   9    8    3    11   7    4    10   5    12   9    8    6    11   
15         0.0013885031935573452  1869.2352941176573     12         7    1    9    11   12   2    8    3    10   7    4    9    11   12   5    8    6    10   
4          3.702675182819587E-4   1851.8104575163397     13         1    10   2    12   13   3    9    4    11   5    10   6    12   13   7    9    8    11   
7          6.479681569934278E-4   1849.0980392157044     12         1    8    10   2    11   9    7    12   3    4    8    10   5    11   9    7    12   6    
19         0.0017587707118393039  1843.7058823529524     12         7    9    10   1    12   2    8    3    11   7    9    10   4    12   5    8    6    11   
5          4.628343978524484E-4   1821.666666666665      13         9    1    11   2    12   3    10   13   4    9    5    11   6    12   7    10   13   8    
29         0.0026844395075442005  1821.1764705882463     12         7    9    10   12   1    2    8    3    11   7    9    10   12   4    5    8    6    11   
11         0.0010182356752753865  1790.954248366018      13         1    10   11   13   2    3    9    4    12   5    10   11   13   6    7    9    8    12   
21         0.0019439044709802832  1781.1699346405337     12         1    8    10   12   2    9    7    3    11   4    8    10   12   5    9    7    6    11   
8          7.405350365639174E-4   1758.209150326812      12         1    8    9    2    11   3    7    12   10   4    8    9    5    11   6    7    12   10   
4          3.702675182819587E-4   1754.2156862745085     15         1    13   2    3    14   4    5    15   6    7    13   8    9    14   10   11   15   12   
11         0.0010182356752753865  1745.0915032679748     13         9    1    2    13   3    11   10   4    12   9    5    6    13   7    11   10   8    12   
28         0.002591872627973711   1736.9084967320327     12         7    8    10   12   1    9    2    3    11   7    8    10   12   4    9    5    6    11   
1          9.256687957048968E-5   1728.483660130721      16         1    2    3    15   16   4    5    6    7    8    9    10   15   16   11   12   13   14   
13         0.0012033694344163659  1706.2156862745196     12         1    8    2    11   3    9    7    12   10   4    8    5    11   6    9    7    12   10   
4          3.702675182819587E-4   1704.5555555555597     14         1    11   2    3    14   12   4    5    13   6    11   7    8    14   12   9    10   13   
3          2.7770063871146905E-4  1691.5555555555557     13         1    10   11   2    13   3    9    4    12   5    10   11   6    13   7    9    8    12   
3          2.7770063871146905E-4  1684.8496732026147     14         1    11   13   2    14   12   3    4    5    6    11   13   7    14   12   8    9    10   
7          6.479681569934278E-4   1682.76470588236       13         9    1    2    11   12   3    4    13   10   9    5    6    11   12   7    8    13   10   
2          1.8513375914097936E-4  1680.9477124183054     14         1    12   2    14   3    4    11   5    13   6    12   7    14   8    9    11   10   13   
2          1.8513375914097936E-4  1680.934640522879      15         1    2    3    4    14   13   5    15   6    7    8    9    10   14   13   11   15   12   
9          8.331019161344071E-4   1676.5490196078483     13         9    1    11   2    3    4    10   13   12   9    5    11   6    7    8    10   13   12   
7          6.479681569934278E-4   1667.117647058826      13         1    2    11   3    4    10   9    13   12   5    6    11   7    8    10   9    13   12   
13         0.0012033694344163659  1658.7516339869337     12         7    9    1    2    12   10   8    3    11   7    9    4    5    12   10   8    6    11   
10         9.256687957048968E-4   1647.6470588235356     12         7    1    2    3    11   9    8    12   10   7    4    5    6    11   9    8    12   10   
17         0.0015736369526983245  1639.4379084967388     12         7    1    9    2    11   8    3    12   10   7    4    9    5    11   8    6    12   10   
41         0.003795242062390077   1624.352941176472      11         1    6    8    9    10   7    5    11   2    3    6    8    9    10   7    5    11   4    
3          2.7770063871146905E-4  1580.477124183009      14         11   1    2    13   3    4    5    14   12   11   6    7    13   8    9    10   14   12   
12         0.0011108025548458762  1579.2352941176514     13         1    2    9    11   12   3    4    13   10   5    6    9    11   12   7    8    13   10   
1          9.256687957048968E-5   1574.1830065359525     14         11   13   1    14   2    3    12   4    5    11   13   6    14   7    8    12   9    10   
3          2.7770063871146905E-4  1564.3856209150401     14         1    2    11   12   13   3    4    14   5    6    7    11   12   13   8    9    14   10   
2          1.8513375914097936E-4  1559.0915032679734     15         1    2    14   3    4    5    13   6    15   7    8    14   9    10   11   13   12   15   
14         0.0012959363139868555  1558.8496732026235     12         1    7    9    2    11   8    3    12   10   4    7    9    5    11   8    6    12   10   
4          3.702675182819587E-4   1558.1241830065364     13         9    1    12   13   2    11   10   3    4    9    5    12   13   6    11   10   7    8    
6          5.554012774229381E-4   1544.522875817001      12         7    9    10   1    11   2    8    12   3    7    9    10   4    11   5    8    12   6    
8          7.405350365639174E-4   1537.4771241830113     12         7    9    11   1    2    10   8    3    12   7    9    11   4    5    10   8    6    12   
14         0.0012959363139868555  1530.6928104575204     12         7    1    2    10   11   8    3    12   9    7    4    5    10   11   8    6    12   9    
2          1.8513375914097936E-4  1512.522875816993      14         11   12   1    13   14   2    3    4    5    11   12   6    13   14   7    8    9    10   
75         0.0069425159677867256  1510.0261437908548     11         1    6    7    9    10   2    5    11   8    3    6    7    9    10   4    5    11   8    
5          4.628343978524484E-4   1509.18300653595       13         9    1    11   13   2    10   3    4    12   9    5    11   13   6    10   7    8    12   
4          3.702675182819587E-4   1508.9542483660132     14         1    2    3    13   14   12   11   4    5    6    7    8    13   14   12   11   9    10   
3          2.7770063871146905E-4  1431.8823529411827     12         7    9    1    2    11   10   8    12   3    7    9    4    5    11   10   8    12   6    
6          5.554012774229381E-4   1429.0392156862765     12         7    1    2    10   11   9    8    12   3    7    4    5    10   11   9    8    12   6    
9          8.331019161344071E-4   1424.3464052287634     12         7    1    9    10   11   8    2    12   3    7    4    9    10   11   8    5    12   6    
3          2.7770063871146905E-4  1414.601307189545      14         11   12   1    2    3    4    5    14   13   11   12   6    7    8    9    10   14   13   
6          5.554012774229381E-4   1411.5228758169956     13         9    11   1    12   2    3    10   13   4    9    11   5    12   6    7    10   13   8    
5          4.628343978524484E-4   1406.908496732026      13         1    10   11   2    3    4    9    13   12   5    10   11   6    7    8    9    13   12   
6          5.554012774229381E-4   1396.4379084967325     13         1    2    10   11   12   3    9    13   4    5    6    10   11   12   7    9    13   8    
1          9.256687957048968E-5   1396.1633986928107     16         1    2    3    4    5    15   6    16   7    8    9    10   11   12   15   13   16   14   
2          1.8513375914097936E-4  1394.7450980392125     15         1    13   2    3    15   14   4    5    6    7    13   8    9    15   14   10   11   12   
1          9.256687957048968E-5   1392.1960784313658     15         1    2    3    4    15   14   13   5    6    7    8    9    10   15   14   13   11   12   
6          5.554012774229381E-4   1390.8627450980405     14         1    11   2    13   3    4    5    14   12   6    11   7    13   8    9    10   14   12   
3          2.7770063871146905E-4  1386.6470588235304     13         9    1    10   2    12   3    4    13   11   9    5    10   6    12   7    8    13   11   
4          3.702675182819587E-4   1380.4052287581649     13         1    10   2    3    13   11   9    4    12   5    10   6    7    13   11   9    8    12   
4          3.702675182819587E-4   1378.6143790849674     13         1    10   11   12   2    3    9    13   4    5    10   11   12   6    7    9    13   8    
27         0.002499305748403221   1374.797385620918      12         7    8    1    11   2    9    3    12   10   7    8    4    11   5    9    6    12   10   
2          1.8513375914097936E-4  1369.934640522876      16         1    2    3    4    5    6    15   7    16   8    9    10   11   12   13   15   14   16   
23         0.0021290382301212625  1348.8169934640568     12         7    8    10   1    2    9    3    12   11   7    8    10   4    5    9    6    12   11   
13         0.0012033694344163659  1326.444444444451      12         7    9    10   1    2    3    8    12   11   7    9    10   4    5    6    8    12   11   
15         0.0013885031935573452  1312.0326797385667     12         7    8    1    2    11   9    3    12   10   7    8    4    5    11   9    6    12   10   
14         0.0012959363139868555  1294.281045751638      12         7    9    1    2    3    10   8    12   11   7    9    4    5    6    10   8    12   11   
3          2.7770063871146905E-4  1292.8235294117662     16         15   1    2    16   3    4    5    6    7    15   8    9    16   10   11   12   13   14   
14         0.0012959363139868555  1280.5555555555568     12         1    8    10   2    12   9    7    3    11   4    8    10   5    12   9    7    6    11   
7          6.479681569934278E-4   1266.405228758169      13         1    2    3    12   4    10   9    13   11   5    6    7    12   8    10   9    13   11   
5          4.628343978524484E-4   1258.4379084967322     13         1    9    2    12   13   10   3    4    11   5    9    6    12   13   10   7    8    11   
2          1.8513375914097936E-4  1252.8758169934633     15         1    2    13   15   3    4    5    6    14   7    8    13   15   9    10   11   12   14   
1          9.256687957048968E-5   1252.6209150326783     14         11   1    2    13   14   12   3    4    5    11   6    7    13   14   12   8    9    10   
2          1.8513375914097936E-4  1251.0849673202586     13         1    9    11   2    13   10   3    4    12   5    9    11   6    13   10   7    8    12   
11         0.0010182356752753865  1249.5294117647024     13         9    10   12   1    2    11   3    4    13   9    10   12   5    6    11   7    8    13   
3          2.7770063871146905E-4  1236.3267973856193     14         1    12   2    14   3    13   11   4    5    6    12   7    14   8    13   11   9    10   
4          3.702675182819587E-4   1233.7450980392146     15         1    2    3    14   4    13   5    15   6    7    8    9    14   10   13   11   15   12   
4          3.702675182819587E-4   1229.692810457514      15         13   1    15   2    3    14   4    5    6    13   7    15   8    9    14   10   11   12   
6          5.554012774229381E-4   1228.4379084967302     13         1    9    11   2    3    10   4    13   12   5    9    11   6    7    10   8    13   12   
2          1.8513375914097936E-4  1223.1307189542474     13         1    2    11   12   3    10   9    13   4    5    6    11   12   7    10   9    13   8    
5          4.628343978524484E-4   1220.92156862745       13         9    11   1    2    3    4    10   13   12   9    11   5    6    7    8    10   13   12   
5          4.628343978524484E-4   1216.2026143790856     12         1    8    10   11   12   9    7    2    3    4    8    10   11   12   9    7    5    6    
12         0.0011108025548458762  1212.091503267975      12         7    9    1    11   12   2    8    3    10   7    9    4    11   12   5    8    6    10   
19         0.0017587707118393039  1200.5882352941187     12         1    7    9    10   11   8    2    12   3    4    7    9    10   11   8    5    12   6    
26         0.0024067388688327317  1182.575163398692      11         5    7    9    1    10   8    6    11   2    5    7    9    3    10   8    6    11   4    
8          7.405350365639174E-4   1153.4183006535927     13         1    10   2    13   3    11   9    4    12   5    10   6    13   7    11   9    8    12   
1          9.256687957048968E-5   1153.0196078431345     15         1    13   14   2    15   3    4    5    6    7    13   14   8    15   9    10   11   12   
10         9.256687957048968E-4   1148.0326797385626     12         1    2    9    11   12   8    7    3    10   4    5    9    11   12   8    7    6    10   
4          3.702675182819587E-4   1135.8235294117633     15         1    2    3    15   4    5    13   6    14   7    8    9    15   10   11   13   12   14   
30         0.0027770063871146904  1135.679738562089      12         1    8    9    11   2    3    7    12   10   4    8    9    11   5    6    7    12   10   
6          5.554012774229381E-4   1104.0326797385587     13         1    10   2    12   3    4    9    13   11   5    10   6    12   7    8    9    13   11   
7          6.479681569934278E-4   1099.3660130718954     12         7    9    1    10   11   2    8    12   3    7    9    4    10   11   5    8    12   6    
32         0.0029621401462556697  1094.137254901961      11         5    1    8    9    10   7    6    11   2    5    3    8    9    10   7    6    11   4    
19         0.0017587707118393039  1062.4836601307193     12         7    1    2    10   11   3    8    12   9    7    4    5    10   11   6    8    12   9    
6          5.554012774229381E-4   1041.9542483660077     13         1    2    3    11   12   9    4    13   10   5    6    7    11   12   9    8    13   10   
2          1.8513375914097936E-4  1035.3398692810442     15         13   14   15   1    2    3    4    5    6    13   14   15   7    8    9    10   11   12   
2          1.8513375914097936E-4  1034.9477124182954     13         9    11   12   1    2    3    10   4    13   9    11   12   5    6    7    10   8    13   
27         0.002499305748403221   1033.8627450980382     12         7    8    1    10   11   2    3    12   9    7    8    4    10   11   5    6    12   9    
6          5.554012774229381E-4   1007.0784313725442     13         1    2    10   12   3    9    4    13   11   5    6    10   12   7    9    8    13   11   
9          8.331019161344071E-4   1000.0718954248345     13         9    10   1    12   13   2    3    4    11   9    10   5    12   13   6    7    8    11   
14         0.0012959363139868555  991.4771241830034      12         7    1    2    11   12   9    8    3    10   7    4    5    11   12   9    8    6    10   
11         0.0010182356752753865  978.9673202614368      12         7    8    10   11   1    9    2    12   3    7    8    10   11   4    9    5    12   6    
6          5.554012774229381E-4   967.3856209150307      13         9    11   12   1    13   2    10   3    4    9    11   12   5    13   6    10   7    8    
17         0.0015736369526983245  962.7777777777782      12         1    2    9    11   3    8    7    12   10   4    5    9    11   6    8    7    12   10   
6          5.554012774229381E-4   946.2222222222197      13         9    1    10   12   13   2    3    4    11   9    5    10   12   13   6    7    8    11   
7          6.479681569934278E-4   939.686274509802       14         1    11   12   2    3    4    5    14   13   6    11   12   7    8    9    10   14   13   
5          4.628343978524484E-4   932.1699346405187      13         1    2    11   13   3    10   9    4    12   5    6    11   13   7    10   9    8    12   
14         0.0012959363139868555  927.4183006535923      12         1    8    2    10   11   3    7    12   9    4    8    5    10   11   6    7    12   9    
9          8.331019161344071E-4   914.4771241830053      13         1    9    10   12   2    3    4    13   11   5    9    10   12   6    7    8    13   11   
8          7.405350365639174E-4   906.6535947712418      13         9    1    10   12   2    3    4    13   11   9    5    10   12   6    7    8    13   11   
29         0.0026844395075442005  898.3529411764682      11         1    6    8    2    10   7    5    11   9    3    6    8    4    10   7    5    11   9    
8          7.405350365639174E-4   868.3071895424805      13         9    11   1    2    3    12   10   4    13   9    11   5    6    7    12   10   8    13   
4          3.702675182819587E-4   862.4248366013059      13         9    10   11   12   1    2    3    13   4    9    10   11   12   5    6    7    13   8    
16         0.0014810700731278349  858.5294117647037      12         7    9    10   11   1    2    8    12   3    7    9    10   11   4    5    8    12   6    
10         9.256687957048968E-4   841.5359477124153      13         1    2    3    11   12   4    9    13   10   5    6    7    11   12   8    9    13   10   
4          3.702675182819587E-4   831.7189542483623      13         9    1    2    12   3    11   10   13   4    9    5    6    12   7    11   10   13   8    
4          3.702675182819587E-4   829.4575163398703      12         7    1    10   2    11   9    8    12   3    7    4    10   5    11   9    8    12   6    
38         0.0035175414236786077  826.084967320259       11         5    1    8    2    10   7    6    11   9    5    3    8    4    10   7    6    11   9    
15         0.0013885031935573452  787.0784313725476      12         1    8    10   11   2    9    7    12   3    4    8    10   11   5    9    7    12   6    
5          4.628343978524484E-4   772.1241830065339      13         1    10   12   2    3    11   9    4    13   5    10   12   6    7    11   9    8    13   
30         0.0027770063871146904  769.8169934640513      12         7    8    9    11   12   1    2    3    10   7    8    9    11   12   4    5    6    10   
4          3.702675182819587E-4   738.4967320261417      13         9    1    2    12   13   11   10   3    4    9    5    6    12   13   11   10   7    8    
3          2.7770063871146905E-4  735.8562091503261      13         9    10   11   1    12   2    3    13   4    9    10   11   5    12   6    7    13   8    
4          3.702675182819587E-4   733.08496732026        14         11   1    12   2    14   3    4    5    13   11   6    12   7    14   8    9    10   13   
3          2.7770063871146905E-4  728.4509803921551      13         1    2    10   3    12   9    4    13   11   5    6    10   7    12   9    8    13   11   
4          3.702675182819587E-4   725.5686274509784      13         1    2    10   12   3    4    9    13   11   5    6    10   12   7    8    9    13   11   
6          5.554012774229381E-4   721.6470588235288      13         9    1    2    12   3    4    10   13   11   9    5    6    12   7    8    10   13   11   
8          7.405350365639174E-4   715.4117647058796      13         1    9    11   13   2    10   3    4    12   5    9    11   13   6    10   7    8    12   
5          4.628343978524484E-4   708.6535947712407      13         9    1    11   2    3    10   4    13   12   9    5    11   6    7    10   8    13   12   
3          2.7770063871146905E-4  702.2222222222218      14         1    2    3    13   14   11   4    5    12   6    7    8    13   14   11   9    10   12   
1          9.256687957048968E-5   700.00653594771        16         1    2    15   3    16   4    5    6    7    8    9    15   10   16   11   12   13   14   
7          6.479681569934278E-4   699.1111111111112      14         1    11   12   13   2    3    4    14   5    6    11   12   13   7    8    9    14   10   
8          7.405350365639174E-4   691.5620915032665      13         1    10   2    3    12   4    9    13   11   5    10   6    7    12   8    9    13   11   
2          1.8513375914097936E-4  683.156862745097       16         1    15   2    3    4    16   5    6    7    8    15   9    10   11   16   12   13   14   
2          1.8513375914097936E-4  682.0326797385598      13         9    11   1    13   2    12   10   3    4    9    11   5    13   6    12   10   7    8    
14         0.0012959363139868555  681.6405228758168      12         7    1    9    2    11   3    8    12   10   7    4    9    5    11   6    8    12   10   
6          5.554012774229381E-4   667.6013071895413      13         9    1    11   13   2    3    10   4    12   9    5    11   13   6    7    10   8    12   
3          2.7770063871146905E-4  661.7973856209136      13         9    10   11   1    13   2    3    4    12   9    10   11   5    13   6    7    8    12   
10         9.256687957048968E-4   658.0915032679726      12         7    1    9    10   11   2    8    12   3    7    4    9    10   11   5    8    12   6    
1          9.256687957048968E-5   657.9934640522853      14         1    2    3    12   13   11   4    14   5    6    7    8    12   13   11   9    14   10   
9          8.331019161344071E-4   647.8300653594756      13         9    10   1    12   2    3    4    13   11   9    10   5    12   6    7    8    13   11   
3          2.7770063871146905E-4  639.1699346405219      13         9    1    12   2    3    11   10   4    13   9    5    12   6    7    11   10   8    13   
5          4.628343978524484E-4   636.1045751633976      13         9    11   13   1    2    12   10   3    4    9    11   13   5    6    12   10   7    8    
5          4.628343978524484E-4   631.1830065359469      13         1    9    11   12   13   10   2    3    4    5    9    11   12   13   10   6    7    8    
3          2.7770063871146905E-4  625.3333333333314      13         1    10   2    12   3    11   9    13   4    5    10   6    12   7    11   9    13   8    
14         0.0012959363139868555  623.4771241830055      12         7    9    11   1    12   10   8    2    3    7    9    11   4    12   10   8    5    6    
4          3.702675182819587E-4   609.5294117647039      14         1    2    12   14   3    4    11   5    13   6    7    12   14   8    9    11   10   13   
4          3.702675182819587E-4   606.1633986928099      13         9    10   12   13   1    11   2    3    4    9    10   12   13   5    11   6    7    8    
2          1.8513375914097936E-4  601.5555555555542      14         1    2    3    13   4    5    11   14   12   6    7    8    13   9    10   11   14   12   
4          3.702675182819587E-4   600.915032679738       14         11   1    12   2    3    4    5    14   13   11   6    12   7    8    9    10   14   13   
2          1.8513375914097936E-4  596.2614379084959      14         11   1    13   14   2    3    12   4    5    11   6    13   14   7    8    12   9    10   
3          2.7770063871146905E-4  593.7254901960777      16         1    15   2    3    4    5    6    16   7    8    15   9    10   11   12   13   16   14   
10         9.256687957048968E-4   591.3137254901945      12         7    9    10   11   12   1    8    2    3    7    9    10   11   12   4    8    5    6    
4          3.702675182819587E-4   581.4444444444432      15         13   14   1    2    15   3    4    5    6    13   14   7    8    15   9    10   11   12   
9          8.331019161344071E-4   577.915032679737       14         1    2    12   14   3    11   4    5    13   6    7    12   14   8    11   9    10   13   
3          2.7770063871146905E-4  568.470588235293       14         1    11   13   14   2    12   3    4    5    6    11   13   14   7    12   8    9    10   
3          2.7770063871146905E-4  566.2418300653591      14         11   1    2    14   3    12   4    5    13   11   6    7    14   8    12   9    10   13   
3          2.7770063871146905E-4  563.5294117647051      14         11   1    13   2    3    12   4    5    14   11   6    13   7    8    12   9    10   14   
4          3.702675182819587E-4   560.3464052287574      13         9    1    2    3    4    11   10   13   12   9    5    6    7    8    11   10   13   12   
8          7.405350365639174E-4   556.3202614379067      13         9    10   1    2    13   11   3    4    12   9    10   5    6    13   11   7    8    12   
2          1.8513375914097936E-4  548.477124183005       15         1    2    14   3    15   13   4    5    6    7    8    14   9    15   13   10   11   12   
1          9.256687957048968E-5   546.3725490196073      14         1    2    12   3    14   4    11   5    13   6    7    12   8    14   9    11   10   13   
7          6.479681569934278E-4   546.1960784313718      14         1    2    11   3    13   4    5    14   12   6    7    11   8    13   9    10   14   12   
8          7.405350365639174E-4   539.313725490196       12         7    1    10   11   2    9    8    12   3    7    4    10   11   5    9    8    12   6    
3          2.7770063871146905E-4  530.9999999999991      15         13   1    2    3    4    14   5    6    15   13   7    8    9    10   14   11   12   15   
4          3.702675182819587E-4   528.5032679738553      14         11   1    2    13   14   3    4    5    12   11   6    7    13   14   8    9    10   12   
1          9.256687957048968E-5   524.3725490196072      14         11   1    2    3    4    5    12   14   13   11   6    7    8    9    10   12   14   13   
2          1.8513375914097936E-4  523.2418300653582      13         9    1    12   2    13   11   10   3    4    9    5    12   6    13   11   10   7    8    
6          5.554012774229381E-4   521.7908496732016      13         9    1    11   12   2    3    10   13   4    9    5    11   12   6    7    10   13   8    
2          1.8513375914097936E-4  514.7712418300642      14         1    12   14   2    3    13   11   4    5    6    12   14   7    8    13   11   9    10   
9          8.331019161344071E-4   513.5816993464045      12         1    2    9    3    11   8    7    12   10   4    5    9    6    11   8    7    12   10   
3          2.7770063871146905E-4  504.3660130718944      13         1    10   12   2    3    11   9    13   4    5    10   12   6    7    11   9    13   8    
3          2.7770063871146905E-4  501.90196078431273     14         1    11   12   2    14   3    4    5    13   6    11   12   7    14   8    9    10   13   
5          4.628343978524484E-4   498.54901960784207     14         1    11   13   2    3    12   4    5    14   6    11   13   7    8    12   9    10   14   
1          9.256687957048968E-5   482.6339869281027      9          3    5    6    1    8    5    4    9    7    3    5    6    2    8    5    4    9    7    
13         0.0012033694344163659  481.8627450980374      8          1    3    4    6    7    3    2    8    5    1    3    4    6    7    3    2    8    5    
1          9.256687957048968E-5   480.6928104575159      16         1    15   2    3    4    5    6    7    16   8    15   9    10   11   12   13   14   16   
4          3.702675182819587E-4   480.6601307189536      14         11   12   1    13   2    3    4    14   5    11   12   6    13   7    8    9    14   10   
2          1.8513375914097936E-4  476.1699346405221      13         9    1    2    3    12   11   10   13   4    9    5    6    7    12   11   10   13   8    
8          7.405350365639174E-4   474.5751633986923      13         9    1    2    12   3    10   4    13   11   9    5    6    12   7    10   8    13   11   
2          1.8513375914097936E-4  466.31372549019517     17         1    2    3    4    5    6    7    8    17   9    10   11   12   13   14   15   16   17   
2          1.8513375914097936E-4  464.5424836601301      14         1    2    12   13   3    11   4    14   5    6    7    12   13   8    11   9    14   10   
3          2.7770063871146905E-4  463.2026143790842      13         9    10   1    11   12   2    3    13   4    9    10   5    11   12   6    7    13   8    
4          3.702675182819587E-4   459.5751633986919      12         7    1    10   11   12   9    8    2    3    7    4    10   11   12   9    8    5    6    
6          5.554012774229381E-4   456.18954248365947     13         9    10   11   12   13   1    2    3    4    9    10   11   12   13   5    6    7    8    
3          2.7770063871146905E-4  449.94117647058755     15         1    2    14   3    4    13   5    15   6    7    8    14   9    10   13   11   15   12   
3          2.7770063871146905E-4  446.856209150326       14         1    2    12   13   14   3    11   4    5    6    7    12   13   14   8    11   9    10   
1          9.256687957048968E-5   443.8562091503261      15         1    2    3    14   15   4    13   5    6    7    8    9    14   15   10   13   11   12   
5          4.628343978524484E-4   443.0653594771234      13         1    9    2    3    12   10   4    13   11   5    9    6    7    12   10   8    13   11   
2          1.8513375914097936E-4  438.5098039215682      15         13   1    2    3    4    5    14   15   6    13   7    8    9    10   11   14   15   12   
13         0.0012033694344163659  436.339869281045       12         7    8    10   11   12   9    1    2    3    7    8    10   11   12   9    4    5    6    
2          1.8513375914097936E-4  423.7450980392149      14         1    2    3    13   4    11   5    14   12   6    7    8    13   9    11   10   14   12   
11         0.0010182356752753865  421.78431372548954     12         7    1    10   2    3    9    8    12   11   7    4    10   5    6    9    8    12   11   
4          3.702675182819587E-4   411.4771241830059      13         1    9    2    11   12   3    4    13   10   5    9    6    11   12   7    8    13   10   
2          1.8513375914097936E-4  406.62745098039113     14         1    2    3    14   4    12   11   5    13   6    7    8    14   9    12   11   10   13   
4          3.702675182819587E-4   405.2941176470583      14         11   1    13   2    3    4    12   5    14   11   6    13   7    8    9    12   10   14   
1          9.256687957048968E-5   401.1633986928095      14         1    12   13   2    14   3    11   4    5    6    12   13   7    14   8    11   9    10   
1          9.256687957048968E-5   400.9084967320256      16         15   1    2    3    16   4    5    6    7    15   8    9    10   16   11   12   13   14   
6          5.554012774229381E-4   399.13725490196003     13         1    2    3    4    12   10   9    13   11   5    6    7    8    12   10   9    13   11   
12         0.0011108025548458762  394.23529411764645     12         7    8    9    10   11   1    2    12   3    7    8    9    10   11   4    5    12   6    
2          1.8513375914097936E-4  381.7254901960777      14         11   1    2    3    4    13   12   5    14   11   6    7    8    9    13   12   10   14   
2          1.8513375914097936E-4  380.18300653594713     13         9    1    2    11   12   10   3    13   4    9    5    6    11   12   10   7    13   8    
2          1.8513375914097936E-4  378.4705882352937      14         1    2    3    12   13   4    5    14   11   6    7    8    12   13   9    10   14   11   
1          9.256687957048968E-5   376.30065359477044     15         13   1    2    3    4    14   5    15   6    13   7    8    9    10   14   11   15   12   
4          3.702675182819587E-4   375.26797385620864     14         11   1    2    13   3    12   4    14   5    11   6    7    13   8    12   9    14   10   
2          1.8513375914097936E-4  371.3202614379081      14         11   1    2    3    4    12   5    14   13   11   6    7    8    9    12   10   14   13   
5          4.628343978524484E-4   369.4575163398687      13         9    1    11   2    13   3    10   4    12   9    5    11   6    13   7    10   8    12   
5          4.628343978524484E-4   364.43137254901904     13         9    10   1    2    3    11   4    13   12   9    10   5    6    7    11   8    13   12   
1          9.256687957048968E-5   359.8627450980383      15         1    2    13   3    15   4    5    6    14   7    8    13   9    15   10   11   12   14   
2          1.8513375914097936E-4  358.52287581699306     14         1    2    12   13   14   11   3    4    5    6    7    12   13   14   11   8    9    10   
1          9.256687957048968E-5   356.9673202614372      15         1    2    3    14   15   4    5    6    13   7    8    9    14   15   10   11   12   13   
2          1.8513375914097936E-4  355.87581699346356     15         1    2    3    4    5    6    13   15   14   7    8    9    10   11   12   13   15   14   
1          9.256687957048968E-5   354.20261437908437     15         1    2    3    13   14   4    5    15   6    7    8    9    13   14   10   11   15   12   
7          6.479681569934278E-4   353.09803921568596     14         1    2    11   13   3    4    5    14   12   6    7    11   13   8    9    10   14   12   
2          1.8513375914097936E-4  345.88888888888846     14         11   12   1    2    3    13   4    5    14   11   12   6    7    8    13   9    10   14   
1          9.256687957048968E-5   343.7843137254898      14         1    2    12   3    14   11   4    5    13   6    7    12   8    14   11   9    10   13   
5          4.628343978524484E-4   343.2679738562084      13         9    11   12   13   1    2    10   3    4    9    11   12   13   5    6    10   7    8    
2          1.8513375914097936E-4  338.222222222222       14         11   1    13   2    3    12   4    14   5    11   6    13   7    8    12   9    14   10   
9          8.331019161344071E-4   336.43790849673144     13         9    1    11   12   13   2    10   3    4    9    5    11   12   13   6    10   7    8    
6          5.554012774229381E-4   328.03921568627453     14         1    11   2    3    13   4    5    14   12   6    11   7    8    13   9    10   14   12   
5          4.628343978524484E-4   322.0784313725489      14         11   1    2    3    13   4    5    14   12   11   6    7    8    13   9    10   14   12   
4          3.702675182819587E-4   316.9999999999998      14         11   12   13   1    2    3    4    5    14   11   12   13   6    7    8    9    10   14   
2          1.8513375914097936E-4  313.28758169934594     18         1    2    3    4    5    6    7    8    9    10   11   12   13   14   15   16   17   18   
3          2.7770063871146905E-4  311.0588235294115      15         1    14   2    3    4    5    13   6    15   7    14   8    9    10   11   13   12   15   
1          9.256687957048968E-5   308.111111111111       14         11   1    2    14   3    4    12   5    13   11   6    7    14   8    9    12   10   13   
5          4.628343978524484E-4   307.209150326797       13         1    10   11   12   13   2    9    3    4    5    10   11   12   13   6    9    7    8    
10         9.256687957048968E-4   302.4052287581696      13         1    9    10   2    12   3    4    13   11   5    9    10   6    12   7    8    13   11   
4          3.702675182819587E-4   292.75816993464        13         9    11   1    2    3    12   10   13   4    9    11   5    6    7    12   10   13   8    
1          9.256687957048968E-5   283.69934640522877     10         4    6    1    8    9    2    5    10   7    4    6    3    8    9    6    5    10   7    
3          2.7770063871146905E-4  283.3333333333328      13         9    1    2    11   12   3    10   13   4    9    5    6    11   12   7    10   13   8    
1          9.256687957048968E-5   281.84313725490125     9          3    5    1    7    8    5    4    9    6    3    5    2    7    8    5    4    9    6    
1          9.256687957048968E-5   280.8300653594765      9          3    4    5    7    8    4    1    9    6    3    4    5    7    8    4    2    9    6    
1          9.256687957048968E-5   280.54248366013076     10         4    6    7    1    9    2    5    10   8    4    6    7    3    9    6    5    10   8    
5          4.628343978524484E-4   280.1372549019605      13         9    10   1    2    12   3    4    13   11   9    10   5    6    12   7    8    13   11   
2          1.8513375914097936E-4  278.67973856209073     9          3    5    6    8    9    5    4    1    7    3    5    6    8    9    5    4    2    7    
1          9.256687957048968E-5   272.13071895424866     11         6    7    1    9    10   2    3    11   8    6    7    4    9    10   7    5    11   8    
1          9.256687957048968E-5   271.2222222222223      11         6    8    1    9    10   2    7    11   3    6    8    4    9    10   8    7    11   5    
7          6.479681569934278E-4   269.8954248366013      9          2    4    5    7    8    1    3    9    6    2    4    5    7    8    4    3    9    6    
2          1.8513375914097936E-4  263.0980392156867      10         4    6    7    9    1    2    5    10   8    4    6    7    9    3    6    5    10   8    
1          9.256687957048968E-5   262.019607843137       11         5    7    1    9    10   2    6    11   8    5    3    4    9    10   7    6    11   8    
2          1.8513375914097936E-4  261.9084967320259      15         13   1    2    3    4    5    14   6    15   13   7    8    9    10   11   14   12   15   
1          9.256687957048968E-5   260.980392156863       10         4    6    7    9    10   1    5    2    8    4    6    7    9    10   6    5    3    8    
1          9.256687957048968E-5   259.418300653595       13         1    10   2    3    12   4    5    13   11   6    10   7    8    12   10   9    13   11   
1          9.256687957048968E-5   259.33333333333275     16         1    2    3    4    15   5    6    16   7    8    9    10   11   15   12   13   16   14   
1          9.256687957048968E-5   258.15686274509807     11         5    7    8    10   1    2    6    11   9    5    3    8    10   4    7    6    11   9    
3          2.7770063871146905E-4  258.1503267973854      16         1    2    15   3    4    5    6    7    16   8    9    15   10   11   12   13   14   16   
4          3.702675182819587E-4   254.96732026143795     14         1    11   2    13   14   3    4    5    12   6    11   7    13   14   8    9    10   12   
4          3.702675182819587E-4   251.2875816993462      13         1    10   12   13   2    11   9    3    4    5    10   12   13   6    11   9    7    8    
1          9.256687957048968E-5   247.68627450980352     16         15   1    16   2    3    4    5    6    7    15   8    16   9    10   11   12   13   14   
1          9.256687957048968E-5   246.93464052287538     16         1    2    3    16   4    15   5    6    7    8    9    10   16   11   15   12   13   14   
3          2.7770063871146905E-4  245.5751633986925      15         1    2    3    14   4    5    6    15   13   7    8    9    14   10   11   12   15   13   
3          2.7770063871146905E-4  242.77124183006512     15         13   1    14   15   2    3    4    5    6    13   7    14   15   8    9    10   11   12   
1          9.256687957048968E-5   239.95424836601254     15         13   1    2    3    15   14   4    5    6    13   7    8    9    15   14   10   11   12   
2          1.8513375914097936E-4  238.48366013071896     13         1    2    3    12   13   10   9    4    11   5    6    7    12   13   10   9    8    11   
2          1.8513375914097936E-4  236.5098039215685      14         1    12   2    3    4    13   11   5    14   6    12   7    8    9    13   11   10   14   
8          7.405350365639174E-4   234.82352941176455     12         7    9    1    11   2    10   8    12   3    7    9    4    11   5    10   8    12   6    
3          2.7770063871146905E-4  227.22875816993434     14         11   1    13   14   2    12   3    4    5    11   6    13   14   7    12   8    9    10   
5          4.628343978524484E-4   224.0                  13         9    1    2    12   13   10   3    4    11   9    5    6    12   13   10   7    8    11   
3          2.7770063871146905E-4  218.843137254902       13         9    11   1    2    13   3    10   4    12   9    11   5    6    13   7    10   8    12   
3          2.7770063871146905E-4  216.20915032679721     13         1    2    10   3    12   4    9    13   11   5    6    10   7    12   8    9    13   11   
6          5.554012774229381E-4   213.41830065359457     12         1    2    9    10   11   8    7    12   3    4    5    9    10   11   8    7    12   6    
5          4.628343978524484E-4   207.3921568627449      13         1    10   2    3    4    11   9    13   12   5    10   6    7    8    11   9    13   12   
3          2.7770063871146905E-4  202.47712418300645     14         1    2    3    4    14   12   11   5    13   6    7    8    9    14   12   11   10   13   
3          2.7770063871146905E-4  199.94771241830028     13         9    1    11   12   13   10   2    3    4    9    5    11   12   13   10   6    7    8    
7          6.479681569934278E-4   196.92810457516322     12         7    8    10   1    11   9    2    12   3    7    8    10   4    11   9    5    12   6    
3          2.7770063871146905E-4  189.9934640522875      14         11   1    2    3    14   12   4    5    13   11   6    7    8    14   12   9    10   13   
2          1.8513375914097936E-4  187.60784313725463     16         1    15   2    16   3    4    5    6    7    8    15   9    16   10   11   12   13   14   
1          9.256687957048968E-5   185.33333333333323     14         1    2    13   14   3    12   11   4    5    6    7    13   14   8    12   11   9    10   
2          1.8513375914097936E-4  184.8039215686272      17         1    2    17   3    4    5    6    7    8    9    10   17   11   12   13   14   15   16   
3          2.7770063871146905E-4  182.32026143790827     14         11   12   1    14   2    3    4    5    13   11   12   6    14   7    8    9    10   13   
3          2.7770063871146905E-4  179.45751633986916     15         1    2    14   3    4    13   5    6    15   7    8    14   9    10   13   11   12   15   
1          9.256687957048968E-5   176.4444444444443      14         1    2    13   3    14   12   11   4    5    6    7    13   8    14   12   11   9    10   
1          9.256687957048968E-5   175.99999999999955     17         17   1    2    3    4    5    6    7    8    17   9    10   11   12   13   14   15   16   
1          9.256687957048968E-5   174.66013071895392     15         1    14   15   2    3    4    13   5    6    7    14   15   8    9    10   13   11   12   
2          1.8513375914097936E-4  173.68627450980367     13         1    9    10   11   12   2    3    13   4    5    9    10   11   12   6    7    13   8    
4          3.702675182819587E-4   171.64705882352922     15         1    13   2    15   3    4    5    6    14   7    13   8    15   9    10   11   12   14   
1          9.256687957048968E-5   167.64705882352916     13         9    11   1    12   13   2    10   3    4    9    11   5    12   13   6    10   7    8    
1          9.256687957048968E-5   166.90849673202592     15         1    2    3    14   15   13   4    5    6    7    8    9    14   15   13   10   11   12   
2          1.8513375914097936E-4  165.58169934640503     13         1    10   2    12   13   11   9    3    4    5    10   6    12   13   11   9    7    8    
5          4.628343978524484E-4   163.94771241830043     15         13   1    2    15   3    4    5    6    14   13   7    8    15   9    10   11   12   14   
1          9.256687957048968E-5   158.92156862745068     15         1    13   14   2    3    4    5    6    15   7    13   14   8    9    10   11   12   15   
1          9.256687957048968E-5   158.39215686274483     15         1    2    3    14   4    5    13   15   6    7    8    9    14   10   11   13   15   12   
3          2.7770063871146905E-4  156.76470588235276     13         1    2    10   12   13   3    9    4    11   5    6    10   12   13   7    9    8    11   
1          9.256687957048968E-5   154.35294117647044     13         9    10   1    2    12   11   3    13   4    9    10   5    6    12   11   7    13   8    
4          3.702675182819587E-4   153.2222222222221      14         1    2    3    4    13   11   5    14   12   6    7    8    9    13   11   10   14   12   
2          1.8513375914097936E-4  149.35294117647035     14         11   1    2    3    14   13   12   4    5    11   6    7    8    14   13   12   9    10   
1          9.256687957048968E-5   147.5228758169933      15         1    13   14   15   2    3    4    5    6    7    13   14   15   8    9    10   11   12   
1          9.256687957048968E-5   146.3137254901959      13         9    1    2    3    12   10   4    13   11   9    5    6    7    12   10   8    13   11   
2          1.8513375914097936E-4  145.7320261437907      15         1    13   2    3    4    14   5    15   6    7    13   8    9    10   14   11   15   12   
2          1.8513375914097936E-4  143.18300653594758     13         9    1    2    12   13   3    10   4    11   9    5    6    12   13   7    10   8    11   
1          9.256687957048968E-5   141.36601307189537     13         9    10   1    12   13   11   2    3    4    9    10   5    12   13   11   6    7    8    
2          1.8513375914097936E-4  140.7777777777777      14         1    12   2    13   3    4    11   14   5    6    12   7    13   8    9    11   14   10   
2          1.8513375914097936E-4  138.56862745098022     16         1    2    3    16   4    5    6    7    15   8    9    10   16   11   12   13   14   15   
2          1.8513375914097936E-4  136.81699346405216     14         1    11   2    13   3    12   4    14   5    6    11   7    13   8    12   9    14   10   
1          9.256687957048968E-5   134.98039215686256     15         1    2    13   3    4    5    6    15   14   7    8    13   9    10   11   12   15   14   
3          2.7770063871146905E-4  133.91503267973837     14         1    2    12   3    4    5    11   14   13   6    7    12   8    9    10   11   14   13   
3          2.7770063871146905E-4  130.8366013071894      14         1    11   12   13   14   2    3    4    5    6    11   12   13   14   7    8    9    10   
3          2.7770063871146905E-4  128.28104575163385     13         9    11   12   1    2    3    10   13   4    9    11   12   5    6    7    10   13   8    
1          9.256687957048968E-5   125.24183006535938     17         1    2    3    4    17   5    6    7    8    9    10   11   12   17   13   14   15   16   
2          1.8513375914097936E-4  123.95424836601292     15         1    13   2    14   15   3    4    5    6    7    13   8    14   15   9    10   11   12   
1          9.256687957048968E-5   122.24183006535935     15         1    2    3    4    5    13   6    15   14   7    8    9    10   11   13   12   15   14   
3          2.7770063871146905E-4  121.18954248366002     13         1    2    3    11   12   10   9    13   4    5    6    7    11   12   10   9    13   8    
1          9.256687957048968E-5   118.26797385620908     15         1    14   2    3    4    15   13   5    6    7    14   8    9    10   15   13   11   12   
1          9.256687957048968E-5   117.3006535947711      14         11   12   1    14   2    13   3    4    5    11   12   6    14   7    13   8    9    10   
2          1.8513375914097936E-4  116.64052287581696     15         13   14   1    2    3    4    5    15   6    13   14   7    8    9    10   11   15   12   
3          2.7770063871146905E-4  114.4313725490195      13         9    11   1    2    12   3    10   13   4    9    11   5    6    12   7    10   13   8    
2          1.8513375914097936E-4  111.75163398692804     14         11   1    14   2    3    13   12   4    5    11   6    14   7    8    13   12   9    10   
4          3.702675182819587E-4   109.64052287581684     13         1    2    10   11   12   9    3    13   4    5    6    10   11   12   9    7    13   8    
1          9.256687957048968E-5   105.54248366013061     14         11   1    2    3    14   4    12   5    13   11   6    7    8    14   9    12   10   13   
1          9.256687957048968E-5   104.47712418300642     14         11   12   1    2    14   3    4    5    13   11   12   6    7    14   8    9    10   13   
1          9.256687957048968E-5   103.49673202614362     13         1    2    11   3    13   10   9    4    12   5    6    11   7    13   10   9    8    12   
1          9.256687957048968E-5   102.69281045751623     14         1    2    13   3    4    12   11   5    14   6    7    13   8    9    12   11   10   14   
4          3.702675182819587E-4   102.02614379084957     13         9    10   12   1    2    11   3    13   4    9    10   12   5    6    11   7    13   8    
2          1.8513375914097936E-4  97.96732026143786      14         11   12   13   14   1    2    3    4    5    11   12   13   14   6    7    8    9    10   
1          9.256687957048968E-5   95.84313725490188      15         1    2    3    15   4    13   5    6    14   7    8    9    15   10   13   11   12   14   
1          9.256687957048968E-5   95.22222222222219      16         15   1    2    3    4    5    16   6    7    15   8    9    10   11   12   16   13   14   
3          2.7770063871146905E-4  94.22222222222214      14         11   12   13   1    2    3    4    14   5    11   12   13   6    7    8    9    14   10   
2          1.8513375914097936E-4  91.16993464052278      15         1    2    14   15   3    13   4    5    6    7    8    14   15   9    13   10   11   12   
1          9.256687957048968E-5   89.32679738562082      15         13   1    2    3    4    5    6    15   14   13   7    8    9    10   11   12   15   14   
3          2.7770063871146905E-4  88.46405228758164      14         11   1    13   2    3    4    12   14   5    11   6    13   7    8    9    12   14   10   
2          1.8513375914097936E-4  85.41176470588225      15         1    2    13   3    14   4    5    15   6    7    8    13   9    14   10   11   15   12   
4          3.702675182819587E-4   83.39869281045746      14         11   1    2    14   3    13   12   4    5    11   6    7    14   8    13   12   9    10   
2          1.8513375914097936E-4  79.39869281045745      14         11   12   14   1    2    13   3    4    5    11   12   14   6    7    13   8    9    10   
1          9.256687957048968E-5   77.516339869281        14         1    11   13   2    3    12   4    14   5    6    11   13   7    8    12   9    14   10   
3          2.7770063871146905E-4  76.61437908496727      17         1    2    3    17   4    5    6    7    8    9    10   11   17   12   13   14   15   16   
1          9.256687957048968E-5   73.5228758169934       14         11   13   1    2    3    14   12   4    5    11   13   6    7    8    14   12   9    10   
2          1.8513375914097936E-4  72.57516339869275      14         1    2    3    13   14   4    11   5    12   6    7    8    13   14   9    11   10   12   
1          9.256687957048968E-5   70.6209150326797       15         1    13   15   2    3    14   4    5    6    7    13   15   8    9    14   10   11   12   
2          1.8513375914097936E-4  69.84313725490189      14         11   1    2    13   3    4    12   14   5    11   6    7    13   8    9    12   14   10   
1          9.256687957048968E-5   67.71241830065355      15         13   14   1    2    3    4    5    6    15   13   14   7    8    9    10   11   12   15   
3          2.7770063871146905E-4  66.7254901960784       13         1    2    11   12   13   10   9    3    4    5    6    11   12   13   10   9    7    8    
1          9.256687957048968E-5   64.06535947712415      15         1    2    14   3    4    5    13   15   6    7    8    14   9    10   11   13   15   12   
2          1.8513375914097936E-4  62.934640522875775     17         1    2    3    4    5    6    17   7    8    9    10   11   12   13   14   17   15   16   
1          9.256687957048968E-5   61.084967320261384     16         1    2    3    4    5    6    15   16   7    8    9    10   11   12   13   15   16   14   
1          9.256687957048968E-5   60.0849673202614       15         1    2    13   14   3    4    5    15   6    7    8    13   14   9    10   11   15   12   
2          1.8513375914097936E-4  58.99999999999995      14         11   12   1    2    14   13   3    4    5    11   12   6    7    14   13   8    9    10   
1          9.256687957048968E-5   57.07843137254898      14         11   1    13   2    14   3    12   4    5    11   6    13   7    14   8    12   9    10   
1          9.256687957048968E-5   56.03921568627448      15         1    13   2    3    4    14   5    6    15   7    13   8    9    10   14   11   12   15   
3          2.7770063871146905E-4  55.23529411764703      13         9    1    11   12   2    10   3    13   4    9    5    11   12   6    10   7    13   8    
2          1.8513375914097936E-4  52.40522875816991      13         9    1    2    3    12   4    10   13   11   9    5    6    7    12   8    10   13   11   
1          9.256687957048968E-5   50.30065359477122      15         13   1    14   2    15   3    4    5    6    13   7    14   8    15   9    10   11   12   
2          1.8513375914097936E-4  49.25490196078428      16         1    2    15   16   3    4    5    6    7    8    9    15   16   10   11   12   13   14   
3          2.7770063871146905E-4  47.52287581699345      15         1    13   2    3    4    5    6    15   14   7    13   8    9    10   11   12   15   14   
1          9.256687957048968E-5   44.366013071895416     17         1    17   2    3    4    5    6    7    8    9    17   10   11   12   13   14   15   16   
1          9.256687957048968E-5   43.21568627450978      11         6    7    8    10   1    2    3    11   9    6    7    8    10   4    7    5    11   9    
6          5.554012774229381E-4   42.35947712418298      9          2    4    5    7    8    4    3    9    6    2    1    5    7    8    4    3    9    6    
1          9.256687957048968E-5   36.385620915032675     10         4    5    6    8    9    5    1    10   7    4    2    6    8    9    5    3    10   7    
1          9.256687957048968E-5   35.59477124183006      11         1    6    7    9    10   6    5    11   8    2    3    7    9    10   4    5    11   8    
1          9.256687957048968E-5   34.58169934640523      12         7    9    10   12   1    2    8    3    11   7    4    10   12   5    9    8    6    11   
1          9.256687957048968E-5   33.431372549019606     10         1    5    6    8    9    5    4    10   7    2    3    6    8    9    5    4    10   7    
1          9.256687957048968E-5   33.071895424836605     16         1    2    15   3    4    5    6    16   7    8    9    15   10   11   12   13   16   14   
2          1.8513375914097936E-4  31.607843137254907     10         1    5    6    8    9    2    4    10   7    3    5    6    8    9    5    4    10   7    
1          9.256687957048968E-5   29.660130718954253     10         4    5    6    8    9    1    2    10   7    4    5    6    8    9    5    3    10   7    
1          9.256687957048968E-5   28.921568627450984     11         5    1    8    2    10   3    6    11   9    5    7    8    4    10   7    6    11   9    
1          9.256687957048968E-5   28.267973856209153     16         15   1    2    3    4    16   5    6    7    15   8    9    10   11   16   12   13   14   
1          9.256687957048968E-5   27.228758169934643     14         1    11   2    12   13   3    4    14   5    6    11   7    12   13   8    9    14   10   
2          1.8513375914097936E-4  26.267973856209153     16         1    15   16   2    3    4    5    6    7    8    15   16   9    10   11   12   13   14   
1          9.256687957048968E-5   24.307189542483663     14         11   1    12   2    13   3    4    14   5    11   6    12   7    13   8    9    14   10   
3          2.7770063871146905E-4  23.3202614379085       13         9    1    2    3    13   11   10   4    12   9    5    6    7    13   11   10   8    12   
1          9.256687957048968E-5   20.35947712418301      15         13   1    2    15   3    14   4    5    6    13   7    8    15   9    14   10   11   12   
2          1.8513375914097936E-4  19.568627450980394     14         11   12   1    2    3    13   4    14   5    11   12   6    7    8    13   9    14   10   
1          9.256687957048968E-5   17.490196078431374     13         9    10   1    12   2    11   3    13   4    9    10   5    12   6    11   7    13   8    
1          9.256687957048968E-5   16.562091503267975     14         11   1    2    3    13   4    12   14   5    11   6    7    8    13   9    12   14   10   
1          9.256687957048968E-5   15.562091503267975     15         13   1    14   2    3    4    5    15   6    13   7    14   8    9    10   11   15   12   
1          9.256687957048968E-5   14.692810457516341     15         1    14   2    3    4    5    13   15   6    7    14   8    9    10   11   13   15   12   
1          9.256687957048968E-5   13.562091503267975     14         11   12   13   1    14   2    3    4    5    11   12   13   6    14   7    8    9    10   
1          9.256687957048968E-5   12.666666666666668     14         1    2    12   3    4    11   5    14   13   6    7    12   8    9    11   10   14   13   
1          9.256687957048968E-5   11.718954248366014     14         1    2    3    4    5    12   11   14   13   6    7    8    9    10   12   11   14   13   
1          9.256687957048968E-5   10.745098039215687     16         1    2    3    4    5    6    7    16   15   8    9    10   11   12   13   14   16   15   
1          9.256687957048968E-5   9.784313725490197      14         1    12   2    3    4    13   11   14   5    6    12   7    8    9    13   11   14   10   
1          9.256687957048968E-5   8.764705882352942      13         1    9    11   2    12   10   3    13   4    5    9    11   6    12   10   7    13   8    
1          9.256687957048968E-5   7.803921568627452      13         1    10   2    3    12   11   9    13   4    5    10   6    7    12   11   9    13   8    
1          9.256687957048968E-5   6.777777777777779      15         13   1    2    14   15   3    4    5    6    13   7    8    14   15   9    10   11   12   
1          9.256687957048968E-5   5.816993464052288      15         1    13   2    15   3    14   4    5    6    7    13   8    15   9    14   10   11   12   
1          9.256687957048968E-5   4.882352941176471      15         1    2    3    4    15   5    13   6    14   7    8    9    10   15   11   13   12   14   
1          9.256687957048968E-5   3.9215686274509807     15         1    13   14   2    3    4    5    15   6    7    13   14   8    9    10   11   15   12   
1          9.256687957048968E-5   2.9346405228758172     12         8    9    1    2    11   3    4    12   10   8    9    5    6    11   9    7    12   10   
2          1.8513375914097936E-4  2.0                    14         1    12   2    3    4    5    11   14   13   6    12   7    8    9    10   11   14   13   

