count      fraction               similarity             nclusters  e1--0 d1--0 z1--0 y1--0 x1--0 d2--0 e2--0 x2--0 z2--0 e1--1 d1--1 z1--1 y1--1 x1--1 d2--1 e2--1 x2--1 z2--1 
6531       0.6045542904748681     10692.928104575249     9          1    3    5    7    8    4    2    9    6    1    3    5    7    8    4    2    9    6    
105        0.009719522354901417   4136.137254902217      10         3    5    7    9    10   6    4    1    8    3    5    7    9    10   6    4    2    8    
475        0.0439692677959826     3979.88235294142       8          1    3    5    7    8    4    2    8    6    1    3    5    7    8    4    2    8    6    
177        0.016384337683976673   3574.483660130891      10         3    5    7    9    1    6    4    10   8    3    5    7    9    2    6    4    10   8    
271        0.025085624363602704   3401.771241830208      10         3    4    6    8    9    5    1    10   7    3    4    6    8    9    5    2    10   7    
13         0.0012033694344163659  3106.915032679776      11         5    6    8    10   1    7    2    11   9    5    6    8    10   3    7    4    11   9    
4          3.702675182819587E-4   3101.41176470579       9          2    3    5    7    8    4    1    9    6    2    3    5    7    8    4    2    9    6    
22         0.002036471350550773   3068.130718954312      9          3    4    6    7    8    5    1    9    6    3    4    6    7    8    5    2    9    6    
624        0.05776173285198556    3065.4836601308143     8          1    3    5    6    7    4    2    8    5    1    3    5    6    7    4    2    8    5    
143        0.013237063778580024   2432.973856209171      10         3    5    6    8    9    1    4    10   7    3    5    6    8    9    2    4    10   7    
58         0.005368879015088401   2332.941176470648      7          1    3    5    6    7    4    2    7    5    1    3    5    6    7    4    2    7    5    
43         0.003980375821531056   2289.6470588235316     10         3    5    1    8    9    6    4    10   7    3    5    2    8    9    6    4    10   7    
3          2.7770063871146905E-4  2256.8692810457055     8          3    4    6    7    8    5    1    8    6    3    4    6    7    8    5    2    8    6    
303        0.028047764509858374   2214.0980392156907     8          1    2    4    6    7    3    1    8    5    1    2    4    6    7    3    1    8    5    
1109       0.10265666944367305    1992.9084967320437     8          1    3    4    6    7    3    2    8    5    1    3    4    6    7    3    2    8    5    
140        0.012959363139868556   858.6470588235262      7          1    3    4    5    6    3    2    7    4    1    3    4    5    6    3    2    7    4    
73         0.006757382208645747   741.7647058823519      7          1    2    3    5    6    2    1    7    4    1    2    3    5    6    2    1    7    4    
14         0.0012959363139868555  656.9477124183021      9          3    5    7    8    1    6    4    9    7    3    5    7    8    2    6    4    9    7    
41         0.003795242062390077   637.4444444444463      10         3    1    6    8    9    5    4    10   7    3    2    6    8    9    5    4    10   7    
24         0.0022216051096917524  573.7058823529392      7          1    2    4    6    7    3    1    7    5    1    2    4    6    7    3    1    7    5    
1          9.256687957048968E-5   566.3464052287553      11         7    8    9    10   1    2    3    11   9    7    8    9    10   4    5    6    11   9    
1          9.256687957048968E-5   562.1568627450972      8          3    5    6    7    1    5    4    8    6    3    5    6    7    2    5    4    8    6    
48         0.004443210219383505   553.6209150326796      9          3    4    5    7    8    4    1    9    6    3    4    5    7    8    4    2    9    6    
1          9.256687957048968E-5   546.3267973856217      10         5    6    8    9    1    7    2    10   8    5    6    8    9    3    7    4    10   8    
32         0.0029621401462556697  538.8627450980389      7          1    2    4    5    6    3    1    7    4    1    2    4    5    6    3    1    7    4    
14         0.0012959363139868555  538.098039215684       6          1    3    4    5    6    3    2    6    4    1    3    4    5    6    3    2    6    4    
29         0.0026844395075442005  505.6862745098036      9          3    5    6    8    1    5    4    9    7    3    5    6    8    2    5    4    9    7    
115        0.010645191150606314   478.22875816993485     7          1    3    4    6    7    3    2    7    5    1    3    4    6    7    3    2    7    5    
56         0.005183745255947422   364.3529411764696      10         1    4    6    8    9    5    3    10   7    2    4    6    8    9    5    3    10   7    
1          9.256687957048968E-5   361.5098039215668      12         7    9    10   12   1    2    8    3    11   7    9    10   12   4    5    8    6    11   
12         0.0011108025548458762  361.4836601307182      9          3    4    6    8    9    5    1    9    7    3    4    6    8    9    5    2    9    7    
3          2.7770063871146905E-4  305.1045751633976      9          2    3    5    7    8    4    2    9    6    2    3    5    7    8    4    1    9    6    
6          5.554012774229381E-4   303.2418300653597      11         5    6    8    10   11   7    1    2    9    5    6    8    10   11   7    3    4    9    
1          9.256687957048968E-5   302.424836601306       8          2    3    4    6    7    3    1    8    5    2    3    4    6    7    3    2    8    5    
7          6.479681569934278E-4   293.9346405228752      9          3    4    6    8    9    5    3    1    7    3    4    6    8    9    5    3    2    7    
8          7.405350365639174E-4   279.14379084967277     9          3    5    6    8    9    1    4    9    7    3    5    6    8    9    2    4    9    7    
5          4.628343978524484E-4   269.93464052287567     11         5    1    7    9    10   6    2    11   8    5    3    7    9    10   6    4    11   8    
25         0.002314171989262242   266.56862745098        10         3    5    7    1    9    6    4    10   8    3    5    7    2    9    6    4    10   8    
14         0.0012959363139868555  241.2875816993463      6          1    2    3    5    6    2    1    6    4    1    2    3    5    6    2    1    6    4    
11         0.0010182356752753865  232.22222222222183     10         3    5    7    8    9    6    4    10   1    3    5    7    8    9    6    4    10   2    
3          2.7770063871146905E-4  228.11764705882314     10         1    6    7    9    10   2    5    10   8    3    6    7    9    10   4    5    10   8    
2          1.8513375914097936E-4  220.42483660130725     11         5    7    9    1    2    8    6    11   10   5    7    9    3    4    8    6    11   10   
12         0.0011108025548458762  217.2745098039213      9          3    5    6    7    8    1    4    9    6    3    5    6    7    8    2    4    9    6    
7          6.479681569934278E-4   196.58169934640497     9          3    5    7    8    9    6    4    1    7    3    5    7    8    9    6    4    2    7    
11         0.0010182356752753865  192.44444444444392     9          1    4    5    7    8    4    3    9    6    2    4    5    7    8    4    3    9    6    
9          8.331019161344071E-4   191.61437908496686     6          1    2    3    4    5    2    1    6    3    1    2    3    4    5    2    1    6    3    
7          6.479681569934278E-4   183.11111111111092     6          1    2    4    5    6    3    1    6    4    1    2    4    5    6    3    1    6    4    
6          5.554012774229381E-4   177.41176470588218     11         5    6    7    9    10   1    2    11   8    5    6    7    9    10   3    4    11   8    
3          2.7770063871146905E-4  177.22222222222197     9          3    1    6    7    8    5    4    9    6    3    2    6    7    8    5    4    9    6    
2          1.8513375914097936E-4  171.6209150326794      8          3    4    5    6    7    1    3    8    5    3    4    5    6    7    2    3    8    5    
4          3.702675182819587E-4   171.05882352941174     11         1    5    7    9    10   6    2    11   8    3    5    7    9    10   6    4    11   8    
5          4.628343978524484E-4   164.67973856209125     9          1    4    6    7    8    5    3    9    6    2    4    6    7    8    5    3    9    6    
23         0.0021290382301212625  163.52287581699335     9          2    4    5    7    8    1    3    9    6    2    4    5    7    8    4    3    9    6    
9          8.331019161344071E-4   140.10457516339858     9          3    5    1    7    8    5    4    9    6    3    5    2    7    8    5    4    9    6    
4          3.702675182819587E-4   129.50980392156853     9          3    5    7    1    8    6    4    9    7    3    5    7    2    8    6    4    9    7    
2          1.8513375914097936E-4  125.90849673202607     11         5    1    8    10   2    7    6    11   9    5    3    8    10   4    7    6    11   9    
1          9.256687957048968E-5   123.9215686274509      8          3    5    6    1    7    5    4    8    6    3    5    6    2    7    5    4    8    6    
8          7.405350365639174E-4   122.37254901960779     9          3    4    6    8    1    5    3    9    7    3    4    6    8    2    5    3    9    7    
14         0.0012959363139868555  116.47712418300647     9          3    5    6    8    9    5    4    1    7    3    5    6    8    9    5    4    2    7    
1          9.256687957048968E-5   115.8496732026143      8          3    5    7    1    8    6    4    8    7    3    5    7    2    8    6    4    8    7    
3          2.7770063871146905E-4  99.6666666666666       8          3    4    5    7    1    4    3    8    6    3    4    5    7    2    4    3    8    6    
1          9.256687957048968E-5   95.751633986928        12         7    8    1    11   2    9    3    12   10   7    8    4    11   5    9    6    12   10   
4          3.702675182819587E-4   95.13071895424831      8          3    4    5    7    8    4    1    8    6    3    4    5    7    8    4    2    8    6    
4          3.702675182819587E-4   93.42483660130709      11         5    1    8    10   11   7    6    2    9    5    3    8    10   11   7    6    4    9    
2          1.8513375914097936E-4  93.33333333333321      10         1    5    7    9    10   6    2    10   8    3    5    7    9    10   6    4    10   8    
3          2.7770063871146905E-4  86.52287581699339      8          3    4    5    6    7    4    1    8    5    3    4    5    6    7    4    2    8    5    
2          1.8513375914097936E-4  85.18954248366008      9          1    4    6    8    9    5    3    9    7    2    4    6    8    9    5    3    9    7    
3          2.7770063871146905E-4  84.65359477124176      11         5    6    8    1    10   7    2    11   9    5    6    8    3    10   7    4    11   9    
3          2.7770063871146905E-4  78.97385620915027      8          3    5    6    7    8    5    4    1    6    3    5    6    7    8    5    4    2    6    
4          3.702675182819587E-4   78.21568627450978      11         5    7    8    10   11   1    6    2    9    5    7    8    10   11   3    6    4    9    
1          9.256687957048968E-5   74.53594771241823      11         7    8    1    2    10   3    7    11   9    7    8    4    5    10   6    7    11   9    
5          4.628343978524484E-4   74.16339869281038      11         5    7    9    11   1    8    6    2    10   5    7    9    11   3    8    6    4    10   
5          4.628343978524484E-4   68.95424836601302      9          3    5    6    1    8    5    4    9    7    3    5    6    2    8    5    4    9    7    
3          2.7770063871146905E-4  62.529411764705856     8          2    3    4    6    7    1    2    8    5    2    3    4    6    7    3    2    8    5    
2          1.8513375914097936E-4  61.4117647058823       10         4    6    7    9    1    2    5    10   8    4    6    7    9    3    6    5    10   8    
3          2.7770063871146905E-4  59.79084967320256      11         5    7    8    10   1    2    6    11   9    5    7    8    10   3    4    6    11   9    
1          9.256687957048968E-5   55.908496732026094     11         5    1    7    9    10   2    6    11   8    5    3    7    9    10   4    6    11   8    
1          9.256687957048968E-5   55.20261437908491      10         5    7    8    10   1    7    6    2    9    5    7    8    10   3    7    6    4    9    
1          9.256687957048968E-5   53.84967320261433      10         1    2    7    8    9    6    5    10   7    3    4    7    8    9    6    5    10   7    
1          9.256687957048968E-5   52.993464052287564     9          3    5    7    1    9    6    4    9    8    3    5    7    2    9    6    4    9    8    
5          4.628343978524484E-4   52.88888888888884      11         1    6    8    10   2    7    5    11   9    3    6    8    10   4    7    5    11   9    
1          9.256687957048968E-5   46.92810457516337      11         5    7    1    10   2    8    6    11   9    5    7    3    10   4    8    6    11   9    
1          9.256687957048968E-5   46.62745098039212      10         5    7    1    9    10   7    6    2    8    5    7    3    9    10   7    6    4    8    
1          9.256687957048968E-5   45.026143790849666     12         1    2    8    10   11   3    7    12   9    4    5    8    10   11   6    7    12   9    
1          9.256687957048968E-5   44.3660130718954       10         5    1    7    9    2    6    5    10   8    5    3    7    9    4    6    5    10   8    
2          1.8513375914097936E-4  43.46405228758169      9          3    4    6    1    8    5    3    9    7    3    4    6    2    8    5    3    9    7    
2          1.8513375914097936E-4  41.69934640522875      9          3    1    6    8    9    5    4    9    7    3    2    6    8    9    5    4    9    7    
1          9.256687957048968E-5   39.41176470588234      9          1    5    6    7    8    5    2    9    6    3    5    6    7    8    5    4    9    6    
1          9.256687957048968E-5   39.37254901960784      9          2    1    5    7    8    4    3    9    6    2    4    5    7    8    4    3    9    6    
1          9.256687957048968E-5   37.78431372549019      9          3    4    6    7    8    5    3    9    1    3    4    6    7    8    5    3    9    2    
1          9.256687957048968E-5   35.50326797385621      9          3    5    6    7    8    5    4    9    1    3    5    6    7    8    5    4    9    2    
2          1.8513375914097936E-4  34.63398692810457      11         5    6    1    9    10   7    2    11   8    5    6    3    9    10   7    4    11   8    
2          1.8513375914097936E-4  33.47712418300654      8          3    4    6    7    8    5    3    1    6    3    4    6    7    8    5    3    2    6    
1          9.256687957048968E-5   32.490196078431374     10         5    6    7    8    9    6    1    10   2    5    6    7    8    9    6    3    10   4    
2          1.8513375914097936E-4  31.50326797385621      10         5    6    7    9    1    6    2    10   8    5    6    7    9    3    6    4    10   8    
1          9.256687957048968E-5   29.777777777777782     11         5    1    8    2    10   7    6    11   9    5    3    8    4    10   7    6    11   9    
2          1.8513375914097936E-4  28.921568627450984     11         1    6    7    9    10   2    5    11   8    3    6    7    9    10   4    5    11   8    
2          1.8513375914097936E-4  26.490196078431378     9          3    4    5    7    8    1    3    9    6    3    4    5    7    8    2    3    9    6    
2          1.8513375914097936E-4  24.633986928104576     9          3    5    7    8    9    6    4    9    1    3    5    7    8    9    6    4    9    2    
1          9.256687957048968E-5   22.686274509803923     10         5    7    8    1    9    2    6    10   8    5    7    8    3    9    4    6    10   8    
1          9.256687957048968E-5   21.908496732026148     13         9    10   1    12   2    3    4    13   11   9    10   5    12   6    7    8    13   11   
1          9.256687957048968E-5   21.05228758169935      11         5    7    1    10   11   8    6    2    9    5    7    3    10   11   8    6    4    9    
1          9.256687957048968E-5   20.248366013071898     10         1    5    6    8    9    5    4    10   7    2    3    6    8    9    5    4    10   7    
4          3.702675182819587E-4   19.35294117647059      9          2    4    5    7    8    4    3    9    6    2    1    5    7    8    4    3    9    6    
1          9.256687957048968E-5   15.078431372549021     10         5    6    7    9    10   1    2    10   8    5    3    7    9    10   6    4    10   8    
1          9.256687957048968E-5   14.19607843137255      10         5    1    7    8    9    2    6    10   7    5    3    7    8    9    4    6    10   7    
2          1.8513375914097936E-4  13.392156862745098     8          2    3    4    6    7    3    2    8    5    2    3    4    6    7    3    1    8    5    
1          9.256687957048968E-5   11.313725490196079     10         1    6    8    9    10   7    5    2    8    3    6    8    9    10   7    5    4    8    
6          5.554012774229381E-4   10.725490196078432     9          2    4    5    7    8    4    3    9    6    2    4    5    7    8    1    3    9    6    
1          9.256687957048968E-5   4.705882352941177      9          5    1    7    8    9    6    2    9    7    5    3    7    8    9    6    4    9    7    
1          9.256687957048968E-5   3.81045751633987       8          1    4    5    6    7    4    3    8    5    2    4    5    6    7    4    3    8    5    
1          9.256687957048968E-5   2.8954248366013076     10         5    6    7    9    10   6    1    2    8    5    6    7    9    10   6    3    4    8    
1          9.256687957048968E-5   1.973856209150327      8          3    5    1    7    8    5    4    8    6    3    5    2    7    8    5    4    8    6    
1          9.256687957048968E-5   1.0                    8          2    4    5    7    8    1    3    8    6    2    4    5    7    8    4    3    8    6    

